1435859204
1504187450
1701726336
1476204148
810778313
971380681
1260438348
1721402743
1546563931
1404839589
1762650278
1442339547
1678808525
1680535758
1701153837
1728823402
1550981305
1586215582
1770942066
1660661994
1179674392
1265003968
1580660725
685841105
1681230318
1680181848
659109533
1723536472
668849154
1770602067
1428130758
1769214081
1276284204
1497712094
1746441289
888881112
1231767082
1699455624
1482667073
1122165759
1487661245
1645729097
1032742666
1474229637
1689282540
1764261734
833123124
1686887772
1724199963
1399424876
1463190689
1126394614
1549241116
1784092929
1764121352
1572196074
1577063941
1726791232
952488884
1775320661
1647672899
1579268863
1398620748
1229578454
1711822637
1023099765
1736435238
1469615649
1198668403
1346783942
1523133485
1598620242
1561974947
1685181620
1669664326
1302483596
1699886859
1718449316
1431926881
1666230425
1774131638
1754893082
1461998730
1448807242
814267646
1741524815
1736084449
1189955105
1424075106
1300689865
1591990775
1041349461
1698151315
1166644634
986063700
820448573
1504189148
768990545
1239626796
236206955
1211193888
1170040380
1568776341
1551595217
1543561550
1176474694
1599558934
1526553650
1096532449
1497783268
1791093081
1594536209
1749771248
1160803958
1496912942
1694343817
1229242517
1415267726
1442143198
1696850894
1499113538
1704889774
1764923617
907082539
1600432216
1533256888
1666647205
1697447729
743018331
1776167537
1396819528
1496344969
1479578598
1726777305
1010617854
1791442903
1261103882
1546287970
1583034686
1281829560
799859566
1772604954
1716273002
961556990
1781910141
1312367178
1243994965
1407619608
1696566276
1051696276
1738455386
1689785525
1623195659
1689043523
1519462965
1329223273
1456102374
1282903715
1310361976
1322441743
1657443898
1713282379
1470531705
1508071911
843307191
723754768
959915896
1458000856
1464836332
1269548949
1409774160
1585111341
1646669589
1283566336
833988710
1713607537
1462741577
1254677663
1728835116
969098537
1741788521
1681236549
1396647294
1588949484
1544913314
1763399117
1582540921
1665940427
1663362021
729802762
1177118668
1188439403
1218092427
1527506894
1704050408
1569345202
1337723257
899011086
1035684640
1230429924
1230540681
946317410
1694053361
1358373067
965245133
1755011016
1576210165
1400536287
1672719159
1686671774
1735845738
1718738477
1722241723
1577500337
1199028766
1591970614
1566832748
1255682339
1599918803
1276276994
1654623126
1764075610
1394483206
1707405035
646298272
946576114
1644333119
1693419784
1332868475
1212183573
1716504463
1785988891
680780505
1721486813
1258953675
1719920295
1415353619
1637561288
1713236254
1589316812
1742634218
1514720850
1683985078
1702526441
1469258044
1735999576
1730419849
1556154009
919817359
778779894
1677438221
1665461827
1763985747
1744036501
1430082371
1755139893
1350277034
1702998474
1654801275
1707790618
1452673898
1695890401
855376120
1268028582
1242393603
1154618785
1529436130
1790575297
1198449836
1328133328
904871011
1461141312
1283531207
1198733591
1258783712
1541860138
1256190920
1761054832
1229459302
69256516
1659652369
1663635868
1702044778
1493891180
953019050
1691569906
1732235402
1483652194
1497051863
936596195
1275461109
1668538498
1606142236
1421328262
1490634625
942350647
847020844
1517110079
1316408977
1204921986
1661493696
1208686508
1727727947
1701816172
1337456190
1620147333
1769912008
1435415677
1067258148
1776212137
813665110
1669759979
1722932984
1705147784
1653567627
1440315692
1720701519
1443423561
1497050711
1267762151
1738352157
1721193947
893443991
1515505710
1700377383
1783048343
1700945504
1319014541
1779534591
1667913927
1643999997
1676729618
1469019192
738883527
1581584642
1266645924
1383044975
1655147464
1696695679
1747475893
1611300669
1742641210
1572174117
1714448112
1517778013
1576039220
1292628671
1194145507
1711642096
1731434995
1242026711
1732355519
933165283
1445766995
1608881311
1745262826
1664244073
753035520
1665433352
1506538643
1684748023
1285606542
1278582920
1582698693
1592063716
1527992105
1671133340
1580202997
1618803987
1666692952
1644429379
1663989573
1439691936
1660328291
1468867049
745089582
1506401068
1753264947
1704578639
1644940559
1743596711
1767600982
1381200094
560505102
1426525348
1327094139
1361401026
1504867927
538748614
858492254
1754595057
1255630767
1720424388
1422880943
776434595
1773528143
1290292299
1579292127
1679182967
1765016150
1709859932
1708597432
923376124
1277948217
1079407725
1732578105
1601231135
1595977499
948987504
1703150193
1735537048
1045734324
1104304246
1455882544
216819800
1592010942
1126563955
1219634996
1501484461
1692224612
1665471259
1021299627
1131541421
1665473171
1588132355
1042928434
1615160016
1691102978
1727885281
1504421627
924678694
1707885999
661078363
1482462246
1195992455
1483330288
1534744426
1435707828
1552762926
1740289224
1669212286
1453315359
1728148409
841337825
1437522118
1671131468
1561326576
1174657223
794360830
1171905227
1268024336
1469439018
1731331519
1357697685
1143913419
1723501016
1547417698
1723369510
1523476339
1170348420
1250732016
1144036266
1414374041
1745522264
1073326864
793838557
808658891
1761500039
1476019125
1729068270
1674827145
1532297307
1510845478
647586492
1759532169
1593404957
1104163524
1597520678
1762602521
1071639425
1302566393
1678273493
1305501131
1537959712
1506849532
1658732933
1684452754
1413144407
972630770
1496105603
1706102252
1227590232
1645829371
1015653845
1650088206
1508180422
1763824953
1582270482
1783003305
1063208001
727299881
1418240886
1584734585
1542557706
1663945450
1307416535
699895745
1600376681
1690564697
1691102263
950535252
1707497658
1171877801
1231844585
1082186087
1786297665
1656922901
1675402721
958391703
1722378934
857221034
1010401889
1725459064
1342368335
1767311498
1776166602
741877650
660187171
205019235
1724539686
1724782936
1759000514
1140021532
1375394031
1776478590
1448325522
1792713671
1149555235
1241933720
1718317951
1638433599
1656628766
1523357589
232450118
1460440853
1328462971
1530712576
1669215242
1230551204
1593781126
1469584260
1029364973
1560345098
1663890175
1395020319
120646944
1786295493
1650322042
1511778743
1351268963
1780439273
1451606415
1570502603
1024718667
929281107
1386095889
694959644
1658685428
1233889473
1162214077
1057709394
1436557783
728519779
1693069514
857165133
1765137499
1595480127
1284414657
1407422483
1479206956
1344355739
1608680838
883868733
1147010554
1725563258
1701829075
1592430125
1729211485
1735907901
1460998748
1754478697
1430277490
973881325
1650740582
1746781047
942869028
1510978169
1274241426
1725650228
1189640499
1709340838
719416665
1051919971
1158093703
1745298672
1775393154
1260823706
1164604797
1591392644
1319160493
1706647886
1794997225
1738551362
1425252395
1168878771
1176155653
1298825916
1467376308
1617439874
1566737374
1684159560
1669352096
1465529443
1704864133
1668001438
1729187291
1400327394
1548459447
1604096896
1661538557
1754864248
904489258
1002023180
1558507160
1386116220
1380809170
1637456056
1725499822
1690384280
1415399940
787812407
608199654
1728893548
1502675599
1536316058
1000788005
1668094391
1120399724
1507208356
1785405413
1778607817
1064085682
1581374392
1261482127
1752053084
1107164901
873511167
1327992192
1737471142
925180003
1742119718
977079498
1776409084
1506849412
1649712767
1258644299
1049123221
1450200338
1512527513
1641116757
1612182483
1734532412
1676679898
1688045111
1742493475
646336684
1736186312
1657076414
1451253656
1046177953
1323394180
1735662508
1083182920
1168750559
1119375152
905336473
1409667785
1128619277
1261599062
1676404941
1139804303
1747218143
1642788654
1694921366
1629832351
1004262719
1759566879
795982302
1641286854
871205864
1172272735
1651757391
1749341296
1703433673
1752157709
1767147343
1715748728
1597250183
1483214979
1709328982
1726683907
1530321224
1290053688
1701226080
1464411225
1663108303
1708210857
1377514700
1730973640
1457353969
1222564268
1588014815
1040709738
622266640
1756762334
1788687579
789247132
1300853564
1555851321
1716472358
1409525769
1035091297
1698923910
1765183682
1457335017
1713716968
1384734797
1755897836
1426412073
1565064117
1522153575
1699691999
1567909314
825406556
1564057500
744289748
1113859751
1515124337
1731080485
1490500183
1441864320
989108688
1632926775
1423528505
1206753807
1247534976
1108195441
1712128328
1137056852
1716027719
659915797
1131415413
1769096969
1294902443
1749477846
1717561528
1600413666
1290920118
1444316970
1682932866
1616008436
1646796209
1754158008
1701741696
1385636649
1695820364
812955783
1245920844
1543509524
1744625882
1070203633
1752993406
1159079963
1678344638
1702289203
1092028146
1478205880
1687044751
1524257523
1421060325
1486401722
986153604
1466612920
1773164953
1409507212
1115612877
1380315566
1526340729
1176460410
1476416105
1694805281
1292787671
1700156455
1778102448
1358837077
1424938446
1548285478
1721746593
917290353
1669948492
932543176
1631304487
1426642970
1458773978
1691669016
1310589495
933283509
1669516465
1752050907
1312417366
743610179
1310528430
1444404891
1608997176
1685002786
1578155207
1286482189
868689642
947820965
765576285
1497575093
1483510592
1744985110
1273047803
1390099287
1649880646
1720873256
1758117472
1397955297
1719814375
1714679207
1258506682
1377663369
1505276632
1450698332
1748125431
1431122456
1337360548
1796492529
991044029
1445263194
1193519349
1577169846
1363313294
866876682
1729252480
1512561564
936604919
1721403768
1453413131
1027523694
1019826177
1569557502
660130957
1456370363
1495739084
1581351363
1496965568
1670306513
1745961451
1690290555
1687720636
1359799573
1396560252
1111727018
907839246
1724406410
1597726385
851852069
1039387784
1771645559
775154334
982080748
1722839960
1374249786
810331101
1513964893
1688649431
708344160
777398218
1547043290
1692375491
1565764550
1738944291
1454173977
1290195351
1749774626
768680478
1544320334
1393906676
1751002483
1774107146
1153893041
1341773326
811423275
1773141547
1497189874
1756310897
1522156121
1336325263
1773877346
1340729749
1516196843
1728200443
1717466543
1495984473
1493523271
941871512
1289651885
1613570128
1613071127
1332242216
1658913532
1057899017
1578370448
1698096850
1751467078
1138059174
1754236534
1680012122
1497877727
1338477137
1030685441
1099540684
905510683
1674765824
1172378548
1702375375
1686054888
1676420429
1437141675
1374050692
1575073054
1559171631
1768319718
1510806150
1170676100
1714811250
1667623181
1248592206
1205765217
1506513262
1777173123
1740203636
1472951231
1578246907
1428700718
928546921
1078985028
1779566949
1496264293
1701129496
751696358
1710494407
1748398138
1654626691
1757513432
1718933088
1140566222
1285289159
1704886665
1511646651
1199175432
1581577140
1485874397
1677739555
1512172690
1323962728
1782088348
1591559687
984485396
1035862044
1244954780
493192505
1742509756
1653688810
1773034064
1552061371
1779267265
1153946148
1233868451
1673168427
1766973887
1415373785
1725181200
1498371772
1064093377
1701085997
1656999566
898810791
1755041940
1301264753
763866423
1377539436
1579318291
1555036800
755848710
1626463695
1502814178
1647305670
1425071528
1544679596
1175993298
1572417838
890780657
1738359834
1595495968
1665929657
1128263403
1577527564
1637298994
895996436
1470377905
1790765089
1749233965
1764169795
1712907204
1114483021
1054415831
1463516696
1119452957
1676028290
1554725497
1764086735
583727547
1738175103
1742619044
1253627514
1585135495
1099702351
879077834
1018240610
1723776671
1728173653
578158263
1445262209
795220051
1081911987
1756895622
1296419282
706478035
1742870931
1525641130
1159872985
1002026750
1419034732
1499501520
761587950
1730937416
1706702131
1656441636
1701311989
1748570708
1756893470
1353439099
1186569398
1446322612
1690898497
1789510129
1269621788
1561323291
1170412539
1370831363
1651176074
1687186691
1706670041
1712122711
1744877227
1716549344
1292886905
1688127147
625235365
1420345624
1014007864
1690687174
1728015016
1548135273
1435578561
1560094982
976197425
1769183944
1361367448
1580132586
1410073878
744928476
1613621986
945149147
1576634236
1463239545
1323102623
1240704892
1038020716
1716148540
1776019323
1154250834
1560402527
1678806743
1462870672
1244954778
1524608927
1423138753
1189530254
1651050486
1084544570
1760650479
1711390951
1751661276
1577353990
766114220
1395179780
1092099575
1759688586
1513280217
1113187369
1121478279
1753674838
1012580061
1233058351
1652309472
1522111003
565797027
1607846703
1346543669
1532214938
1528876137
1705008327
1079514505
1502203818
1714772762
1784084867
1610687080
1445281427
1180588637
697204542
1135654752
1644337666
1232964012
1710034020
1764883823
1104497386
1338277277
1551544104
1018842975
1754096972
1102094579
57302320
1680071630
1613857445
747569661
1256605207
1642586468
1052483310
1427008178
1795041101
1259074755
1517714071
1647188228
1691108549
1766784236
1472256249
1600635524
1751925958
1463712807
1588492932
1734509963
1128405249
1226086268
1332993711
1339524522
1520227284
1679633738
1372185718
1794942611
1764706002
1744535235
1601863523
1735580360
1688720982
1597212363
1119180200
874067656
1739102523
1625792025
1630722794
1529389388
1782087392
1396282397
1552179583
1309272392
961977772
1050755798
1711267588
1786643403
1714943972
1744962471
1780562174
1002496558
1564404581
782138139
278751160
1685633281
1262405521
1766241728
1492272955
1622349588
1680272315
556824768
483826036
1023191153
1340505320
1730548553
1685296444
1037952522
1741288273
1466211795
949720694
1196130229
1082165210
166023740
1482790214
1578237594
1732396297
1583228081
1795023147
1769786186
1782240771
1143873789
991312912
1736343648
1529138845
1005967993
1566329513
822726142
1335993197
1689166878
1739373882
1517915175
1383976709
1781519375
1698293573
1162343580
1530398844
1374185444
1570584055
1492441475
755245300
1409558637
1293615185
1456555141
1565495399
1710272600
1236574482
1498411275
1721570462
1550243379
879921225
1049393500
1780383480
1780477318
1578846554
1567196992
1018103249
1694821728
1206967473
1751489094
1669335628
1595580963
1655811613
1106210515
1706127045
1700170833
1468114572
1612253483
1751913362
1558790558
1438669028
1671004711
642574513
236200055
1519654979
803095331
1675636342
1676728346
1694455246
1466484875
1768984826
1102698086
1723053543
1656576334
1388012049
1674930221
903251515
1477937674
1725383650
1710432401
1782061896
1418812223
970578004
1525927125
1016918275
1777272755
943951395
1305274628
1404287739
1371515721
1585556598
1552480877
1299222349
886727187
1464688953
1169826588
1558962644
631580561
1676433112
1569151054
1774429452
1617047828
1561802969
1390779569
1621566439
1667951555
803433397
1261880571
1690233995
1458424373
1394750876
1497028923
1663583042
1157194922
1568762826
1417726214
1580991021
1045767200
1530415117
1546740943
244741877
775466983
1705446920
1482811095
1764960145
1785138807
1530481450
1635253745
1364915895
960032950
556344236
900451762
1682112064
1744153557
868664548
1528799248
1361402882
1789918239
1234148449
940761038
1376672901
1730587906
1659014945
1504063203
1340445824
1664125825
1794914861
1599614427
1121852238
1081200634
1549968316
1764683957
1778866682
1707609717
1766293854
1726447805
1314088309
1211346248
1645552659
1308252714
1451482351
1780632459
1784860817
1765049784
1624123692
1731749753
1778348464
1526182694
1533628764
1528519461
1788934631
1792824305
1385526277
216022875
1219494764
1775700522
1781790898
1599383448
1151426661
1537828347
1732945554
1739439725
1236303886
1738723485
708926787
1467693581
695064980
1722193805
1738081594
1690740716
1268217178
786331441
1485633995
1729483010
1777157871
1774016363
1667725034
1711409508
1383581653
1764682053
1777479164
1115832678
1750379710
1586390407
1662486720
1721533360
744681017
1756353270
1597892590
1729935864
890189146
1551471322
1677847521
1156575142
1575992484
1603374397
753510742
1790555615
1600982067
853851724
1012179264
1534336282
1321435030
1745402353
1718515955
1103975566
1435993319
1607492098
1354868716
1773945017
1690049566
1675570709
834714738
1661060617
1687516338
1609410854
1490801237
730321317
1459965469
1243532630
1562737068
1780284433
1132711393
930691954
1763455432
1718717379
1375051515
1716147529
1695109764
1129212802
1656642774
730408729
1274389533
1723907705
730433927
1420028364
1750478966
1402156118
1687339574
1235508504
1305774356
1299623370
1717721489
1717223382
612312967
1765881484
1531908934
1643735779
1331247359
1668765952
1333751532
1706880608
727364304
1771063106
1085229907
716521396
1300690615
1018541738
1691168081
904104783
730424553
1586839752
1316406729
1208310881
1766464446
1639076722
1287345094
1682900864
743201382
662606312
839505979
984379871
1271182064
534022816
1120700541
1449329929
1137644301
1457991541
867760049
993856038
1517175940
1788211143
1632488433
889921642
1737010684
1794677353
1490144911
1534582303
1774074576
1611548236
1302119398
1473172000
1468769624
1771460733
1362505984
1774066465
1212561779
1722065597
1785026011
1659176960
1713871761
1795519667
1491291390
1346022488
1746721999
1493219187
1736281189
1571292534
1620391221
1718377816
1756251149
1600366753
1271961778
904118469
906834988
1322848233
1612995790
1728072590
1764154477
932693433
1777143534
1673329571
726264563
1427549840
1463193469
1651853347
1627220227
1715001673
1353946751
1712315540
1781492394
903426165
1760292648
1406798040
1548218155
1377943834
1537505984
1047311920
1739648974
1535974541
1248926802
1533341917
1388087298
1328703173
1615094785
1537426802
1603278540
1412534485
1506463878
1349444174
1187555848
904813685
755442400
1353734919
1563287791
1495275177
857291380
1475836752
1743875369
1757382155
1198833429
1542908424
1716840484
1186199954
1541769131
1620186500
1747240750
1031841363
1531473740
1270640042
1690171582
1780595189
1414845239
1702613808
1586843560
1541840173
1323773616
1735996809
1071199853
1460278064
1471059441
963212095
634705738
1732956303
1588187059
1466114492
1728255515
1729290942
1665729256
1759779742
1295380232
1716162529
1651955178
1722139391
1438680570
1434173761
1730122649
849665359
1615821817
1245391884
44264185
1527744780
1076257773
1316220162
1169862126
1423320393
1654394932
1518033154
1654282658
1757555881
1057485532
1236129693
1778929493
279626504
1261630426
1348874243
1726262829
1295484166
1438861963
1794965409
1210245373
1280378365
1397996734
1772349064
1716473574
1680111265
1567699944
1168628614
1275854775
1772551488
1589671045
1749762007
1097409640
1780160463
1541942395
1748157215
1387689920
1789548347
1633704627
1709633396
1585444555
1680284977
1718939502
1081438612
1607691323
1270538961
1281080628
1328275378
1545167516
1077205520
1700295363
1402112823
729396714
1334532061
1551859679
556093308
1687808514
1779640598
1652034533
1736201767
1571969265
1211558207
1595004076
1218437296
1576276830
1451357487
1321130189
1270348061
1245317214
1793396417
1080384634
1449806645
1390080091
1594502366
1243284268
1760033719
1230852754
1189626389
1776668278
1245199078
1514764186
1580603292
1271178348
1094377402
1513109695
1786820425
782805382
1670910066
1243127656
1501476795
1020716916
711349707
1755894874
1395234274
1498615007
1287191673
1573570707
1771054637
1783344781
1726862925
1678951381
1701101210
1754772136
1739060477
1641881936
700958823
1655878210
1671399862
1209460532
1699583250
1713626062
1376419391
1765259740
1748474280
689359224
824591825
1768230832
1578245618
1510344129
1534866364
1764127512
1769322772
1718872632
1776013820
713840329
1609161935
1512622338
1317833964
1126963203
1702320025
778797093
1728136420
1336674802
1628147121
1515891097
1689866472
1579074809
1168923885
1794439535
1423869128
1052731037
1511886566
1781645888
1657631638
1670229880
1427700107
968437312
813380866
1778177818
1780236852
1520207792
1210080090
1027870927
1786025223
859423438
1692334595
1540936998
638462365
1580915254
1769190720
1428492503
1397761076
1255633465
1525989330
1724324233
1126857949
946089386
1687553103
1570172379
1313884771
783914649
1364117204
1511901104
1158883236
1721947656
1528730458
1089018063
1074011456
1725880735
685858924
1512626656
1494680077
1438523047
1651467319
815716478
1712084342
1322905547
1132480398
1551803935
1682402230
1792524545
1762481787
993856637
1670011956
929031926
1432863246
1714851915
1390093333
761580718
1065000807
1409831284
1610914436
1712918341
1586348705
1554051185
1551140650
1487009141
1396527063
1693349916
1110929680
1750769038
1586311195
1612174273
1723064997
1390016316
1360909370
1092841068
1720042789
1639097381
1011338358
1442348382
1116498116
810043938
1712203793
1629139627
1226477251
1467012188
1445771045
1691683460
1328591549
1720663153
1231154965
689585644
1568610450
1468270801
1322465876
1729043924
1034195451
1302356351
1226584974
991042195
1768001962
1672926343
1783093937
1539625577
1292698241
1329201055
1316052841
1510428424
499800330
1783067017
1221215209
1479781258
1552036708
982296968
1092143772
642583984
1697616223
1337213064
1643368842
1235647925
1793105435
864588380
1305649165
835579035
1720673422
1435782174
1660389373
1751404578
1327314337
1435852129
1562431638
1405118564
1730103199
1607923381
1657843949
1610196806
1753130331
1517858416
927396305
1281887193
1776695110
702889283
1748618559
632982816
1597225335
1774507072
1779930822
1761088569
1757680137
1170951485
1020791043
655528974
1392368170
1418901320
1760013747
1240009861
1115512605
992067646
1474261265
1538905723
1761988001
193133685
1720516411
1609429128
1662158388
922532214
1726148378
1783089909
1594257827
1091813822
1271526531
1768147052
1165255172
1546963135
1346710915
1112703076
1752060943
1792296775
1447474844
1770735293
1704016948
1740787044
964903010
1651378210
1760384836
1562308653
1674076382
1085387776
1782339167
886959080
1436544703
1581204506
1303860945
1766403590
1293020659
1776791320
1757777442
1747680214
1567016695
1340817271
1791980183
1781954662
1065268312
1457763840
1645794624
1491987259
1795975839
1463927773
1502720946
1312953193
1646424363
1687095885
1192787041
1796707451
1460309136
1714388438
888432111
1729658871
1023123105
853602603
1082872985
973843184
1404741811
1474901999
1525675057
1718740386
1692871783
1790390825
1603896705
762663655
1609369665
1204986341
1673669032
1657120122
1047699402
1730398725
1539517737
1735904812
1233251446
1321316168
1708424963
1777378822
1733638741
785516320
1588667537
1397957005
766821585
1725126858
1093963337
1018695431
1034148568
1548330616
1065493476
1026607289
1536597928
677911173
1182220663
1632334126
1777899920
1686316418
1478068592
1362412021
1791927399
1670905247
1340255594
1609613834
782827583
1747417814
1698730336
1244722912
1447019095
1746148338
1289461751
1702729598
962089051
577098733
1734954293
992496195
1524739257
1728944519
1623092073
1350516444
1734208498
1284258742
956162054
1766235526
1730467607
1747019237
1698833854
1589066049
1714388742
1713834788
1706247962
1638298137
1030694246
1618272177
1439114211
1794205255
1623217857
1279364294
1461634645
1190422341
694961166
748740220
930088719
1281692166
1273314830
880231221
965337699
1744366911
714760834
1234230729
1136298810
1733919589
1010814493
814880333
1277197823
1531849425
1539574928
1360588150
1779955020
1794207667
648137734
1543795646
1765637292
1502769152
1084357102
1794200655
1287983283
1717648716
559759545
1570693761
1676121132
1533961597
1654206307
1200968891
1466088945
1620050645
1716120691
1696197581
1482606313
1533339521
1657151545
1771199925
1179206767
1759544750
1199279857
1325817905
966187610
1072529109
1782651262
1728698169
1006864131
902435543
1731679045
1379305715
1795838501
1520216658
1234109743
1665480555
1252035888
1449725994
1199623646
1709562685
1689164851
1733621637
1344075737
1031529206
1608666870
1254409992
1758534112
1664179122
1463609612
1125441369
810820958
1422739446
1570330078
510793450
1416047621
1785491985
1401112024
1713656580
1607023793
1386523755
1511268700
1699607682
815684380
1110299480
1605688630
1351572273
1780797048
1467929010
1703384610
1644170798
1779533365
1720099510
1768101924
1738661905
1794411331
750309751
1540336001
771280832
1342239903
1114218788
1138635253
1485294757
1781855753
821271793
1355567714
1495948523
287182023
735692946
1139687989
1583283694
1734192306
1494672852
1359027063
1017327850
772220168
1714535475
1388047140
208007407
1588678551
1708532818
1717261944
1710071774
789944319
1761116238
1312598417
1737715109
1407867675
1642254365
1538142581
1132866908
1664088875
1636651498
1272477754
1274778083
1468016495
1592339806
1684974373
1659040650
1274550983
773649676
1737021642
1763820743
1139667844
1040995498
1674672836
1244211793
1664017418
151569566
1204102184
1454466193
1690835782
1744613748
1792122729
1775021826
1520653703
1780835946
765041141
986214122
1704514025
1755765659
1229766374
1393655778
1780787214
1715086232
1442296743
1574282925
1444227913
1101145631
1469614621
1777625441
1736017887
1560595429
1562104251
1750165561
1604182675
1618605132
1594227889
1694937866
584710750
852095523
760946903
1697921286
1767208553
1701257411
1716894554
1283862493
1250791144
888808279
934574630
1753005288
1346199665
997295603
798369309
683526265
1378598282
1780241426
1633952496
1748164364
262837943
942771769
812329006
1385645263
1634631138
1197919020
1608911072
1158585490
865483203
1785426633
1780465852
1537937445
1059643097
1726288942
914109761
1672981575
1090001919
1205478914
847027692
1251922085
1231335701
1749722175
256149842
1727076119
1700318554
1683505886
1658294914
1525436444
1757592591
256960283
503444908
1562921860
1730337319
1778997606
1497710022
964056083
1448196529
1741200095
1255631983
1464149538
1774319297
1516194940
1473990406
1306453350
186699000
1295265190
563310371
1092430027
1011320858
1683770357
1203329777
840560791
791399814
1400233709
1666284086
1739174369
1332990725
1626184858
521085486
1447682384
1797780513
1009005867
1756220096
713823044
1576041918
1337411038
925444762
877189322
1592874534
1687259644
289032909
973872735
1581123551
947644115
1769592307
954411031
1186661172
1645839487
1638338322
1339319037
1461880215
1714621316
1701141092
895863415
1348432742
1353263427
1630634042
1780709009
1693929153
1702281526
1469003423
1021372458
1748885955
1668277027
1289766836
1349174761
1595593820
1701753244
1438884735
265993799
1507750744
1776500041
1739187462
1465212644
1579492351
157914820
1450379793
1433276263
1521512414
1769691111
1711223792
1355328345
802138575
1259522349
1726363649
1195492697
1495907371
1474199640
1702942208
1390165154
1148437720
1773897813
1374846869
653534756
1550057327
1187597077
1708390186
264586887
1345351567
686883178
1497121126
1441545792
1722420361
1790294505
1700424940
1663889344
1349663758
1707747017
1069855905
1435479496
1498826864
1325377619
1780103928
1773512301
745741791
1715707474
1771628577
871488766
1095619894
1778432996
1711799073
1518580725
1732046514
1036648140
1385019030
1771824064
1115325624
1580002964
1760301883
1402594144
1491580804
1494121840
1778751405
568544221
1511165081
1429724670
823960938
1014317045
1778275386
1323576492
1274546052
744356412
1324057816
1072287157
1704954277
1503668138
1590187531
1589144211
1557421156
1181823362
1176793133
1734197278
1745548437
1135084891
1223807654
1012787600
1708854392
840165472
1513228508
1608143975
1567640067
1148681698
813664690
1725265745
689943233
1779874885
1429271549
1261855210
1305652216
1666262027
1674712368
1223898746
1569615341
868612903
1390109243
1114151918
1463296389
1063237485
1715116814
1730340661
1728239464
464147181
1727237873
901731769
1793218055
1527959813
1718745100
1248349080
1783188312
1645535449
1198120743
1756796807
1730792377
1233949070
1780803082
1372019549
1696231538
1193228344
1205686627
1772676699
998558597
1592692902
1262828092
1162820389
1057839825
1791209487
1513606492
1775798909
1782414415
1352672873
747955968
917877330
1648939234
756970812
1226140982
1507873078
484757578
1704959126
1584655757
1296827030
286658667
180189623
1178916840
887938448
1487264543
1067939022
1734622611
1764903313
1576763703
495350106
1775146768
1061672371
1740188561
1377083241
1567995982
1520879218
1786220457
1750762790
992901448
1659146357
922682914
1785841529
1675507959
1724523121
1741298204
1668119796
1762275622
1735751635
1781212067
1650548935
1428698518
769519222
1759455855
1727863930
988295812
1636299582
1648862189
1792553329
1526150604
1744365706
1688064063
1542013698
1708433195
1378758764
1759565262
1721608335
1497901145
705650034
1621706503
1435131553
1525142290
1591708619
699451283
1451356107
1690386368
1794988081
963501228
1689007932
1707441522
1235726425
1210610721
1320422843
1454799294
1578570711
1777378885
253596918
1780943233
1426801269
1681092236
1742145078
1152543196
1104149898
1601580176
1370227645
1513018050
1626508577
1270386566
1370699118
997515159
1335867798
1649491758
547895750
1718828806
1458377407
777403945
1258125492
1282099226
994506926
1781793144
1773439122
1721633507
1180145909
1671680277
1668174605
1255186144
1794626123
1756280567
1755246502
1040872847
1581053291
1005165988
1654165349
1628926893
999923265
1085497707
1216123540
685856264
1769104965
1688725305
1454488049
1683547483
1432850961
1521834895
1095825906
1166047447
1447115624
1002179991
1583637003
1737764369
1565580261
759892014
1299433688
1386176061
1749966196
1443122590
1638292779
1081142728
1336870246
1442186409
1615721035
1769126146
1656421716
1324769154
1562001672
1604163037
1709537763
1352546553
1586953153
1364792739
1405341721
1742534353
1639253977
1062251756
1707036485
1355852524
1683119044
1637992127
1637019336
1172536292
1462593387
1755587307
1445313210
1492511111
667542476
586457773
1706736005
1738826498
1324754616
1592277236
1556552095
1769568746
1780238754
971376791
1340756124
1132727157
1033614642
1171487852
1774585439
1726555963
737625569
1793453499
1565426099
1706021852
1304325126
757662690
1099990139
1368870479
1582806646
1363058402
1597738865
1346048801
1537804238
1082294073
1346620522
1773363107
1654454189
950468654
1786702517
1779522553
1743435741
1222794088
1552992836
1573274247
1721487565
1709808002
1563906003
1171761551
1758903143
1760848098
1637301922
1401142077
1697902322
1743547366
1651636549
1547997488
1783785403
554653217
1625728185
1603558753
1605792277
1145954648
1672906595
1407899129
1691505072
1462218142
1748822190
1694600043
1687823279
1126137326
1760062175
1667787061
1391272808
1412074520
1749338622
1780780812
1776636854
1528033225
1398036428
1315043967
1334322529
1272623682
1705285143
615997260
1268326195
1426194981
1028992058
1655969447
1182591999
1715868665
1331122256
1275848653
1380159594
1421713303
1718620046
1721430669
1394391376
1732096035
1649171341
1461101701
1536327771
771505383
1700457477
1701646491
1733176778
1489345495
1786635151
1564716245
1137100495
1790697701
1702791508
1544604626
685188717
1698486628
1283737934
1707517630
1644962935
1397962182
1735146708
909915285
1325785346
1577135797
1014784610
1668408909
1727868271
1679481519
1696875268
1564820121
1159506938
1552785228
1318486196
1470082916
1253045180
1705928455
1159984557
1692215216
643347320
1117829313
1780592218
1603712373
1472503030
1711419218
1560453164
1681686344
818456188
1735867255
1386271229
708812209
1722424390
1708772538
1465718732
1780465904
1682124666
1689536427
1737710104
1590254645
789509677
1718272163
1797774417
1743002276
686356833
1757127696
947794161
1770846921
1702286657
1778279314
1744641401
1726893763
1304456447
1508749594
1794441561
1483204393
242269794
1627226193
1090002048
1594068537
1780902434
1490505306
1446057781
1209285348
1636143624
1775182795
1782542710
968066782
1435583697
1539186465
1682099787
540196557
1116629648
1436885014
1163397818
249965236
823839975
1738411403
1348378631
1780307122
861554167
1090892334
1387168319
1004225358
1413499770
1060842408
1575766622
1656910614
265390528
1793250279
1501305026
1588059951
1784608455
1319730664
1775762176
1564002938
1111304685
1633173401
1555528791
1665714493
1781376622
1772690549
1704875062
1099606449
1759176613
1669355259
1780534688
1570754181
1645265122
1532366511
1732924899
1553155131
1054341406
1149222427
1497603584
1432073841
1665533626
1325754190
1656266194
1674612012
815952135
1573567039
1604535861
1103970722
1355929631
1160194005
1097048526
1658794207
1685476819
1107496177
1398080343
1258704254
1617985548
506943241
1574705596
1771077795
1510612321
1443358264
1464382884
1788434689
1188607366
1361508981
1225309931
1583575990
1756239181
531478157
1188469003
1555314188
1635537428
1781972930
456438058
1753157523
1303859597
1783317187
1044158938
1779888182
1732568878
1456630068
1436766883
254889123
1497403328
1041902549
1016473709
1784163995
1751590407
1767594324
1700187033
1150761277
1540101784
792905815
1777653943
695140561
723705435
1751082265
944075276
1159662548
1762720090
1780484766
490593998
1001576275
1121898620
1646385795
1677758594
1485764191
1793942231
1098575314
1284962962
1773118217
1382842324
1414423201
1768343112
1174343630
1780966306
1796271035
1649419737
1753554308
1421060284