1750640866
1762755743
1763296825
1655512979
1341707620
1696792326
1776954483
1540450179
645287518
926664842
1570691114
1515472982
968896981
723036443
1691049947
1690145668
1606172066
1061632133
1762460623
1762852805
1689253319
1708725260
1768815265
1198672542
1413898206
1764342422
1484688376
1726654332
1257413429
1524967828
1765008496
1711035303
1658729720
1299027980
1759758772
1725803872
1660932256
1627236845
1756370639
1256850922
1751508904
767928758
1593421063
1578738007
1527189093
1744853704
1315700117
1445980995
1369139563
1770383182
1683095039
60909834
1777505177
1770577344
1763320600
1283979508
1783313109
1659180474
1492865060
1745549356
1738740990
1277363027
1009426826
854459097
1759734697
1206088659
1330573854
1272945036
1742619044
1763295244
1612102098
821501098
1027269537
1777144908
1301674581
84266742
1731162674
1667239147
1755450356
236196308
1770030684
1729006422
1764742915
1123189833
1775344533
1208786172
630077309
1653182600
1735406116
1029887723
1115352270
1338738057
1567699907
1697004541
1171940178
1608192388
1692581659
1703865016
1636841882
1581784967
1165487831
1697666785
1652294551
1726125475
1287584907
1613039903
965519785
1586378120
1715521898
1686798743
1784729497
1259831880
901566847
1197231229
1278312237
1088084666
1733717703
238354580
1754553068
1666668348
1470694492
98231530
999367413
1171957487
1663187588
746267816
1598531722
525633076
1558259729
1660702783
653497396
1753676126
1688328696
539635225
1283431131
1415001349
1257895488
1721645580
1689849565
1490375554
1416886176
727317834
1639824466
1505580398
1635263085
1776933315
1253575326
555306332
1254282388
945551648
1695430389
1328571353
1744487660
1413551004
1432363617
558629798
1759754952
1746034838
754236597
1738318178
1285395745
945563040
1513796948
1750498253
1071768202
1441827920
1441508784
950922487
1063338309
1702766574
1745490776
1781885705
1781712725
1196555623
1773447980
1743696293
1720874553
1592253257
1175531546
1191590837
1711610457
689038604
1755447682
1724810590
1707934526
1492601440
1720797798
1596406512
1187952075
1765183682
1720877610
1488384321
1541419062
1670659037
1243927007
1325760080
1767875402
814859163
1511498702
1576134237
1752955393
627574098
1718042685
996813115
1617024545
1383840530
627445319
1579637816
1041438216
1428951490
1787538179
1547407815
1768197187
1265958477
775402432
1757673834
1708715614
1133957939
1678837512
682750630
1161406398
1155003411
1313606613
1568767448
1276637145
989794940
1435038507
1258252577
1739703834
1772665294
696142381
1512196104
1197319978
1230593858
1708733072
1683490677
1669411935
1508585026
1756204188
1722302430
1497303112
1560838428
814857349
1242546285
1289141237
1576584349
1766624039
1768369027
1714220760
1550174790
857035564
1737956185
971036660
902892841
922718830
1046688911
1463537867
1515121501
525825952
1109129645
998167385
1722027656
1434997863
1777494011
1678328757
1032188830
1247060652
1771158632
1498448480
1731177447
1172915998
1530264925
646665992
1403757374
1352684894
1579606553
1583821732
1111336235
1145668809
1536768601
1298318016
1771388711
1182430870
1756564611
782901797
1602107872
1554271334
1776466029
759767200
1733593072
1574656271
1200917971
789764378
1057426811
1421503729
1754631559
1151739881
1749283124
1561901004
1522763713
1090975244
1233030244
1141052598
1206124666
1574312207
1703878174
1054787845
1614107884
1530943937
1770936857
152102806
1764345280
638783487
1759208088
1432150937
1396491628
756690815
1018968920
1750254153
1517193234
1539939228
1776186364
1696251935
1188479127
1098518273
1607510335
1750993785
1524424447
1693735279
1723748940
1383769707
1207525450
1483516474
1501793288
1640519934
1697215073
1737933017
1656365991
880757060
1680853546
853440776
1511822322
1124453760
1711790061
1277248243
1327190377
1581743430
1773594130
1764219953
1788129005
1293151390
1487611864
1288658705
1035199189
1361225425
1749578331
525825418
1742701029
850482795
871195881
1779427531
1498872125
1516766807
1036724137
1522007259
671682750
1261881247
1644058792
1588774446
1440158099
1445976771
1508035853
1547152086
1547272186
1507439889
1513697934
1041326223
798745491
1757997422
1688974202
1781898033
1686082640
1727883652
777284284
1641835426
1590136362
1649153900
1756177310
1025658853
1475684268
1773694725
1701181907
589284599
1493842248
1560839128
1752240064
876182495
1607130245
1141052362
1781751905
1286482115
1493234812
1555673744
1708621012
1718046351
1794115727
116600345
1628849287
838702178
1434204008
916569713
1508401425
1744436606
1240386029
1198116740
1396057940
1775499895
1766492967
948900207
1670906538
1374350015
872620093
862268638
1536511343
1492870240
1169301398
263269599
740653153
1736002499
1793203597
1665990683
1522569124
1712816912
1628591024
1784673733
652039637
1013269526
885136897
1141052142
1363109328
1716380825
1770367429
276506516
1679480273
1710415512
1751403369
756072774
1311180785
1033730496
1048341948
1309644314
1256193030
1775134223
1123267592
1766562363
1651742214
922738821
1721404759
1337325880
969425340
1295842969
781260460
1103354715
1755011016
1681025354
630685795
1705448328
1525121802
1702680902
1662489737
1774205599
1604330138
1384434726
1760554713
1166339534
1743237732
1507185064
782926227
1686384794
1183952715
1777060889
1554502740
1757686820
1377431814
709443286
1771975699
1036377486
1584871661
1553715715
1760262840
1389491507
588749518
1699863259
1486383819
1735407151
1525397914
1516448213
1553875615
1759117715
1260184682
602230302
1297610915
1710115275
1687208599
1650326730
1227288184
815292577
1266904773
625586768
1369138587
1756743528
1763244604
1633570971
1031426881
1507947363
674305569
768109583
1477585704
1659147177
954901846
577703415
1737786623
1738890433
1635418628
1366865862
1780154980
1530772973
1373925615
612666001
1659528549
884173896
1290094327
1234056450
1056160463
851000923
1731960038
1647387802
919036239
1424727508
1745385748
1552779459
1247861664
1508578542
639977682
1457584756
1711917804
1089791509
1539676860
942279930
723246790
1184657240
1165420829
1624209422
1483319038
1710413942
787069508
1702943741
603865906
1432213570
769829921
1701692996
1155001683
1681011859
1745868410
1755696217
1035595103
1652743686
1743597187
1357254573
1671489657
1653988993
1763825155
1721391107
1576954664
1517236790
1726895697
1719897338
1379486954
1046635837
1709511254
1739102523
1411198172
1758664860
1720735786
1298825916
1620182878
599625671
1494739468
232136393
1766760609
1529834221
1499141408
1774543874
1730781902
1063544972
1532499399
1152542057
1536227391
1715980657
1666413926
855363762
1418825404
1473850869
1561869368
1743308113
762881122
1771424405
1694362258
1690167811
1752612655
533741546
258506863
244540856
1721008212
1702258838
1775559073
1738692014
759834221
1793217011
1327327071
1215591577
1734549139
1756160842
558638712
1365941779
1668325484
1517240003
1754209780
865838904
1300804361
1519965455
783319794
1536488337
1500609090
1477933526
1207896293
912509064
716184188
1055346586
1737954121
1516448519
1486417506
1442673428
1356710029
1780182954
1763259671
1734748625
1168007217
1477654095
1696474808
1491155032
1705173904
1155374175
513626840
725344417
831513045
1784743701
1383841910
1771661010
1412715806
1595396044
1722741676
1259662574
1584624839
986895382
1764130831
734686985
1679943944
1508395391
1547097255
1690408703
1045812613
1636664130
640515464
1485386093
1727290889
237520599
1749075216
712733255
852634642
1609661825
1749283916
1548005025
1739618717
1764297713
1762148683
1240379730
1534134997
1627656064
1256399053
1618292183
1658377067
1421723332
988306388
1390036775
1760466526
1339386243
1043794987
1721143106
1716570689
1245787816
1709165188
783317329
1704525459
1639787358
1754711770
1771486363
1742974257
1673439248
1762860502
1065907080
1597092149
1715993795
1763313547
1094128724
1721552099
1612185518
899024991
791743202
1755506650
1245138318
1670660407
1439022816
1781761456
1647570567
614712246
1380863359
1770149157
1699360122
1283925781
1748858140
1521570603
761283496
1750442968
1320680096
829022829
1295868699
1455710599
706402671
1771426381
477402976
1712965516
1578143128
1764306783
813257635
1426599140
1752694644
1768904439
1795962267
1030796383
1534129650
1344695953
1231166515
1612872915
1296503487
1102823927
1745313679
1704314303
1560948242
901949964
1132901930
1502606218
686920281
1510484765
1201014209
1733012824
1570741624
1726429953
1047776007
1756748829
1745527186
1779216949
1747575403
1473236586
1540584673
1535543183
1738841690
1067240636
1746824203
1602452813
1630647967
874247142
788120410
109511925
1763300620
1355314165
126248361
1432633324
1181894076
1771887207
1761836800
1687896431
1296009619
775480437
1706190402
1676248114
1527386338
1656917407
1163475426
1621531663
1734002252
1314561874
753667581
1771427921
1639825446
1655859447
1768906813
1212573725
93268485
689672417
771141922
1231472869
525637486
1767219345
1721717932
997371621
1039814710
1789388069
1746640925
1718047533
1432447605
1766724289
1689826657
1584867903
1771424861
1171272393
1479979293
803589428
1210353411
874195673
1702604211
1727210940
1739258548
1131619872
990524531
1659756301
1697188481
1456289458
1757262073
1655361285
1731890794
1780154136
1786863923
1735537048
1759144669
1756422977
1582842794
1433695941
1734771031
1102688367
1114554919
1590042191
1089083515
1594831505
1290550256
1397296695
1241060804
1707205058
1661233499
1704886665
1720394964
1418276306
900621842
1675519583
1651285498
1436949735
1756027926
777285076
990669222
1437276840
1722699073
765906181
1199868149
731672364
1175537258
881156632
1728607536
1675994898
1165878086
1367566193
1756031617
1515478380
1417245966
1794354011
848323601
1098610977
1557155987
1685678103
1248714467
1780689121
1592254011
1477419761
757088515
1522381143
1735720930
1691055487
1784247577
1197484918
1697482650
1516446624
1525257777
1535713740
1681510788
653299089
1780795561
1683678766
1691052117
1188865217
1691051957
1549854039
1716410929
1625128581
887262516
1647081758
1734987474
969313932
872199830
1613216807
1543747255
1753748740
1432635604
721820627
1693562678
1718377816
1790950229
1521856969
545729644
742073038
1654910994
975622431
1670455918
1551214919
1468841693
1099227829
833696192
1000563246
1278254213
1211797445
1545152566
519417536
1343007133
827917587
837061266
1745529402
1594003872
669784393
1004498581
1155001901
776758761
894905780
1744624167
1602289037
1352939003
922925575
722744283
1776492107
1103109688
1578402072
1578589840
1753027915
1107448267
1771632571
1438266798
586544271
1760207124
1520759055
1647053652
1742621205
1761867179
1780774830
1768595098
1204815127
1750544016
1039476028
1644066822
1482994520
1755327846
1320800843
1356464719
1738310854
1329422680
1522331688
1736399342
1752919313
1629887099
1180172381
1487196526
1284959231
234763964
1721567245
1053210346
1508933428
1727408858
1753569260
1479866997
1276971468
1778039985
635295058
1769256367
1720733834
805026356
1107304563
1647437570
1437041775
1042879799
779617427
1672801899
929015788
1515114027
1741001520
542200466
1163964432
1665921199
1600280532
805245127
1423347431
1419939925
1181349651
1257584751
963539870
1195306238
1787788759
1770079192
1193180648
1010601301
1418821374
1395343886
898381695
549185550
986208191
921143983
1771414875
1216930291
636422672
260922518
1158170637
1268757801
1280003675
979135873
1718566696
901445791
1462698369
1669919802
1696825568
1481702667
1729243767
1549964624
753596195
1529857231
1702788452
1777028766
1768208247
1254452530
1765039805
717975273
877231995
1466878017
1663970320
488795617
1743097860
1575063040
628295327
1390235755
1795775419
972987125
1060495291
1533098203
1771207038
1420801478
1760796902
1653936739
791391748
546833624
769953739
1771130425
1589312991
1704558950
1749055439
1731099114
1369387187
191622557
1772632684
1456821966
689251264
731201726
1474886908
872615513
1656577938
663086346
988605265
1286037286
593909241
845228265
1103185300
1585497743
1437551160
1535574407
1420434410
1765614652
1723770802
1572339289
1754038863
1765563460
612055568
880928251
1470041249
940608543
1469222901
1026266015
1262684595
713220408
1712678376
1726994803
1444593888
1025777571
1545107290
1183690223
1430337165
1548540188
874191945
61600507
545609593
732545792
1530811192
1543363741
1337391189
1055810713
1498530209
636559217
1640090324
1523141385
1424625100
1693011327
1615821817
1474371811
920754572
1212190920
1479410061
1753117332
1748308756
680785120
1485629395
1062738069
1488910556
1456292352
1681893583
1259818694
1059889011
1603934806
1470421515
1035630429
1615697207
1710774040
872621801
1244591215
1360590569
1543754889
746817234
986573717
1112950773
785841480
1736791044
1319717771
1768462705
1570447416
1780511375
1317811288
1456773247
1065720364
1301698094
969527801
1490288540
696703632
1731145754
868789041
1736394458
1065439136
1774512846
718600610
100559960
1476997634
1753686808
1292789498
617702591
1350855195
1636567778
1259827586
1761217159
1753442870
1705943744
800106994
1118907684
1163735124
1558507160
652051087
751223237
1053819130
1578655513
1537707436
777286228
1724626759
1730937059
1739696498
1769033967
1788798651
1679553675
952009100
1787793875
1591941183
1163480046
1501490701
1738475345
1264949920
723361825
1546411056
833480497
1126983897
1262646911
1704940965
1728982731
1711827461
814720750
1759081380
1328150826
1688702444
1656338213
1150323507
1458789681
1520239910
1751542259
1718969653
1675787153
1796097973
1697151754
848329869
1446375683
1753167415
1195795350
1713105788
1010910183
1410784696
744750243
1512247336
1167152438
841170498
1508728799
865692016
1672562007
1289759848
1788583399
1703238812
1704274659
1774228038
1545588063
1545489050
1744224227
1454432871
936249763
1698163985
1705210839
1547275298
1199681470
785108819
908958143
1741406349
1775486543
696140057
1754492235
1754635152
1704877360
745586520
1495810053
1698321902
1340746364
1772469485
1177660710
879048794
1510858531
1520428356
1666266468
1644070765
576357550
1591932683
1138007824
1253142567
945554904
1142835442
1771882535
1763806961
1755570495
918014603
1504920315
1764375029
1714589462
1749995757
1529981209
1070223059
218402486
1685163988
1166031510
1780200056
1707488206
1287576565
1781335686
1487143002
1773320121
1770834459
1004032071
1714068971
1734850375
1755746337
1795988117
1756755114
126199470
1763488321
1338503665
645987028
1794861515
1150390410
846849205
1780346205
1699294572
1300953815
1708149314
652521999
1380869873
1271108864
1512247668
1144259894
934830919
1618240255
1781068941
1742928702
1752031966
1764306426
997835137
1768822792
1699706932
1162214077
1767969091
1630184208
1695731236
1519068706
1692369535
1283430495
704685663
984517446
1494243645
1708732917
1189489561
1460102565
1258379684
1756231016
1322640714
471819009
1031529932
1763436675
952820340
1205901044
1545013527
690836136
885052882
533203578
1668697738
1678954312
1720293955
1102004529
1324618404
1482271053
1116837305
1704830060
795141913
1697071583
1706039924
1497293861
1238031743
654686847
1349136775
1770444301
1155003011
1570693270
798709976
1021860902
1401650319
1656902877
1783519918
1743305440
1098673261
1769121990
517386632
1627779610
1680185504
1190385552
1753536607
1776101117
674679640
1005332097
1078508594
1764261156
639655118
1100076012
1759193459
1246330534
1634447625
1185849195
1524550785
1741629298
1567750777
1749440401
1774374235
1754932924
1260959270
1755216942
661980649
740868673
1656174916
1214085431
1617110015
1122804334
1485054162
875780266
1754046467
1669813195
727745879
1765847249
1732591306
1711952357
1433431420
1225292008
1744130707
1756812353
1780020650
1605136823
1478170054
60789787
1573246968
742148581
1551278458
1572722154
1033488730
1683217284
1592376311
741685549
684572035
1764190192
1688755414
1507717628
1753948289
457111524
1736052493
1067708367
1541092657
1407627984
1754731126
1741833098
1783520167
1499386805
1742478896
78318221
1763052553
1679210063
1741461535
1604676071
1785875953
1748915140
1716487371
1786396797
1765403248
1032674390
399414757
1668386444
623388255
1784264639
1754780666
1307772148
1777066673
983394183
1257185780
1283792547
1610635473
1715745975
1499270597
1778241293
595770181
1752509744
1736624826
1276082495
1724482218
1667980588
1260600668
604185436
1699027613
1499239255
1471003015
1272741239
1796030807
837068597
1442168062
1555508079
1260228349
1057187603
1535658228
1681289090
716768629
1696888952
1763316764
1787694325
1767211573
1778712179
776021473
527664556
1781565122
1547060103
1782835656
1691112755
1771101953
1325583226
1775492719
1025660811
1704320740
293522685
1779533365
1610235436
1785152067
1774497625
1778622201
1503005304
1497810138
1777632479
1770896058
1691572819
717349100
1540716397
61574059
1495067476
1504803655
1766112578
1751307752
1312878157
1792723957
1777066011
1080694501
1693573786
1136949732
1437893881
1126309329
1428170052
1499488977
1430407659
694651172
1771630814
1395268567
1265837198
723454166
1651518453
1776523131
1760839970
1791362867
1683848189
1665261600
1777445057
1791673785
830284559
1045915594
1767211691
1773929627
1499197908
1688975942
1181193541
698283850
1785946337
1510002720
1337583718
1711054771
1725796597
1563382929
1338356257
1580668733
1771427663
1686503098
879756139
1776959372
1646852196
1737920494
999194644
722557844
847336435
1205866530
1058427206
1524469689
539634765
991904197
1539215643
1759189506
1742928570
1173709879
1755987986
1506656268
529433732
1581540674
1706624330
1706049553
1529048092
1543006640
743246056
1639779014
1446306365
1752527440
76971952
1766728717
1381344495
1752984209
817470519
1118581759
1767279893
1693030612
1769324401
1795695555
1772859243
969558107
1662667322
1633698508
1761202560
1768079404
1722503679
1276640497
1763077536
1577028715
1307862168
892545038
720456082
1029953161
1687076446
1706442852
1269412850
1738791482
749742818
1033700536
1754321564
1770157457
1520563784
679902547
597546849
1757236465
894280446
1146791335
1777513841
1738761984
1658642450
1721150114
1175854036
1219063519
861969706
969156010
1582466969
1735957365
1620656635
1450471760
1214082521
1523743753
1507032909
1245285928
1262527261
1773513264
1308463311
1768380215
1578710051
1250669729
1457388516
1027374732
971841419
1684804020
1365378489
1759725019
1373329622
1734559610
1346617930
1767222497
1510212265
1752248268
728795460
1226281782
1466193627
1687752555
1230646988
1550572037
785762363
1067807999
977806993
1658433449
623058699
1779989382
1093342522
1573720083
725299430
1269100002
1528289211
1491805159
1187658621
1476802469
1729529510
1618849703
1154547749
475992186
1738387603
1027097237
838267382
1568035589
1427324905
967755231
1392499502
722292978
1413558862
1655655782
826311120
1165967549
1755255722
1589420511
1142850561
1779982044
1733886191
602864384
1008563674
1684844968
1693722440
1185921596
1739156340
1160362846
1396471867
1761407858
1706605850
1255364153
1707748509
1636802348
1744633807
734312799
836527100
1785347417
1769008586
1685851102
1225149989
1117120189
1308047109
968834336
1028905829
1779973904
1725381516
1258944461
1747537633
1468100369
1509220671
1047676874
1432745572
1454089914
1730796068
1408946548
1541863857
1515849172
1189487401
1680564734
1337748083
190929884
185953741
1739861374
1527662442
1686738562
1716090673
1107278713
1097818121
1739400948
1359695924
1716683092
1590014124
1770139067
465732925
1293039748
505814940
1743206772
1276609650
1146706864
1419216367
1047681186
1702827103
1367441856
739233674
1771940293
1727923730
1742166282
1246917741
1750642689
1409230719
1764557817
1489786615
531187093
1177310657
1632031135
1200210135
882548633
619083711
1516090950
1486863282
1555890780
1762461111
1661348232
1794399337
874598191
1680532216
1339434073
1201422387
1483245759
1111233857
1605265637
875595150
1770043241
585538099
1722901390
1722503017
1283433065
1593319777
726926281
1482281599
1724735804
1746018683
1468087894
1076356682
1785896469
1583900231
1785363423
1683589424
1745522170
1356717564
1635044075
1557505890
1779238975
1779165769
1753001365
1468096834
1265633444
1256262869
753451514
1604236667
1712013724
874199197
1762802901
1604281679
1776963091
1741830772
549143498
1489172511
1296359495
1159262575
887618787
1771213148
1295936260
1775724820
1750412054
1010641607
1747208052
919590323
741413000
1336399086
1594288375
453059002
1122000235
1222715644
942936555
1176582365
1498097640
846364599
1348343847
1412799467
1758655295
1749603319
1062348821
1474028225
1000911447
871698443
615450113
1748988263
1666023549
1357624999
858709812
724664761
1105676006
1711571270
881010910
1708670400
1416422467
1764330757
1054787321
1468080594
1161074314
1766126212
1729311596
849084949
1535397159
1551863605
1424014565
1267638360
1247972469
1725051052
720177053
1173853441
1468077904
959144872
758608804
1497774732
1554887165
1766556509
1420437733
1735820974
1557158583
1697889934
1100367556
1587352509
1713524504
1639246316
1482277819
1660924471
650731631
612284730
1763468315
1783824384
1299420765
1189477943
209600292
1778647805
1567514375
1779606965
1423005687
1375588578
1468103626
1761169386
1758839063
1097488378
1752480618
1794839923
1413174931
1574304049
1534081626
975760124
1735990413
1522092266
1174065745
1668369338
539448473
1367449710
1759408732
1475819685
1761226843
1740258206
1288570899
1749778162
1762997655
1712436774
1702375375
1755766910
1300387681
1492884614
1775675820
505958871
766952198
1758144309
544610217
1093124653
1121378814
1751736637
1687598140
1561953257
742841217
1772858895
1521744440
1776984463
1381448869
672327097
1127489874
1228803412
1636146464
153987132
1770696406
1491962108
1760785556
1600536348
993123455
1617752855
1765421142
1653937789
1760818365
866520458
1746713828
1578037955
1548762967
1211899105
1585865055
1733411515
757267590
62767674
1769256813
1199637467
763962878
1278702685
1651273555
1297891494
1485475905
1724066789
1563324358
1515277405
1590425537
168180277
1569633328
1717832655
1431096797
982918250
1285105797
1658834539
1464635270
1789146001
1011232396
1276716412
1684280280
780837744
1757819464
1771709961
714791646
1680245332
1507985057
1782710553
1711228491
1516093848
1730643720
1749931558
1747728255
1662422979
1769412131
1509340298
1545606829
1759846772
1520262494
1516358516
972765329
1751074952
1048398212
714355950
1754082467
1258301364
1005988044
953864201
1726955401
1282728188
1685078121
744642092
1215677002
1406044739
1680895393
858625801
1330522645
1445650711
1769324261
1033827080
962291937
1499671210
1523447943
1166955685
1547884050
1693578964
716755900
1169694292
122665789
736841799
1349686473
1547103285
1300932076
1103677341
782699932
904100816
1637493512
924031567
1141425674
1306419082
1794377569
1290041531
1736029675
1423000819
1478817337
1492695036
1198624018
1769033309
736842699
1465391625
712075916
980905195
1662623583
1334602978
1587831352
1699705035
1666265104
1523785541
1059913593
1722246487
999660179
1272551075
1272050497
1010611831
722975928
1258615554
1520955033
1335705806
1065525609
1711230537
1767570985
1649644441
1749232147
903996919
1360678039
1596793769
1730433835
1529659717
1538335822
250131158
1127189842
1263854445
1519390358
1776069869
1738809340
969394714
1304174220
1661015446
1408382772
1643381894
1469981836
777160637
1481867455
1748331136
1229453766
720456532
1449547926
1774546474
991565133
1766956927
1537197302
1038929922
1742201064
1627695032
715042610
569129999
999357281
1461731884
1565241886
1279264788
684947854
1763642782
1738123301
818320166
153886660
890378073
1620435128
1760893605
1535824249
1745767727
1658233375
1756698728
1306388476
985611454
1530001053
1780808566
1552128068
601044445
1674180528
1183953003
1768053841
1727176841
1549319511
1146178220
1785506637
1715207244
681145527
1079700331
1052751758
1349766803
1489181675
1406043543
1382511666
742485770
1085995291
760913912
1206905403
1754532496
766351376
1763823758
1566757691
1725384220
1742134662
1752017236
656773989
1760004993
752748678
1224972535
1679331561
951755949
500716354
1595717947
1746740200
1276826367
1446840069
1092443081
682287472
1500414918
1073401351
969989067
1777219948
1734759070
863026674
1306354500
1621594950
686640086
1780293602
1771636530
1693009755
1774481565
1751905115
1540717469
1501715796
1508947911
1651070112
1704267711
1182875755
1423248585
1699028695
1387259245
1792992031
1691160655
1258506682
1516888328
1763832540
1543555895
700222603
1057243042
510803822
1201992473
1753422499
1771533959
1779667415
1252149162
1695651678
1689949537
1298590892
597071342
1736352288
1440038113
1497072029
1754313678
1793075657
71175558
1784311516
1586284889
1752425870
1673432208
1233547336
1295384032
1556615706
1443834382
1774394915
519868706
1104713612
619509421
1582354226
1762966977
630217878
1499264977
669711730
958781366
1525346463
1789747993
1515940017
1755235010
1743701380
1338077764
1422152695
526076840
1244699829
293198111
1652286365
1770220144
1769033258
1763507833
878065461
1432610863
703524890
1443971230
1263522381
1651881627
638761079
1661615381
1573704949
1767223587
1207379438
1201956147
1348705628
1628307391
1780602299
939289836
1698684280
1766419529
1128084324
1747878032
1169511490
1791381491
579533224
1757262747
1453981209
1344034965
1041014390
857573696
768493793
1339207298
1522195408
1693008037
632549970
1787081657
881962454
753595737
1030318738
764946668
1071488672
206555513
278223092
1760195636
1777337188
1271085742
1556876625
1620170450
1672420655
989876778
585540433
1792570705
1736606630
1659224842
1249880720
842861773
1778015569
963488278
813504739
1661145041
1746569406
1782813053
1368557889
1771345534
1677237622
1088510511
1538902879
1771764204
1668100283
1289270390
1440810235
1726476552
1360340123
1753999308
1491734475
1677903303
1776480867
710488458
1508923485
1696713267
1703134109
1473841092
1666564704
1752511296
570912022
653139884
1730753423
735978410
1796442471
1577052448
1080118225
1485691136
1669759979
1776811346
1689576116
1715195551
946528902
949618423
1767726913
1740923096
1783267239
1601079260
1753518744
1697220545
1785902423
1643682362
1507003004
1746271217
1007494909
1243554349
938268962
1698022085
1604236534
1733435031
1512162759
718212297
1407969721
1529521014
1764337969
1763120661
1374817197
499384714
1517298396
1445821799
1553148400
1709053635
1668911520
1449579959
1326237830
1646618197
1300648861
1754343787
486792422
1554891092
1726129542
1264164429
1602198873
1709926786
268052119
1703841512
1778396970
1748491858
1746859831
1766805084
1666305890
591088176
1733341951
1739450233
1458786813
1658039195
1759206470
1530823867
1613291939
1060520317
1697538218
1292895461
1649858311
1516800776
1533559239
1054791089
1741162556
1755218240
676465125
1680895645
1691444534
1437645738
1296198171
1449580121
1781739865
1768842180
1471632280
1062916768
1676325525
1266968393
968503245
1677920987
1245137520
1093513906
1676776768
1123690404
1776400828
1559265334
1214982701
1632999793
954429434
1082226222
1789324797
854866937
1701258093
840576800
1772442859
1331896919
242118867
1231204794
1782381995
1755246744
1530824839
1734189834
1757851955
1780969836
590527084
1338506217
1351302582
1328283218
1777478026
1276159882
1594695078
774935758
1593574738
1779615731
1772360416
162902290
1779365106
1524278602
1755428960
1484366726
1606082400
1552922828
1718624334
1774139848
1633363249
1110247020
1764686331
1778427374
1419486436
1603547759
1745473995
1734341344
794074860
1206475663
1747667589
1523615196
1392643747
738261462
1787339079
1716546671
1501905766
1779557836
1658372271
827632621
1589557020
1620807768
1691608227
525824936
794845241
1639592066
1074224558
1482611579
1256026657
1516549372
1674333969
1623062464
610083583
1502187807
1774553052
1777351124
1757328163
566515311
1546900202
1333325607
1734557038
1658573623
1132860115
1522468033
1773835527
1743310564
1748593935
1763572691
878728235
1666029461
1791354655
1750629159
1790031835
1494137202
1743904627
1642677550
1526399753
1524103095
1484021941
1752751185
1767089625
1730503748
837325030
1741090766
1756423307
1407543659
1522512502
1732593801
470898512
1702659612
1759736493
1700282585
1660119293
1457127162
1590332352
1024194890
1230064000
1688742579
1449968424
1592006522
1703759769
1669439923
1796823959
1461353353
1742819472
1743531040
1458037369
1177480589
1293105635
1464481927
1737601063
1031526244
1678040954
1206234508
1281832771
1129303195
600101612
1738201448
1206924261
1084815464
294677715
1308828106
1789413723
1542961627
1067364754
1755847416
1588645613
1771111520
540458138
1504306493
1224744904
1700003380
1494227631
1757276172
1234028769
1573167474
1519074748
1745924123
1764670032
1518546163
1714287956
632580184
1731412296
639743963
643235420
1784200630
540678233
1444525339
1020592068
843788375
1496810817
1056766418
1730565072
1247333629
1414057893
602619160
1311813277
990182528
1327682321
1765424466
1694658831
1497471641
872618415
1723931843
1375769578
1501493281
579335925
470979331
1261340000
1384701911
1113833926
1730801302
1782915919
1751596781
1484981986
893114530
1778512868
1603056313
1556883072
1473556009
1178747729
1431778796
1760446972
1530716523
1127664992
696141319
1126087867
1700271111
1699872048
277647592
1531375837
1609014365
1616320038
1588512500
1570190652
811602610
1782768742
1793760035
1287935423
1667187904
1620054999
1186299585
1336203784
1744683188
1742827213
1597966516
1713100312
1763758723
1672890253
1513832024
1771279014
1752752677
1714019931
1027264348
1712812416
1504031021
1527925687
1121159214
1606771513
1791377857
639905192
1284786859
1607684025
1370212725
1177724476
1764934167
1793951961
1023601351
1001207217
690812052
1045237114
1354841000
1408433421
1756177554
1489862701
1761550140
1321826803
1722367460
1394717787
547775746
1193082467
1511841397
1519174221
1178868918
1794929125
1258545293
1663438815
547527046
1696975075
1577905571
1233735603
1779149466
1186087054
1759563244
1740394855
1526150604
1540184605
1027527143
1639525274
1342967895
1561628287
1324484535
1399053664
1478376737
1728417145
1694668655
1530131069
493137114
1730855619
1644066738
1614125722
1743773633
1711231040
1498330127
1481293272
1776719324
775404072
1039698814
1701026617
615152896
988376987
1234027305
1765416204
1504839145
1699770313
1682178792
293523083
1382858190
1438943935
1003100538
1192414830
1715403821
1613723996
1693690644
1198622317
1612262859
1541411718
1299213310
1104233804
1473937396
1395863151
1432634268
1258007516
1751690939
1765415638
1500992094
935756866
1566297030
400791483
1480942883
1626332562
1794927491
1723469974
1747395777
1760159065
1230812016
1191035689
1757092861
1518032553
1717429549
645601224
1759633243
1406782024
1353254738
491726232
1548232621
1490249238
1750645164
1785869079
1025773609
1698268556
1286938499
1072182308
607138891
1305538596
814012130
1690406897
1764964802
1554564382
903858773
788366731
1775708326
1656358901
591693191
1425090695
1747412722
1771560305
920824304
1483039073
1198076214
1742575729
1731367514
1503348519
624773071
1464637970
1774514740
771218680
1189055494
1708716230
1666816916
1633193494
1437345820
1735996213
1739766989
1285632316
1514008888
708882146
1640709898
571809689
1300909868
747293857
1104793533
1254854025
1778613563
1656999334
1203397560
1778283752
717318679
639991272
1499495072
1782028818
1697789885
957918176
1538896501
499585124
1124758856
1374867342
1772474575
1266569120
1519636120
1546646095
1460509792
1690129988
1588674076
688384349
1697963125
1514011990
1558394962
1756883682
1787796749
929913739
1746701235
1596411388
1773510360
1770678190
1501929136
1358912447
1756218088
1771307152
1766407031
1761905016
1734404644
1720835538
1720493282
1741198040
899509336
1152469844
720251558
619126062
1055025435
1170400967
609855353
1667963361
1798025455
1447146434
1656263475
1734335139
1582512216
1732677146
1675090727
1773865162
633709598
1537839576
750374998
1776043396
1514395534
1741106438
1716049723
1400531884
1157133395
1763811971
1563557638
548334243
1756705656
1092145900
1180960427
1206340989
1659811892
1683109100
1640121182
1112355895
1249662106
1084003989
1537389418
672233272
1377455800
1772590521
1503791176
1569437384
1745669404
1682924508
1619906229
1228324920
1707778376
1524861781
1759864319
1777386919
1293310841
1208894494
1574166578
1541720288
1012810578
1737168206
1750674926
1626654161
594740669
699575693
1761872633
1748266078
1576689789
1256876445
1768347466
1597801783
1163466170
1562486022
1689043523
1720909536
751961330
1587353591
1185542042
1334010856
1773601667
1776302058
1530575818
1619379939
1505580450
1051584750
685904974
1761176473
693940432
1279063217
1497903809
1656931235
1457407140
1703239401
1339086518
1686585679
1665632943
695602913
847030082
1294022315
805252535
1758548848
1775656883
1788232551
1521921365
999274880