1735670929
1626797830
1439153738
1719874822
844285436
1222054476
898147440
1723140107
1615767665
1749891790
1601878151
1765649435
1709150853
1757582239
1702949987
1491283980
1701019862
1561196218
1567607036
1637882832
1320114490
1489534566
857835907
1649822534
1595140834
1747745228
1464766984
1784380369
1184063947
1742965215
1477896232
1462959161
1542891179
1688728342
1657859052
884640804
1650631017
1222772392
1343031392
1772855794
1747464114
1130527082
1749374200
1295388741
1352896868
1372135254
1580341074
1237871869
1778785108
1348588467
1522652256
952367623
1125250247
1696895297
1475724747
1771325669
914430133
1725679966
1793565599
1727590918
1534821165
1766325277
1207590192
1753451036
1688964315
808757660
1615536160
1247767578
1713680129
1766937024
1793731373
1754259389
1138064403
1743976343
1753892956
1756245285
1731774768
857568808
1592247708
1760285909
855033333
1338572468
519000949
1767012081
1793015519
1740378095
1371926621
1251168743
1754249630
1410341187
883800389
1754122029
1765668015
1744644577
883354834
1777336589
1336661441
808523961
1283473386
1742840072
1386224076
1592856626
1608075405
1775596687
1731611083
1129480122
1740635884
1065259392
1524874492
1288120253
1514046799
1100494556
1527245192
1615011709
1729940942
1747833450
1760752621
1756512730
1231305321
1734508716
1763590915
1756699821
1736002059
1793991747
1642186094
1704698097
1789332143
1400282665
1690866965
1061852569
1333891279
1741934506
1741370372
1721264369
689730722
1527446292
1752535020
1531675384
1750386479
774564444
1781091933
840695460
1209179608
947710883
1780124772
750535647
1762044403
1752847938
1772520237
1754415050
1729465154
1215269469
1655513548
1113792133
544780980
1148918943
1175647920
1517778675
1208818808
1712536395
1740489464
1199460792
1411100197
1726976960
1611003427
1540652996
1205452124
1354604111
1768080777
1693076390
1298727031
1622354865
1785455227
1739692792
1759333466
1694006771
1699235113
1281560798
1539415153
1754500041
1728751703
1761035764
1086334056
1358417464
1485347397
1683203518
942912808
1767680488
864626235
1658301918
874993407
1484253865
1620080715
1737927012
1767740059
846577935
1776613904
1710481178
1301118205
1716191494
151135520
1246209611
1604972346
1253467686
1454430825
1726173638
1215284006
1734265277
1561882659
1324686671
1505690941
1752154540
1775773927
1741482098
1772324869
1237732700
1752155068
1765212036
1754947461
1742075463
1650415222
1505758755
1749570237
1735851348
1540224517
1742027897
1469371278
844698167
771155166
1634814927
1745036201
1490814510
1304577985
1757127079
852409323
1731923581
773458756
1768951204
1272085430
1064598756
1381936216
1329107571
1769278082
1119780978
1176405473
1767678872
1754458801
1111337992
1704409373
1695331465
1070771795
1666500232
1733539158
1652728782
939995493
1750274739
1707116234
1757428584
1754465735
1550930587
1216031815
1485687568
873972191
1221535213
234183932
1656953868
1743580318
1376618496
887425178
1737875320
1707772715
1770220809
1765567353
1546479660
1253926080
840467008
1682768838
1345731549
1735158739
1753989883
1484947634
1541546446
865417377
1706516118
1765718075
1764230703
1728522665
617306779
1508049707
1097414241
1030144780
1771969374
1677314770
1055436258
841996800
1754046632
1747151474
1294382307
1756375480
1690008411
1396878224
1720333004
1711561898
1566597064
1703299774
1478331967
1742505544
1766806807
1235998178
1632754253
809280908
1756639267
1741553888
1467122385
1723782800
1652729787
1306876292
900370765
1749425457
1726200152
1568400809
1678518073
1651775279
1103600220
1723686356
1147380548
1070409217
1469640255
1675445749
1168230546
1719687115
1768774135
984727719
1727976896
1748781278
854460313
1767537073
1091391919
1746870921
1542542211
1758564943
1517849679
1733776008
1713615780
1496214022
1073252593
1740773592
1662547444
1111552394
1751373486
1087245450
1720960876
1048392678
1688438785
901242081
1449789758
1753777681
1703146332
1267623141
1752212028
1463089996
1779176781
1777998968
1768224242
1755808718
1597433521
1724054895
1553507140
1556097517
1660028966
1196819035
1059143482
1393767084
1775851167
1470684546
1495051208
929606896
1775513243
1192383959
1546702759
1762340533
836922202
1608721669
1663188173
1778318138
1767088268
884317083
1601799147
1713900783
688956380
1743593011
1713774543
1091719310
1773660693
1689530417
1648914724
1158107267
1733215654
1491373738
1061156870
1781112957
1794104401
1546090852
1344580348
1398310544
1655146089
1525849864
1469857151
1540473884
1234397247
1412655358
1733845278
900411655
856026174
1747415706
1064521148
1758947810
1569840333
1705687401
1795363335
1618679786
1409224130
1599099886
1756326851
1672832012
1310541459
1755988357
1754501362
1776277109
1739313852
1652276742
1120182086
1778829884
1677372260
1611648732
1410772886
1679822784
1091570885
1613649981
1753245496
920102100
1581465807
1482206346
1693889607
1782259584
1127231243
1019620702
1558821563
1218979532
1218035433
1744595568
1552207817
799447468
1639299241
1307423821
1721755480
1752908749
1389235104
1676005895
1497850476
1232426100
1732676445
991583872
1770766809
1670265257
1744553451
922496716
1774155680
1656723008
1719963851
891569245
1744152322
1390205176
1754093660
1793074905
1129337553
1750044186
1168029374
1525355355
1740828232
1690764341
1680769233
1696918239
1755843356
886433216
812581442
1650068714
1751475110
1739407016
1334806275
1613986842
1655341382
1729634370
1715933296
1659546446
1618532565
1555878884
1729487260
1274897845
1256182021
1450896888
960443614
1751321206
1531604946
1721555299
1250517072
1130995381
857648804
865494026
1535415312
931805778
1742080770
1741301746
831162834
1751335636
851416677
1758399448
1672290861
801371198
1734963066
1737341751
1728895786
1782593975
1771929627
1081501227
1777630321
1477280905
885269569
898998255
1732078763
1395846967
857024107
1726974288
1639478876
1727812657
1751353572
1596337230
935357929
1775194331
1775659193
952349345
1762897265
1755604607
1475851614
1507227748
1721548161
1747724333
1678757207
1701533896
1766396411
1764457167
1583836511
1740926008
1152122280
1765098645
1748399916
1560272795
1513413086
1718111003
874624012
1091858748
1750067393
1681277770
1741263560
1767122815
1754487712
1017485979
1754759718
1178141249
773669234
1712829559
1794649031
1743985334
1747780524
1763860645
1303602556
1724815227
1768531270
1595349707
1541115978
1764908600
1368346373
1766805820
1293651094
1590266345
1490951047
1113400135
1745413927
1279889490
1692942639
1264075591
1310139219
1583277694
1519315089
1732231591
1462137569
1582210193
1762056817
1688730160
1709389004
1747962195
1354407677
1675829382
1749173428
1545534288
1683429394
1762281047
1751344926
1753210982
1753711603
1241057570
868130720
1272219901
1768878113
1511912116
1649101440
1559343475
1781295597
1393648691
1448041052
1694229185
1751022140
1745639728
1262715937
1765516921
1754673071
1721338455
1428174904
1234253616
1706468082
1197878469
1559340093
1220043660
1086451651
1750365947
937738090
1741685768
1773649243
1391501839
1192766951
1752523704
932266272
916824757