1208315637
1142944262
1550037392
1727456053
1415291948
1742430637
1500476325
1779681313
1368863211
1142283113
1763378632
1391179153
1480799356
1485378703
1715015926
1178633730
1212063169
1396212936
1481288278
1245111372
1494710703
1519849675
1563540316
1048857032
1760750784
1471866192
1165864406
1197051892
1712537719
1774108701
1596609477
1582465504
1471459676
552055563
1464094014
1481988278
1784391691
594290597
1577924194
1274280857
673863691
1744115824
1518754702
1298008336
1722553648
1545491950
1591494957
1722600071
1551260331
1183599689
1505676014
1599531037
1274251819
1555056942
742822166
978751943
1738217337
1248225754
1118974557
1309878586
1121184716
1714751144
1396072255
1093187317
961153369
1491920825
960534631
1502309005
1325882964
1736232099
799659310
1510374263
1788694093
1224632669
1688559784
1461869152
1505402692
977237272
1434739858
1064633001
1359041921
1566829036
898536070
1691079682
1489082292
1772507973
1410098302
1493902406
1574557493
1086226727
1677155360
1356488761
1567507215
736921393
1498987881
1322809398
1254779204
1734843310
1307837012
1744921223
1036538614
1564243887
1675913862
1678456030
1706032168
711545737
585737147
1511526614
1306632659
517238845
1189467221
1334207469
1439297068
985212961
1759947230
1520320773
1120383593
1644538575
1608295806
912746854
1330070554
1781646127
910888316
885250305
1535285483
1251222911
1182963778
708481368
1651106452
1514123851
1582865920
1770007799
482253470
1430869861
1610519113
1482019380
879823198
1314602541
1019749073
1744356558
1525053876
1373945233
1440465917
254208313
1186384105
1239534775
994191651
1504294344
1424279739
1510359105
1556490642
1629927951
1421911917
1717110428
1197103792
1552186673
738385577
1568630045
674396740
1601020911
1540216201
1614495200
1292407134
1604907731
1185642675
1700517320
1539912912
1620882235
1391195117
1509823497
1671284178
1323945107
1456796903
1751489419
1455848153
1228912103
1197782901
640467624
1448788334
870310783
1408254523
1040891452
1515169327
1607586057
1750676958
1671932247
1414563573
1526748453
1585194978
942934975
1267810212
1774262526
1179976987
1559519067
1250883248
1444732348
1712889113
1262233735
737710572
639797453
1739041254
1549474372
1709942061
1698627849
1747981640
1324441281
1333807293
1752142913
1695233624
1739713808
1492176581
914036172
1129005429
968799229
1749791758
1652019919
154719245
1356037785
1695647469
1249018113
1565314634
899206748
1780167831
1522306059
1223416686
1654676778
1438124499
1044247554
1659899240
1031521333
876933679
1125076694
729863513
1438758606
840953358
1124756627
1636549092
925955574
1746919266
538706712
1763222850
1559364227
1657680823
1717527087
1635933423
1540002883
1504597550
1477807805
1778145396
1414371089
1770299557
1763449689
1668307260
1520317989
1765924678
1165185746
1735141893
1610577876
1681155785
1648145714
857858634
1382632433
1693284209
1050129048
1252060010
1188657808
1028341798
1343937263
1552069892
1682296269
1014128577
1690651309
1448355185
1666657684
929426098
747197222
1586101760
1550213172
605682008
1077430792
1083079329
1698772652
1712930413
767107644
1615857674
891283197
1185397435
1241369462
531980184
1559525631
1763762205
1601401373
1196532695
891216881
1669640356
1093653968
1451562799
181336218
585734923
1102066959
1755726818
1600025025
1722489692
958320556
1352224469
1666031372
1286086898
1681063398
1446216349
1343597887
1714322860
1666304972
1086303236
1785241427
1559549273
1499542398
1741983731
1433323701
839599462
1423844695
1590492847
1581705183
1194394925
1025654938
931075943
1302500198
1563894140
1745626045
1343700149
808229528
1558272136
1494696337
899368498
869503950
1625432117
1009520559
1526265219
1714290824
1518952775
1603019408
803022505
1576976720
672638043
1695104867
1307153880
1463135812
787981461
520696133
1531800477
1331038657
1561974218
1570928376
1338818188
854914203
1345012234
1476744791
1460539675
1704841109
1680449381
1570063873
1741324089
972825818
520696757
1737837015
1786869297
1326266892
1232356514
1211549514
1116601597
1297484082
1603330460
820539503
1332637721
1582396101
623141262
1344156805
1655606833
1732876951
1502248825
1746054170
1510366599
1478393899
1666637570
964115773
1768698709
1720192632
648890254
1774208173
1370756266
1732278785
209603129
1740871697
1761909197
1535811540
1511028201
1581059635
1682694861
1669317184
1390551809
1751007127
1218114039
1652280333
1286331126
1775327373
1541429533
1489797351
913657397
768500682
1305565107
1081960852
1219204595
1660450919
1317593765
1117239555
1592086075
1283244262
1565170334
1522913088
1743291177
728899519
1406112340
862049210
1624746724
583602836
877093637
1568133083
1622043077
1505374368
1711650893
1431773479
727599368
1790706849
1159799755
1731665713
1491773421
841209220
1528626638
731306238
1658363914
1766751757
1023308201
1730376268
1745201302
1549187814
1602238895
1721953254
1681553077
1726394141
1714223763
1727331629
782381633
1150803270
1530430728
1630046088
886912617
1706191744
1402534561
1506145922
1517133827
1749655124
669226672
1750183485
604707432
974193107
1764521307
571518251
1156858165
1547625755
1704860518
1510857056
1209920227
1216261050
1691867606
1751492657
1088905684
1742479158
1758683305
1688970602
1451320884
1782924924
1665774906
1741618558
946499457
690929504
1728944133
1764445738
1553760779
1606057965
1771486702
1691932900
1758353315
1564864632
1767611020
1257602406
1150594365
1548378369
1567769513
1722558012
1384830356
1791217593
1768250780
1768302557
1753033172
1722848169
1683108259
1109068760
1400752391
775433546
1723300976
1758896184
1277423639
1006841823
1655668930
1667021221
1770969835
772136328
1579337849
1769500168
1461030483
1404007524
1021238664
533793401
1753784679
1516361256
1168610647
1672309420
1043034826
1627559761
1552870314
1727119761
1600365772
817661866
1726409362
1743705441
1342506218
1402076058
1786460855
1209390035
1156262428
1532079123
1569248907
887543097
1667361168
1503195982
1395152850
913301197
1594943844
1741144796
1467930017
1344110398
1373261425
1725523932
1289315609
1573052357
1625696417
1224874815
1019746864
1611991166
1590415293
1738379578
1156115868
1312464728
880571593
1720414206
1593196778
1749219148
1055430245
1331080955
1232429327
1566323659
1774567589
1689021132
845179568
800433088
1759640215
819526937
1707396216
1633689328
1283859390
1729510709
1740259326
1323720731
1421168116
889026651
1714584626
1675301191
1542837135
1758973753
1481860894
903679578
1418352246
1568436168
1486629114
1561280069
1768307560
1541368289
1608109849
998662814
1288598608
1646909665
1711078921
1184829535
1741562354
1568006645
1667397601
1750506666
1692590855
1634343182
1613077730
1667197054
1153836182
1719447698
1737349162
1720331344
1582820252
1296725559
1754882109
1659701805
1588732964
1473609926
937111218
1591326398
168685596
975862881
1485144199
1499554415
1574537555
1643469326
813404099
1209515518
1586969745
1777397477
784980945
1746871075
1495515062
1473503224
932600809
1748583087
1725343438
1276154141
840066545
873975348
1303429717
1453476123
1035120957
1272554880
1680798921
464277846
1185865880
1279016693
1779800707
1071924882
1764425069
1762939888
746299422
1655666004
1678380801
739960941
1160499087
1706514902
1780065521
1422454061
1356204677
791719631
1571363278
696451173
571479311
599462223
1066473769
1604904575
1754801145
1563493230
1337296322
1728421444
1197008552
1776111041
1457374850
1497409977
248062745
1216732478
1110778563
1457697632
1684555094
1383645932
877826903
1132685006
1270610105
1152513095
1601282564
1277700392
1650433032
1167118272
1715607756
1701687080
1183897054
782519403
912357960
714508238
1422401876
676701723
921321507
1745515564
465218599
1776688829
891766426
1604634405
1730564085
1606921881
1773626802
512075739
1403347698
1730373402
1698597894
1138184256
1299797144
1763428367
1727780618
930128490
1514390282
1747209761
1397217271
1600075695
992141917
1665955176
1652025131
1731952082
1309798985
1679962010
1733060065
737800950
1003584472
1622525253
1728129345
1755307519
1667154154
1413566770
1744559841
1530636767
1778758972
1686906149
1623350515
579863813
1685984787
1763303654
1406222151
1667391832
897866018
1572976037
1699905834
1481984170
1307962025
1400253123
1700441590
1754964703
1105673703
1447354415
1769530952
1755868009
1214113313
1630088847
1694685937
1729766485
1753447727
1286657890
1265755845
1637953314
1393573371
785815084
1576004312
1178474726
1631012263
1562770337
1144479010
220804602
1724132945
1745231973
928994838
1790496881
982057021
1775450089
1696469681
630593377
794299084
1781070308
1533697678
1203616153
783579189
1485369268
1322850185
1729908527
1728927307
1171969108
1599930514
810320132
1565290756
1427432796
862985728
846511513
1157609005
790217396
993847305
1601632509
1727308558
1666536580
1786005981
1157051780
1155069577
1491372512
1535834056
1334175705
1206172557
1674306789
1621852078
1396837161
1653532317
767741223
1557749821
1169698709
910692189
1718324031
1631228957
899707973
1349856685
1763368942
1778574683
1007392758
1194295994
1716694105
214179415
1532305288
1392591403
784776500
1728371069
1710147252
1031892467
1640976781
880391280
1327006272
1242332763
1085341625
886768380
932971916
1686206135
1413398834
1612502516
1335897060
1723870687
1760580584
1705703711
1786494329
1764651054
1735834347
948389234
1504314379
997014124
1591090252
1767205143
1105687019
1333410453
1463630449
1733444343
1310928916
1689435733
1222148483
1774491142
1310569934
1732878311
1735403325
1538678860
1007349270
1571279324
1717457762
1763781613
1409609948
1532760556
1726738396
1540596025
1635718994
1382178614
1795734073
1712331181
1527468878
1755725774
1000944423
1728800668
1098305332
1116371809
1154739378
1420743484
1668870845
1754420592
707328748
1762926984
922588645
1747644827
1732441620
1216269330
991295870
1795336399
1016202339
1517815433
1335352315
1375605451
771351446
509711739
1791898699
1786332569
1690735755
1625164004
803233711
1092204890
1328585888
1090145262
990059538
1519200575
1619582225
1285466815
1539097623
1532426835
1596622315
1670760087
1272576064
1706647942
1668521954
1060991719
893182269
930489557
1584032524
1787236187
1722676971
1725383257
1343015899
1714886835
1239870893
1690594806
1673774038
795283232
1020179987
1656586842
1683810087
1635593208
1388530976
1340726913
1102343014
778837137
1083978770
1747663961
1287191301
1030867432
1462934781
1094560397
933614007
1610607819
1417979694
1494551860
904661167
1032919949
1760744927
798220280
1228774295
1690822743
1289478730
1299503901
1766459100
1693626864
1070771449
1039040156
1346732324
1376226652
1377229960
1174446589
841154929
1227332682
1290346891
162844517
1682173015
1390421333
1629939490
1047321118
1547848506
1578478134
917899804
1287768226
588316891
1697607031
1442056548
1285468117
521829656
813746842
1537554402
1607632798
478863414
1475730446
1263258700
1393056064
624276263
1419549800
1671180018
1277270101
1539386245
781989806
807350237
783329998
1598923433
1329307667
1026159514
1552461866
1791880243
1212838810
1045170300
1639817126
1173017218
1339652824
1095584663
1459319948
1772144349
1303648873
1662700922
923855999
1656585412
849365608
1562475171
1034768880
778897107
1205458052
1293383218
898334652
1608501684
1088062393
1634226614
1711766533
1328294239
1412126195
1650837381
1502981372
1332890773
741001208
1046570323
1299449301
1067272321
1353608675
1350443279
1410017109
1768624935
1478909662
1616189071
1081992896
777837246
1432237274
1768863123
1694728914
690414613
1751237239
1711460473
1332653810
1216110489
1683201371
1764578734
235911312
1266817991
1078656796
1742933533
1731915360
1712974371
1390892307
875723470
1155155608
1298221494
1021854158
1686422158
1785245549
1608919669
1765535521
1279300376
1720781692
1467432017
1511155074
552510987
1017218265
1662765504
1631850258
1606136362
1769859000
1281684954
1410432859
1035117545
1533342824
1753105240
1533079285
1184196505
1501886009
1782528917
1231820983
1552464126
1681899077
1564267356
1768576483
1751926727
1389695346
1718770109
554820610
1781757215
1710616240
1514142969
1264499931
1064703881
1720960154
1764994628
1795427625
1477832327
1252815562
1648323589
1179816364
1622608777
828151167
1536202851
1602954526
1744623934
1762178662
1746032458
999817072
1724607412
1484983793
1494392693
1769440188
1625741377
845727982
832884349
1280813045
1745562224
888013964
1321885820
1061260473
698226466
1550922120
1723414049
781402564
1674114955
1777827453
1758319534
1274738083
1346498889
1520910800
1686622091
1035121192
812789643
1427728721
1549199941
1259931557
1755583008
1442624225
1252770601
1274764377
1318869441
1781701804
1682248299
1695243242
1017073780
1107123522
1675383731
480402568
1169556411
1501157181
1651898061
1226123964
1485273117
994405996
477752917
1100086185
248985537
1032297115
1574476011
1774080365
931053207
1523193669
1106571036
1141096406
1256865812
1734570150
1735139954
1669009413
958038100
1127777754
1491857989
1709983236
1722643036
1367783965
265694102
1718950961
1778550896
1729042152
1713357185
526425684
1779830318
1613162357
1428563191
1724283874
1538722686
1260755060
1138212750
1338814835
791688645
1751503093
1698007981
1681896128
1707306327
1724640691
1242948552
1760505631
1613176019
1372255871
1688234116
822849513
1554195460
1647627841
1324512204
1271561836
1691123405
1732791858
961163637
1300843808
798429761
1468504062
837911903
1748513937
1671909515
1520463868
1382437105
1685075997
1740935899
1043290734
547621994
1047805280
644559225
1763767721
1696077489
1753977083
1360006176
1525823740
1538716715
1745026773
1780949404
1691447433
1017364214
1751058108
1693212995
939203982
1791393857
1591130172
1081751684
1667867866
1680833413
1151271094
1672704109
1170783040
1580741936
1570485045
1661512700
1792711459
1370180988
1704123118
1563954466
1688326496
1785361941
1097578746
1340623077
1170833414
915211824
1787858665
1668602589
1745799010
1728834508
1734829851
1642441458
1300921549
1718627092
1757018732
1689423332
1731756115
1560504919
777589850
1242661023
1644502112
747532443
1449812020
1723116252
1783326855
1516711600
926860022
1716419257
1663297362
874966192
1685086566
1241849218
1764295304
1748595077
1067876787
1613836551
1709701764
1735358410
1703922952
1781483880
1251265286
1384557381
1543467378
1691686748
1361901985
1545197164
1742225644
1706097345
1286708134
1718840939
1658297221
1463448242
1781483800
1480306862
1553796760
1609932843
1368991365
1600415803
1643191218
908964121
1412616897
786043677
1763358371
1793479727
1703376844
1671702291
1771205150
1567598298
1787424277
1015905943
1233377237
1618571547
1535263833
963614923
1795191685
1756316400
1650797967
93756468
1164025230
1085282416
1539155570
1721405613
1741193743
1574138580
1722341063
1008404109
1392082351
1314007746
1555889026
1371732130
1367973317
1256594769
1270218089
1279004374
1541884018
1663019568
1625769623
1682598441
1683733188
1471071152
1558919946
1435847576
908435621
1213732947
1425054585
211130365
1038764482
977750413
800618760
1700028315
1313403508
1498288113
786540007
1621697571
1186558958
761403558
1776566873
1773957106
1481991572
1746834647
1749912332
1795922843
1745003094
1420967294
1715789678
1714982236
1447927624
1545419626
1181666930
1497470922
270462952
1654267345
1612921320
669871809
1394426840
1606003652
1604291754
1327479468
1751180407
1514598339
1035924927
967406040
1633734942
893890429
1086838276
1571826733
1732645194
1710656515
1776770356
1481412480
1226645881
1635947575
1661553855
1784478203
1560372516
1523151571
816654342
1639663025
808943242
1437302444
1601550486
952708886
1721341691
1783738783
1575694817
1704624540
1512993131
1635835846
1186706108
1314377723
1535312819
1128974096
941069156
1761222790
1634872073
1676415596
1656193956
1707678382
1665480801
1525059088
1683867685
1443260144
1726962147
1667316203
1073647883
1590211979
1080281659
1735160476
1097224807
1715100750
1524043720
1748069638
1665623969
1588639589
1346730176
1593051492
1754455965
774014042
1663373963
879827211
1565038677
1684559171
1081928745
1410549131
977434696
1671659352
1498559479
1582829132
1402450274
1296640961
1354216670
1640897797
1734449720
903520600
1439183561
1748651725
1328342145
1701135788
1643921178
1659153430
1540958012
1666070030
1721169115
1699346244
1227400423
1409663851
1116064671
1652816035
1773571300
1783838477
1547871539
1773756712
1406931218
1511488474
1473507989
1333995519
1658268867
1572069547
1460094615
1669921214
902738438
1587791696
1739468616
1543138351
1741197720
1648568023
1396112141
1565470732
1679687105
1422016059
1289293803
1655628381
1533419252
1756859088
1743006470
1507737944
1786879121
1727395930
1739043924
767265832
834093592
585740245
1174676963
1671356062
1779738653
1742348386
1710702336
1452292660
1031719051
502363143
1792785861
1195553011
1543424201
1560197742
1742888940
1515271982
1652637152
1264204516
1725771189
1749648602
1324846782
1724074969
1734955089
1235040652
856124329
1450715417
1757104312
1592621302
1649823321
1704570362
1439578720
1539251169
1499585749
1473556291
1754536539
1699972217
1547656258
1592190654
1684951928
1610684651
779537559
1714160335
1416169953
1726258477
1154272034
1601141534
1655636937
1557904787
1414321125
672304175
841946775
1712836000
1210470075
1669943668
1179509790
1355599135
1725278247
1582604224
1696068900
1108884483
1307413404
1576246991
1269959461
1538957249
1397747144
1645058466
1477981739
1556512135
1749291778
1257083497
1028509022
1762259895
1777607365
1758605114
596474250
1171447626
989232373
1579924444
1127154195
1728313303
1136860663
1717572420
523751889
1566916527
1559927082
1119059382
1757724217
1504351094
1734483231
1180624919
1675745236
1612117722
1747165909
1449644208
1640265663
1688872727
1675227813
1790102639
1577659890
1713487493
907936930
1703954848
1461025011
1770882470
1719841531
1731934326
1682010968
1658554981
923745456
1738371041
1786996241
1506559874
1591818933
552144126
1511027130
1700526103
1107402782
1717474036
655379381
1745552586
1704997781
1142411422
843836330
1332498985
1733378437
1782876187
1748403257
1691725075
1776622209
872727236
1531854232
1646011416
1701176713
1783597561
1771150206
1377127580
1586788378
1276348714
1245137254
1207257925
1549076750
1496172901
1754954403
1656419499
1779913971
1575196383
263410948
1286457967
964090552
770410487
1587852500
1329802587
1792314793
1795209877
1512250284
1588384776
1495623793
1428488929
1456261880
1743926556
1032206407
1172556153
1582959006
1346342814
1343676019
773884512
1570022947
1673338614
1062019958
1085218316
1752252918
852782845
1620655976
677798010
1501532335
925850064
1720056760
1704996911
995594820
1538694805
1271931447
637670313
1282595133
1690585127
1686578408
899014877
1784053796
1741562217
847225758
1133179482
723092101
825277730
1606217629
637631393
1739400600
1458636443
1757787815
704349216
1489428960
1431113901
1714963398
1272698106
1617779878
1277556753
1721978984
1455006012
1757326375
1223717222
1620806253
1545546662
746316688
1092199211
1742878088
948356350
1359500079
1754745469
1691831754
1742564884
1661231524
1789522831
1776820351
1117253205
1266862222
1695945501
967664391
1586937858
1780804392
1772634449
629074034
1023131325
1771059616
1639233505
1775228054
1518827912
1583022958
729643467
912728620
1340570057
1779149672
1061592943
832775294
1683681345
1286769572
1785385637
1772878037
1706967520
678890156
1402269377
1717086682
1221022471
920069987
609699017
791872555
1758285641
250670529
639193059
1648406912
1764699981
1730817381
1429595495
1248704237
913295983
1599336945
1106892753
1644693986
1306087277
1392092132
1654242726
1692038216
1666129459
1778401681
1100450544
1306424013
1775988708
1353680573
1526530079
1681044696
1727396444
1146480269
1433175536
1761081742
1669938858
1540902659
1383741867
1356848269
1652217161
1702615071
1303616553
1752648320
1441543487
1365276347
1762672837
1622625611
1186159042
761088408
1643970506
626087023
1720141434
1052446348
1791865863
1009149396
1730486871
1784054451
1503820368
1686008108
1759790452
1729103155
763476389
510379891
1386816181
1751300969
1618474351
1584648316
1744522790
1599797287
1290640627
1680741985
1749169651
1168945056
692667220
1426116811
1467475487
742787561
1240587328
1501839043
1187457775
1667620762
1008157130
1756438431
1709247499
1083871970
1738620129
1679888037
1379537584
1269083184
1715684658
1641044914
1719165541
841974040
1563956308
128908214
1586160465
702093340
1487848041
1715973220
1083952830
1705032510
1738990575
1034440038
1700370707
1756181527
1530696152
947004745
1205817002
892150331
1291440648
1186123169
1722844076
1708966000
1583369077
800346047
964401928
1352070427
1764194523
1517817049
1370202502
1613603248
1739002996
910283850
1757442021
482780324
1788260175
1539648271
1710721635
1741568127
1738826340
1687459789
1286322465
1747189461
1565878156
1260177140
999162720
1748910272
1710627368
1433887532
1754356419
1662325328
1362228854
1602822818
535726995
1621066025
645422272
881747901
1686246363
172874141
1436664491
1552264259
1416443887
1659693432
1778915568
1697750440
1431062204
1447123705
785331031
1146276348
1723301238
1665001154
777838824
1589736060
1693481364
1624671408
994599711
1355406508
1683708992
1471808065
1597015997
799691065
1768783573
1578610447
1776659641
806466027
841498589
1575924597
1787486111
1071089278
1738595225
1703789033
1563627669
1281747494
1565853054
1418000171
1766717124
930500891
1290924412
1171506484
1669812422
1791416227
1662264682
1765037277
1035013102
1500616493
1574358746
1557546146
1719991479
1779266133
1065634289
1565951267
934417350
1684032686
1388260672
805623460
1713240331
713222922
1507033298
1684926646
1450291463
1677774664
887905287
1508408983
1288903584
1471770870
1505043672
690834045
1668035417
1746637723
740832225
1773591145
1513066328
1744564575
1193866769
1399911340
1406346438
1741247625
1619383493
1515009423
719027953
1596840936
1616268106
1624348396
1679113219
1569066839
1076959561
1457123275
698133680
1740373385
1268193656
1546168249
1732845065
1292407601
1740164649
1451743876
1758785636
774937216
1053763018
1485696011
1102000995
1597369942
715033602
1092261410
546532541
1604877279
1257750410
1283953407
1021969916
1475147470
1584599963
1696010344
1204674899
1673859703
902065890
1373869795
1011956911
1658609065
1319366972
1541746654
1525202821
1278996640
1753888274
1735931998
1769969732
1430514869
1671481108
1697890177
1165233094
1425345783
1718489238
1702981905
1308661874
1058832394
667887764
1634173180
1624503355
1322297025
1641473526
1771942973
1573560305
1732237089
1764453085
1652712814
1289790700
1086303067
1717062584
1399876591
1796403893
1107499409
1618186877
1511468976
1127197989
1672385630
278671296
1784258587
1758053877
1124617983
1680108891
1620248173
1764274452
1747484128
1521116933
1161041702
1765569879
474095366
548932196
1285548591
1089630920
1596756539
1660185697
1483218172
1040400112
585943137
1650446050
1323543047
1722862333
1513605987
1410130587
1719299032
1665275033
958174071
1765618362
1061367252
661445128
1575995787
1233547157
1657939563
1023622860
586892557
1791847871
1240018365
1349995420
1272998501
1366183462
1550509474
1713487202
1444929507
696069470
1238383188
1641538313
1308541946
1652215177
1576466619
1120576351
1139218727
1219420738
1685283739
1671752637
1698609871
1314797924
1693616269
529333100
1651643968
1725478903
731305364
1338043637
1666660678
1361246337
1467948741
240929852
1374005947
1686712405
1732483444
1640746679
643137590
1359867776
1276868446
1692909264
1382292786
1744726626
1726188727
1440235623
1540518003
1657497647
1505628669
1731657284
1742692440
1627132002
1515658906
1738374695
899845195
868214016
1759772386
1637583740
1739814495
1771115274
1495649945
1549731522
1139057359
1358165983
1544444377
689492051
1518544287
729068591
1770998297
1783512527
1630665200
1298309611
1259757383
1567316874
1585930336
1173920970
1704146988
1329506809
1699062553
1224942851
1731120221
1702735488
980362644
201105391
1738116068
1299771975
1763742416
973080469
1495103379
1187957370
1750652210
1619319803
1413069097
1498475570
653627020
1742429859
1138571930
1516844374
1776948633
1205836773
1401623826
1212691688
1350730439
1763882296
1261828320
1775432835
1207428099
1727846326
1358098234
1360450004
1203549314
1557838813
934059149
1530739396
1470688350
1125191596
1669660488
1065289107
1530273154
1677453223
1493494008
1773095132
867513737
1201094012
1543930025
1601977418
899828084
1613922677
1617432984
1698073084
989024700
1671627102
812810355
1744699536
1396135707
1527896075
1746750466
1423499411
1780232058
1592832348
1486289521
810726242
1756863983
1618404725
1718509004
1341724735
1550798183
654550779
1756303630
1493855846
1662995357
1560932980
1234411390
1461281022
1014663864
1724093234
1687104539
1637045756
1650469389
1770764692
1448796797
1786018615
1681792202
467557590
1034097781
1550507718
634485942
1658865241
1513047143
1582442388
1622931739
1488291948
612248932
1519620602
1722938966
1563915427
1619870021
1658353616
896036291
1614438139
1574467038
1460609123
828020145
1649905877
1050228711
1315746885
1622924034
1592414502
1049641885
1757281825
1454716753
1104045470
1522837725
1405849256
1273079687
1462785008
1738169056
884357756
1380378668
1039477203
1774657433
1732658979
1406751329
950772167
1764406453
1735999287
1636421548
1410852420
1737255350
1694539603
809862234
867483761
1408391305
1685564033
1302947199
1521188951
1747213683
1741017808
939365795
1663954734
1720074247
1622778150
1689723938
652247294
966456196
1351975576
1013455580
908322144
1453867558
1762673833
1774054824
1141609865
1489755156
1536614212
1739984780
1750563901
74412684
1511981804
1388774649
1338817347
1276633505
1653902050
177744806
1741189386
1779501576
1628884788
1308929002
1566117927
468861767
1793146479
1767476056
1004356823
1552845032
1634696684
1676432742
1261046010
1775670172
1735155610
1683689645
1359876702
1469439041
1734117234
1613591265
1560494343
1728965150
1544797067
1709974863
1320638388
1459947339
1726256413
1674147775
1782000521
573193716
1566370632
1767263758
1371613240
955357888
1741155722
1724024112
1758728072
1756500692
704559003
1613317019
1248509037
1617982506
935607708
1764190382
105218924
1756032963
847795968
1411213690
842152977
1757850810
462231201
1136301472
1637828533
1238109340
1739301616
1100170670
1707224582
1525310043
1327292489
1396998950
1131179086
1712925747
641500920
1126607033
1714141468
911436020
1004071706
1699204785
1237574456
1725806782
1751069522
1715580095
1774523073
1669855361
880302375
940188044
1756188749
1075419179
1616027042
1449990317
1332512397
875272085
1026236322
1411454680
1716320088
1768949319
1703279963
1673852535
1422604283
1536993695
1299938274
1110066819
1692467395
1752901812
1363014365
1667173272
1720295077
1417680549
886646329
1194719278
122398840
1712075600
1773716260
832849467
1424254829
944483123
1702757954
1530738564
1364344446
1766978068
1614821372
1414396997
1336703609
1611689308
1154869754
1527087055
1034985607
1483311372
1645793605
1091452473
1745664136
1328603590
1754834333
1259057728
1742023387
1596565536
1380690425
1722862043
1484573316
1481815606
1246714646
1185653417
729947657
1276989230
1689328545
162691475
793197737
670830464
1678621334
1272907590
1216107077
1021377652
1759171957
822560696
1747994246
1659523612
1704165515
1606850829
1467238780
1747818239
1451064277
1566206982
1676696615
1413380915
1513021431
1146821264
1649643074
628559996
249579587
1651634621
1705274745
1687638084
1702254991
1127356252
1708980375
1395844538
1473517563
790569090
1759602331
1142201693
1659309421
1784275823
1781840213
1437681953
1362312090
1324176422
1417660676
1347005584
643487094
1770464911
1773828982
1701282349
1437880545
1185106983
1295185103
1726174150
1513936887
1570288381
1305080500
1534809267
1472412739
1509413171
1315015105
1287188255
1409715225
1220952847
1192251132
1403283891
1429230569
1551267699
1134211505
1373863503
1535237813
1655831275
714182016
1705317704
1382364567
1770930233
1395102688
1268314577
1535394819
1108287622
1387442864
1758090351
1740149166
1589035467
1268358385
1681989235
1104880558
1162260191
1762861716
1672731776
1148305408
1105733661
1778959690
223095323
711438514
1580099107
1187463195
1701087257
1299354559
1142572268
1733854209
1435483993
1647785037
1690590922
1522583196
1142292909
1707145345
983577865
1193461643
1485938046
1532987950
1655628219
1437858139
926995452
1556387318
1122561656
74535516
688779379
1648431170
1703014352
939546697
1717230695
1384925030
1649599149
1642826691
1679448742
1639336222
1714427308
1716687347
1756964867
1689147798
252107831
1172100568
1749651299
1585483899
908664573
966523326
1076162644
845115894
1271633848
1497722276
984443416
1759035712
1535584659
1335223924
1047137345
1773301158
1682338432
1713743681
1510634397
1720277383
1683906216
1773539012
1735648468
1666012681
1731822765
1757669811
572929363
1667033631
780410322
1451380161
1280625122
1540742671
1742113276
1760641352
1462253971
1181530454
1286467369
1664574617
1580695152
1404975068
1476735431
1307869418
1073553837
227163213
980160304
1229563451
1662508111
984489791
1302581046
1758355541
1353429371
1640575208
1522469621
1468125369
528493855
1446435415
1758187790
1467478601
1698920882
587108374
1288039759
1747405380
1722844669
1247364252
1195972743
1692393436
1700025558
756357627
1667334472
1107896456
964525060
933842782
1209979144
1682737400
806163632
1202666885
1565166074
1747431045
1162096188
1734217702
1592036831
1528598931
1228935392
1305798680
1764335072
1619965878
1613914951
1784166885
643203768
1591894104
1787983583
1711059130
1702056458
1641583863
1312431807
1741454829
1669394364
1714967511
1748746474
1339943924
1634613759
1057106016
1652254168
1697900229
1277469788
1548217402
1736872874
1768905369
1745158644
1593034246
1423534253
186313665
1187981468
920873548
1787551785
960698569
1364892359
671826263
1070014454
1206813093
1780642438
825857282
1681968818
1437737629
1776722999
1517254426
1661999044
1314756484
1659017576
1771126138
1074866117
1744974772
1751925075
1206319143
639673411
151522971
1751988386
1685114280
1269624819
1448043842
984351193
637715719
1528611417
1619533873
1500812072
1169444749
1361411239
1773512661
970919343
1601234400
1716147745
1415131468
1234824291
1165827808
1794421631
663532537
1606033888
1751266340
1659804412
1775656294
1331223764
1776399497
1618809863
1374230829
1377108644
1655845247
1640861816
1324623100
1289587046
1574515794
1003210779
1742844379
1739197422
1313015305
1576739571
1796050535
1323918430
1747397446
1407818203
1763197870
1273069369
1517825152
698769713
1329970950
1597820155
1544839849
923077382
1608194028
1716473541
1784009486
1626881355
1437170322
1316034846
1708659519
1721564643
1382315451
1716734366
1767510565
1466578685
1723857533
1705563198
1748575983
1462224325
1493860948
1724265376
1072652437
1782649107
1752437076
1714290701
1564973007
1538143057
1475041219
1747295024
216315404
1193460289
1696082532
1781579830
1775187275
1533043114
1682947063
1461123778
1455993945
1076783015
1074266431
1549911585
1166576906
1153901975
1561004116
1704575209
1619266211
1425898030
1764550251
743224827
1747483540
1477376490
678061906
1634931973
940520172
1271473592
742713660
981731510
1021461780
1770825402
1108501365
1787832937
1396372902
1536457874
1762324166
1486661144
1760766726
1498083591
1585175339
1433219151
971163285
717334926
1434247691
1411207774
1535020030
1664958768
522251680
1403993056
1769967814
1741184612
1521675817
1731673624
660783670
911073809
826888513
1250729134
1756417311
1741243204
1448263123
916681231
1622284576
1788820229
975530208
1118410007
1566955921
1704607489
622678777
1534574948
1784934777
1771004498
1208047485
1382231331
690645619
1750210537
696873788
975014723
883867499
1620128262
1639336649
907097434
1588623015
1649011726
1610865192
1498072314
1022876754
1230070490
1568185567
1009641583
1370212425
1320636627
1763502269
1744600382
1623134008
1719967274
1271788773
1768525794
1687827952
1113689386
1601059960
1449706393
1707477640
956602203
1285743170
1455962028
1756004197
1394724092
1757664505
1390779569
1354929775
840552173
1255916868
1158494863
1389741205
1790396817
942287109
1711045918
1737047212
1031492436
1702346354
757157554
1792568591
1217521527
1085559961
1185930776
1338077553
1718133234
1336698590
1188047808
1060533226
1513973935
1228327172
1506844911
1591232792
1335975008
1723591762
1781887016
1445397673
1110156798
1767769753
1276916533
1615937299
1686823067
1738872646
1635385392
1746412861
1623735046
1629287279
1458047446
1625676631
1693682982
1158859077
1273472397
1649496618
1616867907
230547553
1699062555
1660497714
1777670366
1654151840
1210874914
1229386908
1759157777
785563860
1741099076
1588606957
1484445998
1366688444
1286952672
1276982877
1614418504
1316111475
1777508346
1306471303
1723956822
870658267
1758612295
1527994314