1254442863
1399568519
1697010344
1462379884
1518307138
1232620776
895703207
1247843150
1007523731
1677253433
1591530872
1450473052
1499944337
1654007147
1757902743
1217516882
1653741049
469566365
1242412278
1378260839
1781821223
1756120600
1282779470
1247432406
1728198969
233766511
1595711708
1229688059
1322636771
1500621305
1700699385
1375656086
1015652655
1350519755
1570941340
1684808771
1518665019
1215515697
1497737897
1786868289
1067160826
1614486117
1602781407
622237005
1478117878
1615431459
1126232407
1299317733
1178773881
916904311
1154780714
1086427109
1762651026
789477249
1401349034
1320845360
1310608175
1763936306
1588324806
1333610213
1563640870
1483664021
1689145972
1142070678
1465775502
1382111832
1418669183
1389480631
1538762318
1161419231
1427323636
1329733774
1228333176
1484402543
1583873610
1621661189
1783257375
1592325651
1731460472
1693524516
1618281631
1158649512
1647022541
1430511125
1403650572
1186362474
1487316305
1670731903
1570929383
1469480705
1638804206
1324021943
1040265117
1589618407
1574675733
1712948379
1464362914
1476948239
1287986879
1459378893
543183416
1560955836
1599827925
1525105047
1725814089
753501919
1434094226
1693104114
1364050957
1566555467
1638490986
1092724038
1712864871
1703147645
1612135119
1769797044
1709229811
1617561915
1684696127
1508440992
1512866585
1453236090
1484125411
1554811859
1043836577
1539045177
1490439835
1251179283
1573752367
1634214322
1055846134
1660417176
1539472293
724103725
1236466162
1342355415
1680974646
1704158177
810837256
1632894758
1768217034
1602276641
1675448273
1335971951
1699279894
1748292820
1414486405
1756204338
1560438816
1250248374
1771009822
1781652843
1743103108
1573185602
1773010978
1338781093
1509885968
1691478659
1678645229
1485212047
1514410368
1665192465
1062491057
1735053520
1413467689
1640535645
273177352
1714086551
1248366419
1313801213
1756680571
1251998079
1344538894
1106769674
1064003972
1515221649
1274751993
1574907916
1546389340
1378355401
1672389949
1724477382
930359646
1685200310
1008799490
1521432758
1675535062
1177469207
123306815
1197901559
600896066
1743117664
1240631701
877189323
896464262
813776382
1327267415
1409740055
760673532
1520603104
1755883278
1707231670
1351180949
1490364003
1380661207
1074914797
1701713559
1555831633
1752829864
1681970679
629843463
1739289798
1738464741
1523958358
1247082887
1348507259
1507921124
1391938382
621277343
1701678517
1164821870
1747692377
623984704
1733786462
1380631744
1371728623
1311473683
1753980471
1562728744
575066134
1693473321
956587621
1140352690
956280025
730425612
1470519182
1633010287
1498106663
1709060172
1704645563
1560462137
705445394
1455385434
1184275717
1747393220
1291475456
1395145224
1777357494
1156271357
1737365404
1236134341
1759625164
1274475703
1748416333
1384788352
1591902293
1492049003
1270816396
1709027118
1681908863
1331310960
1717405203
1770367516
1494500363
1580303671
1129687232
1283625348
1540084518
1348658190
1777469872
1403077902
1371683330
1312450365
1719963250
1705104296
1111741008
815947611
1128864432
1405080954
1521755353
1209954203
755897056
687584066
1589263555
1780826977
767161931
1590076694
1413021119
1285301999
1285300165
1265764229
981311473
1031370480
1300718792
1656223258
1478365422
1631540438
934674824
1451929382
1433913571
1170935225
1542505915
1738757244
1511704637
594386768
218646714
1736131321
1712953589
1521815131
1751400902
1413630946
1128186383
1312026744
1732247577
1761437271
1678880029
1004764139
1721531354
1764780804
1671859434
1742666142
1751349502
1793550487
1353752017
1660577150
1774258635
1792241381
1676881536
1200579034
1316316374
1638454679
1698679398
748755763
1500264392
1321030106
1636885461
1121951592
1704507509
1692938677
1778437565
546155751
1716086663
1558106140
1707292737
1520910350
1009667260
1768914885
1609438709
1179670087
1402942895
683453019
1320239454
1612594123
1736907059
1170322628
1581949786
1362136011
1416747875
1205807875
1455187040
1327678597
1712789059
1535338977
1598309190
1770142256
663264434
1636297319
1675317463
1770612565
1264224209
805593209
1050513371
1738247641
1277528092
1200367176
1158017985
1720271723
727159338
1284835809
1348501092
1425112210
474552904
779659447
1778358285
1746235307
1733641772
1776704835
1147065554
1662229429
1761283243
1697264993
809165735
1736001538
1446276123
1778088195
1720718564
1755339841
1746773270
1710455645
1702205756
1664026792
1730232136
1002676176
1442628627
1500699533
1647792558
1764862527
1591991733
1672026174
677366532
1725580434
1678173188
1775984940
1260740496
1523179446
1251179049
1247200305
1480933534
1470032944
1378868414
942566189
1614018684
1534347447
1648443662
1656645727
1455801508
1652735301
1701404684
1404163120
1702442083
1418188785
959432442
1707938157
1582310065
609950268
1225428195
1790012311
1450790898
1236753394
1762620621
1243965676
1568731254
1697011329
1005438383
1325905459
1776593284
1649162724
1713323810
1726729789
1663871479
1525389313
1762979330
1462082405
937177624
1259658062
1582074887
1572319401
1349215502
1764435189
1415864324
1432516819
1324375486
1307767105
1750814866
1515147233
1366247800
1752590219
774715508
1276456414
1478232905
543184838
1763920302
1759950030
507791333
1751066345
1734066439
1713336045
1463536128
1665970412
1733862635
896567904
826152629
1392708663
982430294
1762446131
1516377205
1748297989
1757706141
1696819599
1472035716
1681622508
1629981729
781168058
1717571782
1727408656
723769043
934163996
1757316719
979273618
1725819643
1468477375
1535488760
1288346428
1309957919
1695409775
872574203
1651947168
877183981
1333466065
1194606406
1314708229
1735093135
729461533
1750882358
1229304636
819345228
1374590165
1444062957
1556019324
1402927159
1036177605
1734951972
799694947
1209924078
1357681553
1069912610
885626078
1562798580
1468324797
733076062
1427993551
1157983349
1671170510
1786508343
1537355995
1524862851
1381011677
1673414455
1659039377
1603616878
1774900687
1723672276
1042370027
1744829324
1442137882
1418667703
1548449363
1725598520
1017304991
1590770194
1697573898
1550104878
543185286
1655424565
1785884247
1596410733
1120280711
1530684752
1488144503
1574286984
1292816188
759099303
1694126007
1082591985
1649615398
780672355
1432809784
1522095622
1588490882
1768074688
1496961927
1253068934
748045906
1495925972
1691340373
1527450184
1661145687
1560375272
1394636536
1238296104
1635908300
1750764755
1750122717
1773235419
1524199286
831681938
671213320
1661294660
1704396632
1681174804
1749198370
782008070
1000223635
722422680
582406258
1125884118
1533939561
1621494601
1560438156
985938435
1579194813
1518386820
558717521
1707144117
1699072764
1349199683
1595256838
1551685961
1767125273
1368821426
1726572259
931300476
1225807549
1020128920
1679993348
1455786812
756160110
1545552187
1360627770
1777907112
1732706879
892907783
1402932651
1673207913
1747733372
1478995538
1146781884
1733162713
1712555214
916903795
1770304762
1276758102
1058381344
1747948880
1345457996
1535087203
1179038086
1733679291
1773935102
955354470
1644855339
1189488334
799044714
932161838
1764996810
1540263307
1396446020
1535825327
854863351
1266793667
1687654989
1517858980
1481066934
1790808711
1516051798
1764219162
1493938079
259761123
1732723071
234789017
1381999821
1434373291
1425120208
1379213461
1750682680
1752043224
1496528134
1288729125
1225499193
1458743115
1700635143
1738367755
1557322410
1774356629
882018101
1445232965
1607331900
1699513292
1300715502
1736733767
958925098
1410194610
1777959275
1744608704
820260227
1700749839
1705935665
671735331
1764479374
1686338403
1762408176
1564931795
1760911901
1714263652
1504080221
1767312383
1351274511
1092598843
950594886
1474584686
1756088941
1730489885
1788692699
1583522191
1683796421
1560574082
1350969854
1688923170
1270837627
1550526804
1720347424
1612927797
1600994340
1694367619
1392804883
1759924965
742996957
1125277916
1769738324
1607534469
1588306597
1713902371
1428753166
1741218598
1629936186
594205960
1714303698
1220627079
242408279
1672044960
1786708497
1639054529
1293595333
1722094107
1418854155
970056131
1234137386
1738142284
1395505804
1718190101
1061505953
1220960208
1692882039
1548633632
726147751
1170186066
1058877947
1481675720
1709054839
1764451100
1484858474
870270188
858224405
1660930846
1141466436
1789734715
1332684044
1362967502
1732396332
1575139681
1712809360
1726366526
1789241813
1682564287
1723108034
1681427333
1698678314
1629824550
1553960375
1645864716
1575274281
1218068406
479039593
733077900
1727957066
1445279005
208503201
1676486028
1322431768
1250213476
1230045580
1762792350
1702732689
1307435669
1762352182
1716747231
511296923
1729214861
1574331616
1206216072
1721345665
1574427382
1644850763
1713663688
1332888917
1616694928
1643881439
1664971526
1577790141
1578745397
714395313
1740059977
1214681860
1360116651
1759973426
1795095153
1770753757
1281429881
1768758660
782200434
1551506422
1689118024
1681068618
1743387609
1739206174
1463407105
1547091679
590953394
1713572720
1779502393
1609792858
904148812
1570049683
878794287
1779232095
1546778095
1508744227
1455664520
1782077599
1202376044
1544973435
1725990256
1064056628
1789883647
1423716619
1711588098
1490436761
1695898976
1042164678
691523011
543427717
1672646466
997430611
1256586834
1707207327
1666436915
1625924192
1748482602
1764897569
1045632508
1297628282
602968857
1393873663
1502109589
1681687942
1737735426
1760756941
1766484409
1474057515
1704786339
1215890980
1752577332
1774285114
1774658819
1595888036
1762140750
1315347977
1366757027
1172767421
1700544584
1444563306
1630594170
1695595704
1527344110
842666060
588764382
1710405357
1598138894
1716392801
1380983514
1588784339
1318683190
949303155
1399321922
1669377816
1474959954
1686928076
1133500996
1036486521
1486513114
1739741883
1693827505
1674457077
1302422522
1754310193
596124272
1695539313
1309279280
682828839
1757050330
1549517825
1713975090
1561737576
1622722400
1698379998
679822372
1777500237
1717498439
1697795934
1247538156
718828946
1244902633
1374374851
1622961472
1654184692
1016966904
1486187293
1005437938
1609989178
1392041582
1771244726
1297125893
1429941498
1545535826
1516581317
1667280497
1771381860
1411688838
1660079966
1669375853
1576923861
717730677
1515550504
1711634863
1754842826
1779970545
1528494398
1610925732
1724775783
1562279153
1373275810
1589775709
1644169666
1464535125
1721631167
1525185418
1713439036
1646964774
1458767932
1379515446
1128562195
1613893841
1752991628
889354709
1708001523
1055183228
1785083177
1731033657
875395469
1520113301
1492414042
1289974893
1654766968
1790740449
1787821993
1762988074
1332672193
876591422
1763039992
1666899891
1655658960
1698732149
1586220804
1703643046
1764951931
1654274315
1677989108
754833305
1580284960
1388556082
1575355456
1718331803
1747682633
1572397481
1430850761
1435092645
1179179030
1209010207
1757094148
1039319543
1754768618
771244514
804555242
1591169786
1681427403
1699674271
962061684
869067695
1467187366
1103883100
1563392268
1502394257
1730666772
802215557
1736022363
1367685850
1739056888
1054126967
1705745584
971671385
1545011683
778012910
1593523981
1712047869
629499434
1405528337
1281273731
1569128966
964665939
1782287659
985044958
1434340857
1528720043
1731180230
1489104720
1066492139
1428438798
1306914478
1358676464
1670555744
1388695242
1720010740
1490934933
1734939155
1188937470
1720587138
1567825231
1786748797
1423044716
1658168611
1456548079
1666408475
1217046845
1303619182
1766384629
1740236132
1741973728
1026331462
1579619336
1440975033
1758500371
1708557256
1582734431
1689517439
1713714454
1755105873
723554581
1712789421
1117465393
1666241127
1772335496
1759714769
556981633
1413223158
1664622534
1623937690
1529033489
823752731
1762258675
1184939213
686596237
1392786002
1609067150
1048945689
1356667414
723575374
1598141262
1278344391
1772386793
1740317647
1096052205
1535094993
1772317475
1687376641
1687399804
1713867223
1734448960
1766699584
1494246508
1687019152
1065836862
1774681781
681259778
1643446027
1686750212
1764676587
1512356617
1609477179
1555712954
1436015892
541833794
1479926563
1746348178
1071163464
1722789355
1732336064
955294586
1000534838
1687803071
1659816341
795759335
1686499909
1371877462
1279577064
1658958065
1700694510
1679900644
706273064
876100455
1449822663
1307764417
1711705603
1762188861
1292694360
1354371405
1754066118
1336158579
1747645267
1483011064
1127715140
868824506
1780959159
1041161430
1598333113
1331299674
1730169190
1768263613
1551441710
1643055332
1433019599
1682016823
1741607494
1628897448
1524735992
1669876572
1338731430
1766491620
528327570
1325229863
1023165047
1371965606
1680233922
1704787902
761446245
1639957788
1722485567
833814921
1619340750
1727301641
1690243148
1572618799
1787219069
1436273921
930368712
1433418614
1712253715
1507518042
1313322882
1777037892
1768024731
1670104733
611414549
1580196386
1369106079
1524303413
1479143445
1300724674
1451164412
1414392106
1790089843
1768368904
987069852
1704536619
1744245685
1758733264
1519166421
1704571269
859908519
1661591866
1731099367
1501869204
1259168778
1202091087
1441016460
1769960459
1755767894
1513320583
1701209607
1244929564
1300125369
1567768318
1748202287
1251317785
1586749087
1512624420
1454121813
1224347258
1782421831
1009312969
1512349024
1755974745
1771671254
1618275344
991978930
1267243483
961470466
1571446713
1571832939
1703516925
1229551082
1451279358
613493189
1654947574
1448242604
707270137
800547594
1252547243
1064496347
1164400776
1213105283
1585674845
1463673943
1420364022
1659605321
1456425410
1695022284
1510670715
1329311297
1180946690
1316093672
721350933
1718766169
1750789702
1216158319
999818158
1450624897
1704138744
1178132797
1767905334
1416415418
1395927052
1540052461
1502135428
1732812265
1278869016
1768068430
1686769839
1763689584
1629007263
1657374785
1493736499
1560121397
1095613468
1053852521
1525029485
1702766024
908296064
1706336894
1661371686
1763119089
1373332352
1626056784
1134002887
1739138473
1743522512
1336985456
1274997679
757155132
1724503220
1220928250
1274218071
1704398971
1704966438
1773296921
1074551126
1652779498
1731650595
1738610615
1728607131
948838143
1743707991
1778183236
1446347224
1727997479
1040465696
1659791922
1678240890
1762549660
1598403801
657477663
1608138378
1784687445
1569879103
1690503499
1169839467
1595532574
1557282231
1674142503
1702753393
1769450368
1766924675
960216762
1010308255
965501716
1329212695
1691666319
1664028563
1713145839
1676593601
1608926675
973887073
1385468666
560324750
1277675116
1543572702
1750532923
1681332971
1648954600
1608742959
534847161
1576971266
1739246618
1194905907
825892780
1764478268
1741967763
1754716124
1470900897
1575848470
770427290
1107788350
1650470692
1777825801
1782992119
1487110516
727355640
1681250844
1420988765
1184282347
1725183623
1532865133
997576156
1500684996
1682794759
622423461
1660134392
867749259
1762656923
1323443730
1717478587
1775632755
1770819674
1587569192
1528432037
1689017604
1715584508
1718078384
1753665487
1548350993
1595718354
1795830001
1103689968
1412741590
1392290332
1711916349
1563254621
1678139903
1252405308
1515041972
1335028839
1689852820
1687134123
1481563515
1709328028
1629402654
1507724241
1426182687
1741275777
1518675147
1731575065
990083027
1091028121
1758621219
1745209615
901759388
1511976229
1702455610
1384088219
1495333475
1756610182
1502530752
923595478
1790868297
1572893134
1405671626
1325251394
1419714672
1721421457
1783716395
1142321530
1750713573
1730586031
1552507421
1595454288
1287889528
1028617604
1588921123
1544905804
1712698796
1580970357
1792666819
1658698468
1053254486
1005988773
1694515922
1770675177
1776540063
1697576294
1684170354
1572848624
1576644035
1524873904
1524461928
1613174123
1706859784
1783686609
1572365205
1770073529
1247033076
1358536743
1653160020
984614012
636593548
722868392
1781716227
1034449963
1018193365
1599147702
880413358
1443137407
1773421526
728308748
1547861667
1663892857
1559810249
1772252242
1289918611
516021265
1550573060
834599709
1341593632
997746028
1304271060
1472752951
1671337929
1775735368
1311667932
1437469872
1042677484
1728661340
1736310638
1466065834
1671493753
891021973
1739416645
1767356256
1770400327
1771788210
1755773228
1745700117
1686304531
1676786609
1498927315
1511882519
1037863741
1467245410
1619372929
1753866765
1727388291
1696862363
1289692006
1346662175
1515102262
1696031506
1663978796
989203970
1770847498
1612801918
932357807
1533006735
1458222150
1668673156
1595574389
1760770226
1430834547
1333201360
1368127982
1720045926
1791680075
1536056401
1446341188
1496927555
234427870
798576847
1227753704
1663118396
1306511147
1416329167
1277446063
1601966705
1379718733
1062639759
502443975
1720943264
1602348113
1614823783
1242142012
1771240349
1181286805
1772633629
1717011656
1268472949
1257186553
1244094785
1439928759
1684719814
1222016076
1778747678
1771733996
1468415857
1765500792
1601556872
1362631886
1144858146
1165890548
1378729326
1469031646
1022338850
1603513898
1226466987
1769160388
1690611791
1631978446
1683898361
598034925
1604566060
1427441433
616803611
1161067134
917297103
1108938757
1479945971
1110963965
1558429303
1745577718
1746117874
537619377
1788080967
1715636049
1765081117
1785340113
1781460042
1498103037
1098355956
1566093209
1659834804
785832905
1523288131
857840688
1737908297
1327320401
1758083616
1112941725
1685835986
1736384612
1747593112
1225501108
1349204650
1754561034
1519950647
1107461748
1577644325
1726314216
1455706717
755051385
1745718974
1484907806
1033929983
1460153926
753519594
644267644
1096628333
1330448579
1762902242
748748017
1552061576
1584975370
1752812515
1685661169
1707286457
1481552006
1745650505
565906679
1535512683
1775983314
1602804771
1266841908
488693562
1755670753
1118173485
1626749987
1438140273
666766991
788802809
1469574779
1371555174
1432282491
1686237946
877754307
1417936257
1322935749
727349827
824757114
1740500587
1333506671
1728492133
1386019106
917819844
927756272
1694774548
1524441500
1036382870
1749870944
1681772234
1303078952
1580362010
1747879095
668507444
1490131116
1671792576
1782031415
1768016265
1695385895
1454108693
1584362001
1615074925
1754749989
1036382374
1567768687
1749728850
948200041
1543648375
838869209
1517181838
1562987307
1282872436
778212301
1167728506
1739825896
1077503493
1482606114
757438506
1147972982
1212995206
1702753546
1386452231
948523494
1299179520
1754271480
1429647031
697737534
1679170033
1380389819
1099313135
1140346920
1339827762
1323558403
1308248418
1652784320
1540703448
1673560517
1543617371
1706423091
1251279452
1464008653
1770911712
1554443094
1769080838
1744964277
1668551190
1535201387
1773390397
1461327991
1184701582
908577262
1496298427
1763902922
1779903609
1328102157
1670251740
1002537421
1724027208
1381513782
1674661954
1733648203
1219700783
1264412054
1636370625
1734944134
1311244732
1633107311
1685439990
921871932
1724459707
1419081997
1745969772
1612586282
1692279148
1510849471
1761097143
1543053141
1085349984
1721556322
1336460426
1086127578
1388166014
1661977676
1791494603
1612944117
1676236577
1481971937
1758976074
1616170349
1761610613
1089725599
1398422043
1391773905
1181622473
1142245332
1781422378
1233560492
1320677827
1183233281
1363010625
1689766349
1364234183
1474665203
1284853361
1316077340
1750717895
1389491824
1004034790
1450570394
1284800996
1466900391
1724411431
1768294654
1764563259
1633377642
1775811532
1748076484
782076587
1569461815
1736860724
1718369629
1127465946
828231934
1246441766
1725473047
1567618447
1031967883
1366289805
1737111203
1537682334
836313405
1300698653
1529113572
1388319488
1526425839
1749723292
937544410
1458931094
1512199209
1469468708
1382213907
1399206500
1791505937
1286664269
1780206167
1730416759
1716847758
1315237405
1293399129
1775855454
633356047
1481405671
791646461
1001645244
1702173603
1726701199
1603951378
1675276059
1018543582
1670223498
1306960102
1003418253
1515384014
1656483650
1180685167
1554936593
1325892239
1783716353
1531524563
1765143087
1288529695
1536864670
879727037
1570684093
1543692144
1671275832
1743501723
1774403509
1711894308
1371111221
1748683593
1603560592
574128683
1719193938
1763939761
1787312909
1614315534
1757292556
1456538899
1108940617
1089070456
1741744389
1668357476
889992731
1203948176
766926072
1575205437
1573718407
1582302005
1585073099
1424629207
1675744522
1650433032
1561036420
792133851
1175081515
1231138641
707447643
1754443504
1284684321
1559546427
1639454699
1192291475
1729155173
1486922862
1609809439
1618433898
1531321927
1353792002
1726691096
1782858924
895837057
817367543
1209501816
1203812852
1224838222
1773765773
1500864995
1781082373
1400318275
1309536778
1731585281
1306453099
1749608573
1768081247
1702186322
1512724364
1758061586
1394100879
1788539693
1572833608
1757888617
928214347
1751358412
1520993068
1154786816
1385896147
1066490909
1754610556
992540427
878384125
1195060109
1490587034
731373644
1618580278
1796173275
1227248190
1099157607
1090441053
1656229665
1416653256
1494955415
1427258218
1762018406
1723289733
1170221889
1659204740
620538800
1122999091
1747975181
1776662834
596516791
1462903939
1639050594
1583034867
797977100
1746665780
996044332
1072489918
1658357680
709424065
1712255189
1414672066
1649725434
1586322790
1710649913
1672201937
1778176565
1231968706
1604433058
1440260859
1733487568
1713838156
1694289051
1672387160
1593302580
1443703147
1087980671
773894625
1345323738
1785298315
1205823877
1724428356
1781555458
1552561046
888573438
1542864572
1449193238
1594206041
1461060233
1413730354
1062333234
1482194534
1000040866
1678585908
1633539700
458443664
1665856813
1770390494
1557869458
1410782934
1665276241
1760268222
1547898932
1671754058
971260044
1231549455
1662514762
1720826346
1307183678
1743997624
1680761083
1530879391
1740119031
1738789220
1723089290
173202566
942460810
1160167946
1434426656
1609861601
1267497347
1758646891
1054218664
1730250531
1273642509
1751949847
1669638274
875328287
1738764122
1448170463
1748635847
1658611738
1695383056
1745430029
1623784208
1478438003
1738381970
906774579
1712766822
1529389219
1571725238
861991337
1747163849
1760443496
1731710182
1742169184
1050833479
1594368287
1779663141
1124159935
1541331693
1080681817
841304103
1701404544
1571732053
1560374954
1743127506
1718997986
964276841
1215006704
1403033296
1722530693
1746765288
1637653843
1231113862
1288307364
1741375471
1557844664
1586878984
673372839
1731654245
1654642272
1420711122
1633873706
1675742642
1069088970
1674297402
1342943583
1664197799
1000041968
1168093364
557084689
1608306246
1510292806
1095478324
1374469379
1755840694
753232996
1319851879
1771428226
1744151910
1747788679
1449799736
752727416
1680170559
1718451735
1511840823
1326007614
1698820130
1449850674
1747411315
868096730
1131797205
1755475783
693719787
649908609
1086496448
1117426707
1734372733
895486306
1558748623
1189660050
1048485134
911653367
1207047176
1595006652
1291900052
1342235650
1672286526
1229521048
1653333518
1070604808
1601346441
1391881826
1568163031
1624769600
1735398310
1551312543
1748685783
1484017059
1571405654
1766310115
1540742603
1578699499
1414332427
876297978
853091596
612028710
1120282733
176857140
1284475477
1711580606
1549376493
1773916813
1009142976
1686874573
1650928723
1692230086
1182755037
806815302
1654016434
1535223675
1764477804
1326861510
1715514997
1490721820
1610146528
1775008852
1760972249
1743597205
1646962596
1766583694
264993837
1756158175
1760271181
1778040495
740325019
965207729
1745120900
1625119253
1753990453
1698518930
1200580602
1669418738
1438893810
1129984305
753497993
1631747676
1667734705
1592927095
1520293799
1571591471
1550616609
1070574295
1448294468
1217555988
1704421827
1027179608
1521369675
1596740971
1276801367
1084698513
1709121121
1755569993
1414393318
1483317257
1589003143
1759194101
1200581088
1477388375
1659716584
986565081
1776268313
1320415336
1106767549
1640722220
1291857562
1758692109
1566155588
1461907810
1679968461
1437117677
1466713888
884464145
1677824845
1399579911
1255643439
1552836415
1186049000
1695407124
1757262202
1652606672
1673122212
222493794
1673660582
1552371015
1360053826
1733803918
1289266370
1379379106
790199028
1102344123
1354168851
1251135113
1669956546
973298786
926642226
1631265892
1700363827
1441466964
1518619075
1560254378
1237684756
1576183836
1098496128
1511771490
1793172691
1725555135
1549306750
1678252166
953901571
1384132480
1678526450
1467755754
1735980752
1454501185
986962452
1722156887
1388293625
1732761043
1756251827
1782976299
1637988268
1115548662
1719939080
1630271200
1759503324
1402043371
1511414253
1681259552
1755206938
1783639069
1355551729
1456095948
1323211757
205926272
1449829346
1790010427
1690427773
1560948028
1671267184
1774028777
1169332455
730496376
1708027604
1624997477
1747834172
1343228756
1392382502
772318830
1782105257
1536625439
1540757022
1479960605
1304035673
1668360572
1739752637
1773788978
1323624284
1675367314
910421082
1659004239
1528189582
1054663212
1560955630
958609242
1653450978
1414582523
1649551878
1739767525
1780121914
1781280336
1192482494
1302023190
1753539684
1749096564
1792592947
1771113280
1769387794
865198167
585694477
648042735
1531923259
1737083204
1746228695
1665357728
1774736227
1027531792
1708772838
1628199005
1542670125
1558412162
1301794725
1461339345
1743107672
1728032125
1751037071
1739713435
1550732738
1702384344
1641991244
1593361765
1194878291
1468010010
1775286074
1500183434
1535212313
1784650302
1110897866
1768559930
1555439914
1584703838
1720877805
1531070416
1722839756
1059174987
1236965778
1434204119
1773627968
714752920
1432319532
1782609141
1363958231
597308909
1642831280
1422060668
1274746227
1028518483
1727985884
1339340443
1781989870
1495275091
1211615412
1584945752
1761413476
1775672350
857320881
1734373311
767822389
1428926502
956060776
1304507190
1782429560
1099504229
1772498929
1567984221
1216559906
1612148001
1006668512
1415449872
1698552275
1495274075
1495293680
89554659
1661088554
1517084612
1418666391
1554976012
1183951937
292363883
1722390279
1505478725
1266883653
1760096153
1180857086
1745081813
1638967744
1471231395
1256889310
1371658174
1218798442
1636032384
1274287870
795976062
1719749821
1798849883
1518308119
1168358904
1502638417
1693196437
847905287
1561646925
1690166782
769849370
1718317910
1563921911
1618242291
1694042800
1771344024
1771782435
1027958254
879770112
1665421018
1682290924
1490587734
912841380
1436933015
1594198679
1284735107
1793853749
1761489067
1698808628
1612891937
975531954
1685225317
1325294743
1484114648
1440878893
1796258655
1002363731
1613754629
1639590853
472347761
1596596761
1613202369
1535490271
1323871163
1624609494
764039686
1127427537
1719570906
1638381502
1711849347
1669862503
1442552751
1492775707
1575022892
1303606660
1461304398
1505269132
1744369893
1732411335
1664741989
1588640530
1310187142
1739292658
1689990956
1487506387
1333916593
1738576890
1507402687
1650106859
1595083990
1422788813
1750202118
1628371493
1373275257
1675889415
1212211609
1339017544
1195941858
1746161567
1723243966
1199279176
1219174585
1489920894
1575533162
1744003853
1257097332
1472814470
1673083822
772766768
1188402149
1258295522
1321545696
1755817121
1041742418
1761546399
1744474644
1584200537
1728749242
1657361832
688352828
1277623836
1098527947
1620559801
1667374178
1676342254
1400858387
1796596419
1527774444
642609078
863614659
1569118131
1759474114
1664657718
1680135426
1764341545
1416226850
1722004839
1350687576
1558020880
1357864964
1786865859
1344214290
1598165118
1318477305
874718293
1065126547
1798845647
1705471698
1288779468
1789943041
1727083871
1792759363
776943831
1765295288
1656191099
1412412262
1047096890
1544567509
1777680749
1393108104
1692674442
1477704115
1796616683
1141964195
1590964336
1508220304
1413533452
1192182950
1675146202
1304047461
1164325161
1716880165
1527476931
1692587930
1575139553
1718532739
1121488776
1437199044
1734065670
1778955343
1640097908
1246306186
1777997943
1290265415
1592881808
1554004398
1524304932
1421982659
730259720
1756673450
462510440
1670654167
1603314816
1765585103
1475649248
1035548155
1735470623
1693177800
1534372347
1640986505
1700080636
1614075724
1704855578
772495585
1026545700
738561100
944692375
1790128127
1532996928
1753107570
1683255117
1784648202
1011764406
1614117804
1763528522
1513276484
844379819
294325001
1652137165
1708876447
1362525441
1664266515
909416475
1600615961
1671451884
1784650584
472241217
1077847609
605833863
1068376606
1424480879
1546679835
1595090391
1759715779
1758741564
1695604870
1798845691
1748770163
1308463872
1779273812
1478886934
1770074813
1522732258
1061677721
1257022054
1760621303
1622662002
1758276270
1735563675
1649008394
1749678822
861396361
1762534664
1683102792
1778329049
1692282680
1790954255
1676091504
1401642103
1721479040
1676428404
1631809627
1718338599
1439062211
1650313467
1531586124
1056132712
1383348346
1646478196
1257660558
1689897236
1686687794
1381234634
1669472171
1509442460
1107390931
1563070025
1768738640
1470993967
1456531893
1775925968
1724895772
1533193630
896930142
1675579731
1779082544
1764088777
1791676875
1528172090
1187414906
845063417
1610122642
1697494267
1704643393
1760788650
956079530
1478408029
1623219907
925790859
1578190700
1569212951
734502390
1505838313
1155044027
1051185192
1401696847
1305145854
1558639156
1536683391
1275935243
1759521011
1767162576
1541975056
1754726617
1767545600
1488847631
1493641660
1775223996
1584861571
1592809416
1516611392
163102762
1762959701
1740224095
1465704518
1716064310
1721412195
1187266053
1159303705
1619195279
1702291477
1012735470
1734857740
1485895507
1699049740
1507814639
1758390547
1677600200
1524667290
1033163372
1270148211
1668365233
1770390715
1490908034
1093229724
1726059256
1678248774
1237309950
1288905853
1579115898
1022126348
1405562547
1665979140
764749404
1783980333
1418947194
1329582458
1743629623
1606040493
1787868265
1712025163
1775212973
1662624268
1798845657
1765141451
1635538426
1340767087
860361194
1711635257
916403406
1003200647
530687504
1560524689
1624738166
769957335
1116475495
1320365258
1287979837
980911119
1617938714
1610480225
1764433527
1760762437
1752710306
1770550830
857592703
1646964888
641910522
1208722916
1665016948
1743637017
938136257
1651819453
1038539552
1521594711
1711945011
1792594063
1777371368
1754586172
1357186964
1772202589
1442283225
1587195541
1771680744
1758865101
1495379263
1037769957
1783239991
852666906
1542188375
1588167318
1624385895
1720886073
1499940565
1417179035
1589684866
1360719040
1704706549
1364939995
1713994332
671489191
1777920824
1745216617
1688238114
891239667
1292536721
1614893169
628249967
1507338485
1741302625
1448232511
1724952093
1233221912
1305913174
1406426975
1621554065
1734001649
585421287
1663018378
1552843124
1183089888
1746539043
1468215696
1430972232
1465576008
1775871077
1729372048
1601919470
627743736
554688715
1550887198
1454404233
1760319724
879264814
1288138588
727754518
1019505824
531614244
1355875347
1332800640
1143030070
1730520141
1563977704
1685657269
1759107719
773998709
879265574
1672038959
1517071429
1731688115
733222444
1755042493
255850001
1622958424
1796777389
1423191191
1439191699
1574282342
1668006630
1733555801
995838337
1436812830
1754579526
1448320778
1585703438
1420263557
1117587693
1180144839
1460988467
1167847719
1550518028
1699211247
1739797364
1657788923
1679930182
1788711719
1671048950
1652649896
735057143
601014592
1093806897
1518928439
1478325745
1461771578
1681442478
1591640345
1538690983
1782349208
1611359935
1485324579
1348150028
1588931307
1303288663
1322105512
1120704023
697334383
1699959076
70029233
1681979469
1625534977
1015377860
656029567
1761964144
632855705
1014479839
1739694179
1321209925
1575287885
1132345710
852721667
1658734121
1791038255
1479458702
1518071606
1037219154
1582473530
1454360192
1515144570
1484798508
1544377703
1746847497
1709903076
542908434
1055434968
1284811416
1785026645
1743268747
1771610996
1648385008
1780641190
1765103335
1643538622
1181994589
1424950572
718097283
835157167
766873733
1690411774
1741018561
1795507677
1171233369
1464296989
1681971601
1355108614
1659902947
1656315306
212969217
1661972401
1733513450
1734186365
1659807951
1280122466
1592980374
1643712188
1430155732
840514813
1183530300
972913181
1798667943
1295144726
955562467
1480805417
1574251145
1747724137
1754208446
1757206067
727196096
1568079971
1744941481
1481449889
1678440086
873918272
1411593944
1722263071
1542633728
1692640797
1565433057
1196078102
1317205003
1725189897
987905312
1474244174
776736928
1237806308
1751102926
1609878163
1674484289
1254837186
1764388202
1410975663
1708873648
1658966483
1289858812
1696854392
1745708522
1399602137
753711045
669593667
480102439
686481553
1775535166
1748528613
602858540
1699060463
1776535902
1741211672
741375547
696326815
874273282
1560377164
1708658397
1793443705