1571767111
1635402962
1667747223
849244152
1403407396
628548507
1577997551
1762236066
1749224698
1745500816
1368927326
1755146324
1488894037
1683317255
1585325929
1104748977
1777972935
971071563
1581321658
1747206723
1603737325
1759072301
681541197
1626809182
1698540860
1343525011
1687366433
1585020549
1705019103
1613165644
1781758243
1768100406
1359759463
1684273429
915739253
1771103230
1550673448
1645870266
1545688605
1642104597
1567813287
1747695565
1778313101
961580677
1586483323
1603930651
1685593517
808380936
1496010517
1281835915
1750352394
1567856872
1175646092
1694892205
560212092
1009773942
1702667912
1109609416
1389668663
1748100181
1457634738
1165704560
1785264591
1577605065
1196722831
1573072600
1549118743
1524412080
1712842242
1233281541
1670001013
1720349665
1671060206
1302098975
1060415698
1732452716
1592572885
1213647277
1715393548
1588269346
1186936332
1573348506
1342874384
1396944265
1634250826
743460258
1753832961
1468077914
1780695523
1442974243
1703807061
1152344898
1410240195
1587059322
1282787118
1744574279
1448463714
1154453543
1585582685
713239570
1699257712
1675253472
1649096242
638628428
1750090339
1688502828
1439965267
1725850458
1726315811
1288094430
1446639346
1194280379
1463412933
1640959703
1471305023
944891989
1672995682
1698747627
1765558643
1358135071
1555971818
1781184409
1167400619
1641154508
562422466
1734906815
233979428
1404605426
1572276388
1706631357
1510863005
1485517579
1452748500
1575118404
1656674889
1758929018
1428759710
1694382650
1694185425
1674533386
1196705834
1784254927
1690635920
1785058069
1741594742
1530839106
1299027030
1695108673
1692413724
899533736
1189793245
1735004918
703778813
1744090190
1741132987
1100966016
1751947625
1706037352
1639599310
1058761247
1512561564
1702416838
1632380590
477602878
1715191129
690922378
1653049268
614163805
621070580
1749828265
1589916627
1635608860
1031371499
1409721364
1292002794
1596926013
1469048713
1453878543
1653801336
1699646977
1777707361
1409364726
769785137
1730989326
267555229
1493511509
1640022061
1748409332
1759720597
1574540458
1568383943
816401384
1742234748
633478142
1716378061
1471686340
1594834734
1574849411
1421369306
1448978062
1567341293
1625443748
1747552752
609674321
1324620260
1656138222
1565118214
1768575306
1731990614
1074669921
1434779370
1677502922
1341848048
1343610490
1776283450
1461621698
1729131722
1743042350
1710248149
1777478167
1216122931
1516406402
1116507784
1692104726
1462172552
1111454137
1543392225
1736372052
1663798181
1723535621
1741566167
1220477733
1679634608
1604612388
1749453961
1658928390
1384258770
1749731467
1309952869
1159970755
1751057578
1644304772
1384812138
1587174158
787500548
1358942666
1489989348
866401623
1593446846
525209321
1786674553
1504141040
1705440163
1779170851
1730353636
1536340006
1226307882
1729552473
1299113133
1708018966
1729348276
1490284492
1721206965
1094570757
1517810710
1728769170
1487990212
1696652883
1727837988
1613570082
1456284440
1517968427
1747844783
1528577877
1184260806
1693564012
1499157837
1582219017
1605459101
1760943873
1483244723
1485356773
1231660994
1516249696
1446197991
1498411673
1473850039
1750946979
1490224126
1542507259
1710842945
1239579947
1587878947
1681887464
1589565770
1699658996
1429357124
1355375237
1579924254
776557748
756541775
1287797964
1004438690
1537876773
1771491604
1687908771
1708671914
1511081886
1670674574
1569675421
1498395084
1759356465
1543211745
1600352751
996600302
1503383133
1731830306
1644055475
1765685081
1714252743
705073972
1454346815
922039136
1689614684
1579271865
1371547016
984053438
1427968589
1094584651
1523510899
1682534257
1142880458
1429214971
1734535310
1036576247
1386051671
1724075488
1420307990
1223114318
1784216475
1391713200
1752310745
1378997318
981024795
1215019589
1716941255
1761880365
1757778806
1152893862
1048663242
1595713157
1711417495
1744989113
1302581484
1443808427
1764401146
1763400017
1768379771
824512778
1493438421
1667577544
1119300133
514809110
1086031762
1432721057
1088211384
1178867343
768163858
1554571281
1342003253
1698709896
1519011177
1683235160
1047182692
886274299
1704024188
1395437991
1567053873
1572990230
1358054049
1677459325
1313909954
1515054800
1709866571
1676413423
1158071902
1041297206
1309275437
1105046161
472103943
1671229802
1578235874
1576258980
1594678568
1423868556
1315179091
1454365215
1737845419
984643812
1181265040
1277916857
1728963459
898818095
1510242441
502251385
1289254752
1579435119
1748817153
206014178
1290357433
1441477933
1760731199
1736815234
1710935052
1327095581
1425815216
1660993936
1579565017
945472819
1385036893
1556199550
588670274
1377573019
1681095658
1677054754
1513459654
1012183008
1773793095
1406136303
1090339437
1328686036
1777942837
1532240718
1125009747
1712351737
1749199504
1471925517
1629897690
465556186
1388047304
1195414430
1564122499
1641916206
1573570707
1594894091
1441002891
1565880030
1558968136
1590065589
1194330461
1764995650
1513321679
1504617064
1674202390
83847064
1549429306
1394089902
1573753861
1721720690
1641602691
1267332404
1478306961
1612216727
1664061384
1091503988
1698690934
1308870912
1688723107
1662837897
1390405262
1708315548
1625591501
1160282903
745667635
1747770642
1535793414
1080520371
1039178521
1393844255
1091202951
1422859349
1707717504
691318635
1542248199
1729551940
1687868759
1560496954
1652074913
1425336001
1331185834
1714721743
1673134056
1633566973
1380204316
1721342513
1298717925
788493167
1714584017
1434053274
1632928077
1463535135
1503620823
573088173
1765182109
1524759325
1775210095
1506285640
1504117690
1265530106
1509978111
1354378487
1545019359
773423947
476830903
1649174243
1432468213
993984943
540999451
1304268245
1729884406
1629835287
1603111449
1657649353
1545539403
1488103135
1075004927
1698353938
1456468183
1676282328
1537171196
1675470176
286602887
1327736815
1204276479
1517676020
1327034639
1642449977
1391816736
96682251
1376129705
1101772937
1548280203
1653002299
1711283700
1720799285
858979468
1567526923
1497012535
1502599584
1499049785
1397261305
1521110379
1738096851
1269222396
1763448369
1247909987
1664693152
1224816293
1315893484
1041963450
1450403116
1296038410
1547693493
1240613491
1693203658
1133762133
1753980393
1033901515
1749736438
179738385
1106131996
1701517624
1319960394
1575750444
1419423900
538169012
1300502232
1335932415
646238662
1504499747
758239352
845199365
1599872864
1649781556
990825473
1391106315
1549746149
1274112177
1080851021
1223669534
1292455859
1696656341
947062949
1771312039
1536139148
912721859
1451624686
1494623804
1607277820
1732214799
62639164
1757341474
1552189379
1496341747
1727375087
1656884926
1234860111
1409105600
1617875006
1580237443
1779132803
1557017884
1760648497
269532952
1422135619
951114938
1238436713
1778004895
1753615278
1575969053
1722063967
1468821956
1670326680
1679337638
616912484
623925362
1760264701
1510907616
1248859549
1318182003
1609496531
1740587953
1563136714
1582588457
1621048513
1743295155
1671388056
1499924304
1764366178
1636236310
782083575
1220706662
680383883
1344070208
1602002938
775553225
1442945481
1480696185
1711988720
1309296430
1430062233
1629150149
1612138242
1674440991
1453383629
1224779289
1603484639
1767513791
1481951548
1555020973
1560588173
1409914984
1247818265
1536606578
1780744725
805319056
1486078665
1231322546
624224535
1567755555
1202695266
1628492262
1482903150
670065300
1141458536
1477330825
1612203363
1357164957
1255713131
1504294255
490906192
1457604106
1424134406
1719193448
1765234955
1722461400
1382441902
1617212115
933837781
1546674043
1579697051
1666619176
1127297961
879947845
266739297
1057663094
1465074337
1590825371
1610208326
1571620137
1390811589
1759648870
1380611114
1441831917
1510853601
1550701416
1545490889
1668240922
1746763122
1538189339
1756270835
1015261828
1764577232
1765218532
1180809927
1211002535
1706655985
1568722425
1731756753
1669033017
1775234665
942513498
1062678736
1774003673
1703496148
1485421985
1529716975
1736687439
1218038595
1510168204
1582369320
777542256
1335645260
1589151224
1376129584
1444732727
1445362727
988623257
1771158584
1600324631
1571230181
749078543
1523504437
1175508025
903678403
1329518054
1572036095
1324621344
195500871
1231649700
1526723820
1104872670
398155019
1732794727
1766935483
1757116435
1728383616
1471480150
1250118884
1737833661
1730034907
978077554
1354445222
1502482505
1390464236
1497947726
1352027009
764462907
1656529626
1630757420
1669359127
1695285779
1713961519
1661067829
1521587636
1530582603
1635371548
1513498904
1630060890
1718222085
1604811531
1767716248
1491014923
1537626563
1011932160
1210836242
644928321
916975483
484817645
1459182195
1755227041
1448486160
1035193752
1611393363
1745289647
1056764629
1052989355
1449477341
1633075757
1564162065
772785991
1310995908
1716857055
1078522870
1529712455
1642881190
1741926748
1315005777
833352778
1766783454
1585330975
1746546034
1687193780
1244340387
1466166741
1779130329
1758235721
1501656186
1646508062
1152472359
1469817428
1760035141
1296382949
1495971665
1772412239
1028824937
1411832061
1536292020
1722887459
1768414995
1604754480
1165807058
1534841799
1581932745
1640274906
1083989084
1107831590
1615386819
1484294454
1761338382
1480915658
1697038216
1664176558
1438044001
1702052890
1572202216
1720375514
1718626499
1631842384
1727750193
1351604633
1713426290
1780090381
1657658208
1351583380
854098917
1393063139
1129444552
1642797738
1702998289
1471473192
1722834381
1596125243
618749766
1304132983
1273863119
1456835792
1681129235
986510782
1699674661
1652466067
1706414428
966219775
522155425
1304403650
1305851560
1639078668
1286457529
1697556282
1594298665
1266033946
904270164
1233102887
1540785433
1671232906
1399448238
1590783057
1716030565
1642293570
1754156683
1759361764
1528081938
1430838508
1506988533
1480408378
1439171680
1597406866
1764976032
1546215858
1782863117
662878169
1269511381
1476400176
1439162048
1569508304
1590817348
1587051388
633229247
1336150394
1710592674
1542546318
1577018844
1630739470
1162222008
1662617978
829151699
1436131449
1568834801
1530618671
1749738574
1608432619
1681646741
1537054399
1762632971
754825949
1138575718
1577814188
1759030200
1157999079
1569233864
1728978040
1551601164
1665189295
537875404
923443385
1338591369
567036367
1591544392
1629891848
1246029894
1775772287
1088626964
502107308
1657676418
1048916719
1114308444
1660328860
1650876474
1566703321
1667949537
1024263465
1358005589
1586604107
1041550061
1596161807
931403668
1679957749
1549942006
1369207734
1748490748
1169115133
1773606285
1764372541
1772595283
1781867327
1620887731
1013291442
1463237395
1249200574
1670064119
1205492361
1540579538
1426835896
1547288373
1698706248
1622912611
1221715529
1792856447
1656457668
1050572642
1629549240
1740113908
1215878490
1335374713
1173479482
1658304075
1732265101
985151009
1358251029
735198991
935048302
1319324608
1323098326
1671786687
1402212034
1386599025
1767218457
1244858284
1087400258
1433958325
1017203145
1487311202
1350178206
1629948726
1761564503
1242654096
1662792899
1736968622
818971831
1213793173
1746980971
1758305048
1329116309
1099722442
717068064
1672040520
1219572950
1585788258
1324304174
1628885103
1716892755
1749899764
264528637
1519435117
1649764838
1719930756
1000024145
1665076978
1321697006
1226148322
1743188222
890129932
1478764655
1473562147
760676890
1022382922
1432328536
1236375491
1770578790
1502438659
670198699
1419664590
1367914088
1556399696
1436846447
1219552841
1591642333
1527716420
1734419963
1769910282
1537410639
1560556817
1387259141
952997426
1382416046
1763399542
1743386231
1745268089
128198577
697138806
1606235771
1577544200
577682053
1770850291
1727968353
1095177530
1474896224
1484002155
1111629014
1732333548
1675601950
1076737286
1681284658
1651952414
1719644275
1724123413
1743692665
1488300720
1602375593
888823469
1396169470
1280058045
1295760178
1528744137
1727492404
1724665557
1120693395
1290429404
1638800118
1543358128
1516480057
1712795234
1086280713
1393654796
1761933275
878597599
671082569
1195417330
1602443446
1759602718
725664907
1580461877
657813274
1512351543
1557214744
1151009855
1285161912
921224557
1512980194
1708747846
1303564892
1225298593
1566883123
1748030726
1741087012
1192789608
469055950
1763794859
1113751114
1588607664
1242650600
1747530499
1754196761
1439960984
730470284
1465806309
1659556054
1205010254
1644746619
1469258044
1461252092
506040113
1224529528
1768639950
1482686915
1591504190
1729458909
1291150494
1540273586
951981606
1742416946
1772558503
1740212866
1278994452
1606844486
1663285543
1564094635
1210612313
1261718977
1537939177
877617687
1284614242
1234791511
1674212953
1682994121
1727949595
1472522532
1199912924
1049436156
1410781712
1532912846
1206343009
1542247839
502780150
904953993
921918310
1769441771
1506993132
1727830461
1763965794
1147901535
1604533772
1674589712
463921249
1742652455
1036764150
687583754
1736142732
1481815498
1682479071
832574031
1455927660
1563132604
1455207649
1349321977
1303472463
1492552986
1195933963
1736366352
1521521270
896474953
1770200099
1471133744
1250623578
1307463435
1729410738
1666439614
1726326915
1703233672
1541866508
1516984712
1306156760
1704055366
1650890674
1106752006
1628829201
1308277628
1578551195
1736485484
1580213199
1773977617
1142412834
1525644910
1399594956
1736986871
1235019614
1334770143
1685819369
1335333933
1302299214
1662484535
1431914597
1088015480
1280193548
1727874099
1270386864
1438776170
1683806587
1177760240
1027134644
1690542432
1098156469
1614321079
1312399411
1655877772
1444577070
1760505162
1669520977
1708340566
1726052475
1716818498
807233917
1494320490
1655732382
1694510950
1402869257
1724702126
1772795026
1294208180
1748818402
1739120639
880588554
1680950141
504364343
1752437378
1517416912
1654515851
1563344843
1741588760
997681491
1769957049
1783346065
1676356747
1595364967
1393830386
1446684476
1030181343
1441686788
1486442161
1331568547
1238909048
1126501700
628439352
1775593235
1549812676
1183364219
1104643405
1582685471
1719770715
609399666
1624851553
1360661547
1447536147
903238303
1649665637
1212381281
1609551818
1468059326
849225178
1100089722
1702260722
1579536097
889175431
1476034041
1575346760
1182905677
1279388955
1070844405
1093854809
1042625104
738942191
1547173594
1413535930
1664993252
225294753
1463508222
1003428482
1734305259
761542818
1189185419
1652501715
1627544038
1613588265
1510577657
1754508684
1276182786
873112456
1425909162
1747475893
1671358476
1279551187
1532038566
991890917
1495935415
1522498100
1750817083
946334682
1690972863
1006299244
1504667003
1738356369
1760163891
1419233361
1229920264
1528741211
1431518377
1666577487
1463287489
1686696286
1508183376
1750098119
1727608830
1161231745
1324623310
1414027328
1544946762
1737452440
1793842331
1107367736
1736893084
1668691094
1565157848
1152938938
1585934675
843381172
1578398784
1343308157
1769491672
1233978565
1277621815
838267848
1499840222
844765799
730696527
1447192493
748316325
1729699945
1284639652
1037756017
1104844352
1732664750
1066901042
1667330142
919913714
1228851399
728473177
1614034265
1760818988
1212806821
1297004957
1670830257
1438379715
957442169
1723193221
1211639089
728062073
1492769200
1790187897
1498058723
900262622
1399844676
1196005524
1542675938
898760913
1683983713
1575888565
1447563944
1585405220
1456077106
1672566728
1063582018
1432793690
1745723185
1273751244
881169113
1470974479
1321234589
874744176
1790498049
1704638572
1330149367
289610989
1534568550
1377421504
1728041051
1773929247
1659727631
1696157099
1590747882
840418316
1782690323
1755818391
1465202340
1546550951
892494487
1341816047
1605466307
1743086223
1590550244
961135266
1616638612
1661678440
1737063339
971187685
1122113849
1236362360
1050737551
1407687089
1561161739
1597082074
1241405440
1319415124
1250974469
1222285327
1612040355
1707929970
1131779488
1489937941
1775766839
1362595695
1700068898
1712945766
1557467248
1265766652
1635886517
1650423886
1444338271
1263064833
1534273416
1729520467
1647067004
1237213377
1236759867
1763522690
1483809692
1596188977
679192519
1294856083
1093306780
1785659877
1707506818
1280056926
483480010
998013805
1424998059
1579146635
1629400397
630792029
1358142498
786568129
1026207958
1055027660
1335378317
1448572288
1504846830
1752592401
1288278572
790324761
1232076814
1190954147
607805383
1238333503
1754960310
1282050403
1199829967
989301916
1206886207
1596997113
1549693095
1515574433
1569915759
1562406084
1147763371
1578493906
1638269046
1728518500
1094576011
887470801
1532091085
1609989103
1621126100
780610517
1504376279
864486802
1034517199
765618927
1420200483
1774757781
1200624409
1598003684
1350603267
1760863796
1756216373
1776025158
879194287
1202042184
1741803302
1741062440
1448181009
1775092139
1632992518
1622472315
1372175079
251243856
997828295
982594360
1551359969
1657809877
989507350
872321731
1759411657
1718097227
1730095134
159155970
1768179881
1411072117
1397865634
1716273865
758954071
1395104818
1765178657
1609106995
1526381218
1591046134
1176182777
1159350051
1765689869
1688830029
876208221
1725098433
1669614336
1713493187
885604420
1743899599
1218982359
1719113106
1778648033
1407317741
1441500681
1575958162
1413329050
1589489560
1534508548
1640879882
853307728
1486263957
735072667
677466234
1552519932
1465240491
1611877865
1504911149
1757423561
777192236
1554703534
1520226295
1746612428
1164681895
1420465776
930779347
1341190709
1732643204
1544059919
1321646737
831704857
1763679743
897141561
1776517475
1770444301
1636184997
1738575828
1424831003
1390075183
1405226325
1399458804
1550417540
1714729036
1194830566
1193692033
702480844
1656130024
1534407846
685049983
1077820270
1185359126
1767383299
968880698
1278986899
1303534553
1596834816
1566547912
1760715871
1488687165
1087890991
1697058902
660077913
1684916486
1554501531
1223772938
1291574864
1442565816
1243208779
584976278
1099736841
1774991597
823575206
1621026725
1707032066
1561133175
1671659998
1381020553
1775414753
1758534760
1615225945
1022368649
1648454376
873403173
1511352262
1785168241
1738946508
1665386335
1725368807
1426599569
1593178413
1692695839
1448941897
1271310142
1650605022
1416869671
1229951382
1602015760
1002816989
1198698816
1577757685
928571130
1231936764
672516492
1382168177
1510433280
1466246281
1668071301
1310410876
1457134480
264234077
1382232638
1518121774
601630996
1762675434
1449062774
1158227373
1507899656
1552558941
1564124715
1116925511
1687000953
1205693297
1214451126
1367015700
1464311832
1705077523
1626846679
1358311229
1568875004
1554280792
910936412
1570173794
1565946033
1396922205
1526010304
1789959837
1692460088
1525262756
1571949818
882826674
1585848796
1734543206
1632622312
1208225176
1157285812
1332773295
706467271
1493593793
1479910007
866117918
1288716986
1649649804
1070444462
1737066679
1669116351
1571790712
697852550
1754541035
977075896
1384118949
1210521425
958804751
854984687
1252549632
1651806806
1740537390
772483843
1761420657
742621026
1758785920
1546786854
1059413242
1454972387
1235866552
1782247753
1653978977
1573789952
1753992519
1018633745
813430430
1684244212
1506479044
1749122500
1258692832
1711922479
1511855197
1459440784
1577561674
1380722717
1174281171
1538611249
1447423341
1610998999
1044517781
1617994307
1717036431
1122206469
1697541333
1237414101
1554025549
1317255737
1567456694
1434144640
1771045469
1747006123
1629178015
1770723491
1541448769
1443638891
1110224143
236773045
1177860272
1657637300
923174213
1755804543
1179511250
1652429419
1789160401
1670965139
1474174504
1763400739
548859970
576504568
922965554
1556442320
1578245243
1726690560
1750776471
1773944882
775684906
926595754
1694827693
1173958016
955172806
1191747333
1106965933
1510775352
1727616723
1772925769
716789574
1188434510
877666382
1158616224
1577025875
560532920
1709052272
1710145808
970528634
862021536
765780173
1201328973
1755444045
1329261337
1325201883
1185876715
1704341351
1698900069
1755829178
1704258475
1434722485
735049555
1681531109
1602805825
914172611
1713980249
1384254190
1180280449
1411628075
1375302460
1761795454
938128534
1760182816
1631340904
1575271427
1377719390
1314127576
1754335134
1479607680
1721554220
1372754176
1460863975
1373482674
1477867862
152034187
1548252625
1353851966
953119456
1748875885
1669631070
702482858
1575060840
1554976651
1687503972
1133811563
1763416715
1360289839
1643428554
1670921618
1137155872
1458783100
1786763461
1732574777
1472371888
1115492682
1522321816
1493073147
1711960451
1453379197
705597991
1440884383
1753753694
1665711714
1197986870
1678956068
1456880223
1425252120
1739260494
630795128
1305361394
1586701450
1108370872
1604699495
1754241178
1585905476
1718857609
778502938
1478169521
1080679646
1588275656
1291777655
942248825
1702491880
1511612182
1503070468
1722548959
736040247
1532717878
1594707602
1144049558
1754454012
1776198463
964612543
1752411153
1740793476
1519547739
1737812080
1603468750
1482369807
1217225393
160756180
1106081908
525186685
1627919760
1429501629
1018101011
1477530604
1524855938
1485800493
1687097148
1042627758
1785218021
785057443
1426314908
907272835
1751480044
1752738343
1588903537
1476161479
1101770811
1521685223
1750636090
1299030227
1690211319
1740623781
1260115666
1656059384
1712303172
1431026232
1749250280
1793407759
1278547013
692645110
1727778609
1689743044
1751609415
1156512640
1679313074
871563079
722854178
1772219013
1007150088
1727196905
1091960619
1071508273
1589769035
1221858258
1790325911
1775750664
1643819825
1662012195
1771281059
987308913
1434526301
1654007429
784687075
949125587
1585724234
1647903055
1499077713
1764743151
1765190346
995976711
949938994
1089510856
1794993651
1352781425
913608935
1554335086
1459237593
928459320
1472768852
1534757111
1092409892
1763198407
1398645102
1276241810
1245630913
1793858007
1550936946
1682298460
1426417090
1218529082
1394637004
905109463
1469729687
949600153
1652690951
1735611050
659449728
1642603171
1733706269
1265421644
219301173
1709630575
1285011906
827569727
1787561215
1665696396
762324324
1725457675
1554328449
1743442658
1726942749
676229839
1570605024
1591329996
875988970
1260711580
1264589037
1619781555
1175672501
1720776782
1557096569
1645826358
1649648860
847711323
1471755649
1242194797
1135455160
1732086710
1375610934
1495166764
1651671722
784785454
1150493385
1768231119
1792038087
1761887586
751937272
1766270884
1590149574
1784621751
1758332396
603200547
1465453801
1232024765
1596301172
1614095300
266293877
1491594213
1493898108
1773758573
1457888108
1540679505
1710906902
1688608185
1710107106
1716133731
1480523139
1371845561
923621768
1579430143
1726400842
1477380093
1241994647
1387127689
1753844404
1678198359
1160461434
1418736164
1389520349
1741340784
1517904152
474076031
1505831079
1739564821
1473636615
1749175614
933829165
1148430470
758916846
1744505027
841778979
1486851266
1569663558
1485610799
1137986349
811801561
1636806591
1747483193
1770025633
1594628090
1088561415
660754207
900348683
1736865694
1255265263
1707449408
1333272753
1437916935
1746984222
1786824739
1716355825
1430838708
1200514478
1376550884
1697382648
1595130825
1167479882
1685527550
1056561395
1598781915
1622455416
1073830239
1763640033
1641159244
1551635067
1654378025
1285001548
1450262291
1559412716
1479191873
1156854062
1099644379
1560486387
1426239731
1404587216
1108168768
191670954
1436950296
1740886602
1566288438
1409704873
1362692524
1375989960
1578858997
799718638
1060207009
719508814
1501415818
1488295248
1791418121
1507180003
1222869266
671213378
1369545486
1691712058
1431416793
1364173409
1728389390
1734581290
1748043969
1453374325
1722363266
1145785645
880523974
1573931020
1438714112
1311810918
1103802808
1672865084
1275639198
1315808102
1525719240
1650923267
730863183
1100304590
1441450104
1125495763
1324577358
730911842
1322958755
1745047162
1239372765
613243330
991319643
1581825583
1741066158
1468417267
1430095443
1410623443
1650277119
1314300850
1684279300
1566916012
1681888550
1523617173
702945200
1720084534
1504287138
1445892682
1430163396
1180208130
1711170468
1754575464
1561220387
1783237315
1035227840
1457492282
292836993
1217268757
1050790891
886052062
1658851534
1413186731
1278067020
1668916045
1352238631
1675295669
1723154104
1721708282
1676300782
896537613
1763809869
1029603724
1757523434
1636965126
1521602205
1016587589
1734307884
1702445608
1103614544
1652032946
1469595693
1549347029
1704608836
1733987668
1395768833
1769973033
1686293540
1696965251
1154608887
1709174207
1430704152
519690475
1580978940
1570464390
921621808
1712300774
247454531
1422538565
1457477942
631627308
1664843564
781165820
1561526913
1622118113
1246013101
1268353231
1152392946
1091641512
1754805144
1299667869
1759170000
22609258
1218416423
997020915
1706135163
1563217632
1755657737
1745096525
1468170018
1621036413
1656205101
1261952633
985903828
1214454590
1760279057
844105199
1261487629
1482915963
1662761970
644725909
1548549098
1527080392
852920864
981310906
1099128617
1592074898
1066334312
746446858
1014702511
1301390981
1609488645
1750834036
1432922431
1677466342
1609099538
1359939370
989530790
1752812423
1592076518
502794130
658567689
1734056982
854490871
1626824319
1742613112
1699255805
1639547273
1766289830
1776354507
1737952564
705677623
983393310
1215138939
1418672283
756859304
928460567
1636193387
958054433
1287268664
1471030439
1053394612
1155980398
1740959211
1331213097
1120497430
1545738732
1637994533
1619918843
1416462670
1384831995
1723406754
1741525086
1020138206
1583330988
1520228875
1765667886
1253435911
1020453494
1707162630
1367617794
1587830887
1702087079
1308411414
1183295726
1287389222
1226640978
803351017
1357319811
1706654521
1576709300
1791664231
1455972712
1554408698
1701066240
1750621108
1417068243
1755330619
1741752324
1459853706
721076671
1648402111
630113729
1517312873
1536308462
1470334316
1682108287
1763803741
1654875086
1520969357
1266162200
1442891818
1374109586
1450369786
1655999619
1672072158
1565645629
1707777865
1717348033
1612685993
1210464216
1561704008
1739955701
1531939094
881409791
1089215481
1540104051
1074615125
1478674411
1754036148
1013183053
1410538950
1368172458
1343166712
1723549627
1238790134
1678772412
1396106385
1541085944
1610010316
1576409428
1752833344
1281801412
1313099639
1306649500
1789506757
1653928856
1711207680
1645574371
1691394210
1592763805
1219480513
1448273287
1583997400
1236519630
1232398234
1675570296
561316346
1776332899
1548428377
896493599
1019965734
1567850396
1425107339
1532006092
1333800539
1691163610
1132775096
1735696178
1512493754
1510169419
934586474
1699919028
485924853
1552186750
1662203570
1453794204
1551016202
1716968356
1632522142
1755077147
614539024
1708091862
1543390236
1144039612
848428501
1358487695
1575511119
823886237
1290205199
1491922630
1546115655
224937307
1742118620
1534172420
1207542646
1748973210
1490456425
1372604236
1761152491
1241162379
1696993723
1653503338
1396764896
1593427597
1050982119
1492383402
1770603449
963581154
1592226082
1328039186
1050403118
158866129
1607309620
1520738571
1751519739
1284847712
1724960910
1760952961
1355150453
970115838
1703174155
1475056704
983936671
1720733834
819368768
1361390907
1761115758
1165847750
1738967539
1029638431
1710685002
1465308062
1760434927
566430896
1641254715
1751024044
746301287
1730710651
743385391
948487546
1694840810
1015650894
1515364250
1044615917
1604012041
805974583
1535693417
1335286059
1694123254
1582201903
1518760839
1649570095
1361719985
1530769934
934601544
1708700328
1119508636
1532782257
1252221278
1698988741
1697921134
1482829122
1716681802
1290656656
1706648465
1497149738
966929798
1061140745
917011868
1738722694
1062329856
1585855917
1591439909
1704194227
1639739718
1391678639
1483793551
1744372758
1684825913
1558138389
1695212618
1065033143
1227613148
1170902683
910900243
1362124740
1572336255
1375620766
877293817
1752672902
1581411118
1329805813
1796008899
1656197955
699827979
1488208637
1160156930
1005057112
1749070942
1078659220
1553481157
1534239334
481777430
1411212114
1631637699
1193291983
1223954123
1090406751
472311277
1169986054
1699994374
933529848
1583147514
1767954451
1673304182
1496468856
1687432605
881318806
1769286396
1773348127
1699646209
1533942529
193481169
1767995668
1549944244
741727286
1724798249
642892464
492801243
1533714136
1423084066
252488288
1728261072
1589231597
611344930
1700526251
1782297305
1727276594
1747209993
1667692562
1513340209
1749213022
1407109626
217927528
1577530948
741653224
1321085964
1630847018
1047662213
1534055207
1791113185
999649114
1719645962
1769974221
1750542866
1785830445
1438973503
1216600104
1394874819
1691056080
1015508186
1681296524
1632542655
1731036789
280296608
669384265
833546184
1200815068
1694800361
1513237008
1546406746
1764771375
1632149354
1583090856
1606745637
1419735150
1060854722
766180922
1341213395
1408033059
1365255058
1545809630
880934321
1731425948
1516227160
1671168294
1622029486
1534704861
923265510
1143372568
1074873774
663458052
1724390786
1412321502
1067158236
1417202955
1391267655
1450150228
1164219926
973576236
1708913059
1671557362
1039269425
1722317166
978418166
1470319809
658681978
1530899851
1089660088
1746482161
1496011714
1515992128
1746630808
1601598095
807423297
523016422
1570059782
1134038413
1181620401
1753459794
910903913
1528205390
1663343363
1468886702
1633558799
1566932256
1186620031
1547415354
1183855327
264407529
1037345984
1478917703
1711742989
1353445718
1346545281
1159871933
995749408
1545271161
801622728
1769756833
1557935735
786378712
1644229285
1539115288
1584150537
1781266469
1057649292
1568188881
1790206551
1252629348
1712897020
1302818715
1701654791
1096791141
1633805014
1764315218
1382741909
1525978376
1710224457
1311109846
1444992068
1091804901
1585743183
1545702851
1686889008
1522276346
1259728743
1715169647
462869659
1445604862
1377428632
1375753743
1483792734
1603155107
896977492
1487077369
1788835855
1392481523
1700350413
1168301630
635630723
1732803112
99847073
1204103108
1645555721
1392669444
1582851532
906291758
1745549097
1721772020
1776802163
1485420003
1773500775
1743283910
512780393
1245589851
1668743587
1171195840
1156267034
1634151210
1695916290
857952930
1706342422
737115054
1141680573
1775738252
1705667211
102278400
1390403003
1460935225
1081726051
807520943
1424061325
1372041588
1744159296
1484732405
851010439
1703410441
1526650797
1732193744
1305885008
1701991177
1762760913
1730556954
1667317852
1347343979
1546944113
1457275160
1750257374
1536766178
587010184
541598900
1378729162
1739468401
1513401721
1121781276
1593426517
1669547855
1774257103
1415249077
1391995425
1717327251
1294653638
872971614
1591301919
1717701348
1266239452
1778957095
1756958302
1410243975
1715337466
1575565322
1607259495
1655291452
1700965205
1357893266
1586582970
1770688200
1744246542
1743838238
1325193653
1653120534
1391960422
1119480787
871921464
750527054
1676407422
1175269261
1755985328
1533683824
1763308453
1324830888
1581945255
1636038081
1338578045
1542938136
1551469249
1174323700
1727693207
1059518584
1544473904
1587360093
1071128026
1077047340
1724762066
1728426209
1408106776
1722654680
905242498
882076509
1746064178
657404663
1584332165
1776113197
727691524
1557456326
1653174473
1502369662
1509227333
653326517
1239338193
1357660429
1753082995
1160070623
1617398692
1151584786
1710468819
912528365
1626966188
1211819499
1732197572
1778466097
1655890109
673364181
1771532287
1013067340
1475861743
1788888091
1673952255
231046000
1108947789
1428112054
991553841
1331679634
912330346
1458910853
838968933
546641674
1767697363
1736927143
1499775779
1039830010
1706737784
1100728035
723688302
758075324
1772140607
1211422908
1442396096
1736001374
1590582637
661326949
925733735
1289375062
1732303201
1513197754
1552208272
1481340592
1679864428
1774434765
1172391295
1719634741
1593162796
1545003644
1450884407
1294058385
1708367239
1754935501
1292452266
1327695707
1535469356
1580128790
1221844355
1763289153
1781643210
1476400824
1759521409
1649927009
1231704414
1737726995
1277442222
1788667389
1726628671
1763312509
1671267630
900247864
1509552952
1294389590
1702734059
225974202
772029722
1439914706
1391277279
1451701673
398485139
1751051534
1669505804
1247374142
1050925678
1386381889
1548015510
887589764
1148963228
1090340325
1667063830
1705926511
810856351
1558124747
1157005180
1737319781
1301472498
1202175007
1445990337
1670198259
1280324780
962983953
1122063026
1340529370
1221852212
555002874
1268225541
1604532965
1363107165
1326958487
1190243329
1047822980
1697955229
1281624943
1551944780
1657166420
1286011674
1203655448
1541513982
1282494034
1510100279
1699262414
647185649
1128001995
1791004485
1221969470
1288863124
1709842051
1062117284
553245770
619821734
1610128722
1781643140
1633478115
1633326824
1426926936
606958676
860625694
790081843