1778465484
1432127230
1721223545
1237324095
1107185857
1773566925
1766688887
975055119
1758973536
1685689608
1528281214
802088275
1764956378
1772229260
1216218197
1572203314
1493617649
1341434332
1747792681
1416987898
1772651891
1587375110
710806254
814372653
1372100501
1540668049
1718968645
1788434425
1237313893
1665684891
1783853921
1516196004
1634206264
1765397361
216742765
1718718694
1769662106
1762839986
1326893122
1682737428
1730191156
1763513820
1737557840
1716220636
1241096516
1397994078
976822661
1043183960
1733374716
1174347834
961638021
1614098798
1525257130
1773598605
1696231101
1490742088
1143493830
1521678282
1222581138
790081970
1401171185
1389853325
1029613803
1734797200
1707791836
1549936263
1427004480
1738899030
1506057051
1773008413
628061083
1621834990
1628270035
974918595
1754908827
1277964307
1236331178
1731076279
1330767963
1755872851
571302691
1770015783
1696899788
889012424
1323511734
1712160022
1741086330
1653818704
1417232903
1476952558
1590402075
1693251335
1133166294
1760607535
1351022191
1540407142
1456720799
672605607
1468367527
1665629990
1691096361
923157057
850410609
1561089968
1518124682
1725860207
1243445686
1717687350
1556498632
1092233358
1317811756
1532975056
993443346
1744974166
1208095710
1440586665
1395620772
1707033316
1698900069
1605694133
1296121099
1749213748
1340361172
1485660255
1653922917
1754907079
1542030490
1591855897
1747713518
1507781777
1381676816
1416652210
1103237673
1713503169
1728554445
1713313069
1504843339
1588031492
1374701598
1290114444
1749661127
1789392895
1282615144
1157739378
1716704831
1717641340
1036293780
1509607650
1722201961
1150011600
586813766
1503880658
1676961516
1630805343
859830749
1747972135
1726840091
1636185601
1574473337
169834527
1516793255
1187217983
1699125987
1168117982
782365782
1696220278
1148764002
1665056115
918857428
1745641487
1575547558
970208412
1706424264
1580011434
1708241786
1709462063
786373656
1237493797
1099787052
781079369
1449852208
1616836417
1685617080
1748221877
1077539616
521650768
1738454055
1745073997
1730440549
1405434362
1708806095
1215260093
1278806408
1574196900
1427040127
1669675702
1719471036
1737482650
1620564054
879258953
1744686935
1377657429
1426221223
1740188794
1696110694
1726854965
1687401083
1119365130
1254013976
1709743552
1499008948
1487431825
1715806879
1651124060
1745059240
1755871164
1679725202
1471012697
1372515030
1267786197
1769967117
1760291544
1781812841
1743471343
1023099765
1644838700
578267244
1456880388
1670236632
1735512602
1545233356
1406119969
1206828829
1068472732
1569236081
1604694665
660966437
1724971689
1760214142
1476859001
1234759343
1189955105
1523344784
1246872823
1368167198
992091750
991948269
1484733311
1696078423
1759953426
1785441497
1668031291
1507485899
1243492050
1508513928
1487272551
1755630098
1775062913
1182444762
1777580473
1641380632
1344085798
1783102879
1726450085
1580057381
1419963453
1227809240
855891896
1487712164
1677664632
1691760460
1492338487
1745998598
1773382791
1724655105
1522112809
1493347988
1779989233
1752485054
1752896997
1352743267
1763818458
1759952766
1757850539
1344985221
860346671
888621784
961090149
1772345219
1722894243
1540802673
1382430037
1621265842
1777279692
1369674098
1646889598
1774070690
1698892836
1576235976
800871936
1754053377
1219371115
1309841747
1621109908
768608452
1289743515
1293392633
1726595311
1532045040
1619397980
1757420989
661650862
1705263511
618001392
1452624628
1732524980
1768865728
1458390989
1271409312
1692545547
1670862986
1456814138
1590487124
1359481556
270189567
1733432733
1316677335
965245133
1700842288
1483979591
1699272641
1703764948
1262037652
1117435929
1505373979
1724115017
1746891230
1666316260
1756516015
832625655
1783106055
1722660011
201692664
995483243
1714407118
977184132
1730982916
1392715992
1412732556
1473280796
1748563162
1728578102
1754418778
1778213041
850697860
1777943225
1460884983
1634403862
1459574762
759035212
1015100471
1325174061
1697726704
1716657833
1655918400
1629905014
1735872483
1505702826
1723990334
751261972
1746144899
1673975404
1561795854
1751985229
1590635299
1520731564
1755886823
1768717934
1724242707
1523301810
1700615602
593002295
1599081324
1046942098
1199811676
1676968447
1249525999
1706525765
480322473
1646008023
1003332512
1622370820
1135531667
1710219494
1535796745
1326166300
1781350737
1493154390
1734431439
1427278550
1347201371
1473069160
1770245487
870217931
1654788659
1399804134
1706914622
1269255692
1007255624
1742065799
1607904589
1721212987
1219135728
1658629586
1746884824
1306895031
1671379076
1752515104
1768432282
1530017930
1693930389
1496783758
1391953742
1785539135
80732480
1649213434
1729371684
1458385329
1602956842
1409036628
958542199
1761151534
1165601499
1386213164
1744605338
1203715158
1146079756
1710532812
1781902237
1742058037
1648918996
1690649818
1740726682
1237664426
719789607
1698483789
1774433800
1585083473
1697294034
1585262970
1594071318
1541166393
1480189965
234354099
1776002484
1773304581
1414606421
1768612774
1774397893
1588490076
1572442019
1012812028
845898426
1642098071
1474448695
1383229731
1084047044
1377685441
1099031471
1452496029
1653914641
1596145459
1676327210
1649732915
1716612768
1579465547
1476148426
1574789032
1656517334
1293371073
1582933249
1503406201
1760278975
1770040710
1328348106
1716341400
1731861365
1637946393
1568756600
1577065321
1609656030
1741493835
1748153552
1740324322
1757473728
1340361288
1458394377
1730434581
1677107304
1782745595
1520596033
929017322
1690346002
1101251216
1577125816
1307504755
1712675566
535194757
1756163551
1058778811
567923901
1752691108
1721529362
1255869915
1724106987
1719497995
1479114037
1642821525
1717071231
1309668670
1569225431
1586763894
1495096263
916997458
1408233865
851112060
1593107780
1670811119
1532461468
1060120035
850739286
1768296450
1677407013
1733784971
1306670505
1187098741
1738365926
1774996944
1389054584
1590408245
1735498072
1730272056
1677255228
1564914976
1550640437
1737815702
1270379208
1663335932
1470408277
1168744447
1505909816
645364205
1480533423
1237041844
965465664
711557731
1684219773
986064727
1582715144
854469258
1465389942
626207058
1440615461
1084596260
1750079800
1665570571
1430837921
1764538503
1516207524
1327793862
861198743
1566340604
1298420165
1091461496
1594104281
1453301455
1016138551
958089063
1672029456
1586699944
1420402137
831557921
545163190
1783452401
712800765
1101291750
1538858028
1776146717
1786326893
1409721062
1525876694
1510881282
1724273343
1543620154
1531977745
1708295594
874076108
1696756255
1361557945
1319332510
1729416027
1630948424
1730493201
1046952896
1516861806
1562999268
1261805815
1125694499
1027063793
1672670780
818572902
1470999339
808747669
1738137111
1248409630
219501305
1735618322
1748879854
1626643867
1465399849
1688360556
1291042345
1714377420
774183906
1596857167
1711683018
565676161
901968312
990676243
1492742580
1488405379
923696156
1779442551
1685516846
1377928086
800077187
1242421965
1658279330
1572165286
1781266883
1416990820
1299540891
1509738244
959512424
1638134141
1468438538
1545683172
154856148
1484879100
1695498683
1122831550
1203236967
1589575950
1691181068
1493141660
1525857324
1623966717
1056958057
1692902568
1755715366
1522460097
1492445263
1681323156
1750650901
1735713445
1727666466
1367587900
1758872507
1590409043
1725288104
1644788626
1749889890
1719623966
1512438090
1551427166
897648222
1628602782
1628191437
1731883645
1755464639
1120854565
1467727479
1664554379
1659720161
1155288627
264797364
1746164154
1609857991
559091385
1313828836
1677180933
1486823855
1483491859
1306892799
1483581094
1696252193
1724753796
1781477791
1752135208
1084165284
1783858449
1263733736
1692880888
1651230488
1653460160
1754596536
1589982551
710103829
869818687
1772701413
1664121074
963271465
1483400849
1754936019
1743241793
1454069822
1672619726
1542360680
1768677715
1745362925
1606972263
1656610110
1655261980
1428271848
1251763559
1524544814
1579697179
1242676529
1735927540
1326862584
1776973001
628075873
1053790653
1720266511
1761874224
1560903855
1743299191
1422465753
818055601
1640275086
1171291754
1480095586
1693526603
1660439256
1216762355
1572206602
1464353170
1292858924
1722983435
1783282907
1561110542
1781345522
1490745312
1624532721
1667866492
1380087597
585886341
585928345
1373141437
1690357468
1712143262
1690206923
787419300
870091280
1456853966
1541447999
1218526506
1637740083
1769089926
1744218233
1715956932
1323687069
1671631066
1013060193
764327099
1611428233
801785583
1626606963
1596719391
1729740406
1592387688
1444215214
1520264393
1773620556
1111736027
1751496135
1107183711
1775099697
1785816937
1750666202
1652293845
1595253473
1760080902
1649784206
1737229473
1549939029
1535273817
1465368803
725439009
1725734933
1453275170
1416954300
1650605298
969196700
1395326585
1698490525
1703984280
1673944579
1737488276
1525297786
1201739024
1341951434
1534322724
1579840968
735530446
1454026728
1622981804
1660977189
673456214
1652202781
1763422934
1477192146
1769498114
1745225558
1727093257
1552643526
842170237
1767624127
1712115474
1161474526
1202266395
1757920546
1052679478
1684818716
1692486379
1767908878
1591597925
1723787296
1038228030
1754202656
1738280166
1647150243
1508867148
1755394715
1657951139
1711817242
1054529833
1447306142
1055735857
1724451223
824067216
906908765
1584699162
828214140
524083107
1689757288
876549795
1708195499
1199888457
1318930903
1704020824
715713974
1389610344
1522468711
1677019625
1752221764
1442655559
1750219328
691131134
1602648026
1526717034
1454220051
1281344605
1714357737
1718268407
1157391921
1734523570
1728407154
1513750550
1748165458
1759032618
1036826586
1402317684
545918154
1395967581
935620903
531282033
1330565386
1055412876
1473815405
1709778511
1493750667
730792240
1742762922
1376944388
1320553380
1683236921
788115786
1736957112
1657628938
1718264736
1342247605
1269294247
1755275503
1731769203
1314563215
1669107072
1283345423
1440753587
1442394484
1670104138
1742055698
1778267010
1387212596
1073537026
1266141495
1196385130
1689913053
1751992974
1118462050
634591099
1714198535
1695699555
1086962401
1652417329
1340846947
1703982138
1448311695
1048280678
1282397315
1060002574
1477821157
1612511419
1580829373
937868216
1740628252
1502851622
1213195773
1435480621
969253836
1286136022
1748837226
1552201673
1420899054
1478940539
705247316
1752022517
1621726221
1465668326
1780179081
1587916977
898901840
988005766
1613426042
1591214995
1736417048
1596632875
1724246470
846429090
897063717
1776209609
1737016776
1664787863
1405745734
1133528413
1384824598
1755976524
1611583469
1398796650
1597481595
1458225253
1644978357
1754929682
1289738735
1434264716
1697883641
1778245502
1782350991
1180379625
1746707033
1353421516
1662726139
1742861909
218708704
1383249840
1513386673
1768143364
762092098
868128147
1669173738
1360809969
1453484631
1743621360
1524965206
1360952220
1667111203
1526587378
1626969230
1744250537
1360127762
1704799771
1051512620
1683290492
1549410309
1790916165
1242611678
1783444764
1580542490
1157268044
688299880
1341494899
1499155033
1509945484
1318376177
1796666373
1778160680
1781283151
1735159280
650100178
534775699
1776062731
1426987583
1295466133
1362218478
1754131670
1227721583
1760025908
832526517
1542221974
1393048725
1775037958
1336068430
1458537563
865800445
1400418114
1464348958
1670221005
836403299
797545343
1568670119
1772308337
1255764467
1597286920
1562346325
728381004
1679848493
1655716363
1504484237
1633947264
605499346
1378332725
1663357188
1499186095
781309317
1766263257
1647895524
1190491777
1706648376
1012545303
1614051180
1068504568
1506784205
1096393952
1703942344
999765825
1408676988
1207620961
1502439702
1603375372
1695501325
1184395313
1354348297
1061899637
1794477851
1492850382
695968925
1756363152
1469645923
1314484263
1495169169
1537359849
1401172865
1136869850
1529904424
1456087916
1126630545
1100899474
1701640110
1765148884
1478615199
1469673631
839675095
1438415939
1749917034
1723092338
1256498129
1737978207
1772628287
1709883598
1788422009
1131325391
695886493
1473410200
1148774401
1760253194
1129727267
1763142674
1558802474
1660590987
1078737758
1685251384
578237115
1528361498
1366789600
482464328
1665897820
1281448582
1300747405
1101265843
1666792800
1134933670
1117327198
1712914376
1673927197
1086274432
1335342697
662262393
1360657432
1627542495
1255809412
1503404435
1507871159
1565533988
1146782685
1704373833
1766629445
1621054692
1128423012
1783659700
936856558
1755380376
1702034723
749419375
1730437647
1541640655
1121425006
1793351999
1137485462
1132826496
1489193434
877270480
1688668668
1114158169
1365580408
1716227813
1678948059
1746304634
1131192955
1776785344
1352480714
1071821638
1614708639
1745055324
1700335087
1371834052
1005642013
1477265694
906373066
911314056
1458410541
1650613334
1016392792
865894624
1749890438
1512677114
1311540190
1556432224
1048989470
689457328
1754949340
1497040372
1726785148
1788255785
969851603
1603286771
1690335202
1618095739
1745224376
1746268390
1271118854
1736026800
1254695139
1295789536
1311193093
1655585992
1618099845
1609746402
1689799698
1179686615
1278054573
1484980490
1163233860
1738463387
1526973356
1017320922
1685256161
1357908426
1768309424
1278211922
1573276410
1616496955
1760648284
1694328476
1648848955
1765284115
1273251341
1677561685
1626613677
1710403557
1181644189
888126785
1733605251
742389307
1320411203
1261324288
1096817346
1651759821
1324978668
1730502746
645587810
1403014082
1698096193
1738913960
1761335403
1593102754
1644395476
1724274578
1579713717
1547829184
1497792918
1525812190
1722545941
1048281799
1632142857
850157170
1771907311
1351799336
1082235430
1793207767
204717008
1683281211
1433281741
1780698642
1517064305
1498351503
1661249955
870135172
880805078
1576100359
1204108292
1240798824
1775450184
1642641475
1412934004
996581676
1718672156
997187646
868744726
1682482654
1714531239
1065011669
1589272411
1781993807
1506993480
1090348781
1650456297
1130352112
1454163078
1614210131
829849134
912478797
1650012322
1553072615
1589965537
1664754108
1752986467
832414788
794539919
1735825824
1707034490
1745621204
1057654356
1644847480
1767704468
1660373785
1767001477
1679731256
1591805937
783772255
1441802239
1160107790
1699212302
1308291582
1001480765
1746261914
933002935
1797775717
1738106283
1795819889
834824561
1653767669
1579404468
1754820059
1096166817
1123007647
1670279528
1515869205
1726525537
1424252796
1600736488
1790016833
1500406352
1547970257
1651905734
1360180320
961104166
1033861400
960333196
1526775661
1082235938
1348109297
1766601508
1608554901
1553931712
1430865431
1525271009
1751104006
1665406635
1684380345
1665555142
1560486573
1137600443
680470337
974303731
982948706
1766702083
1387943482
1067291313
1726820902
1188506036
1673033375
1250200630
1737937837
1613158107
1404660004
1538815677
1134814350
730608259
614224196
398065455
1647163543
1160714438
1436368022
1522992463
658886336
1623514557
1701543253
255154170
1494414655
1143601747
977988214
206490089
1630495469
467213433
819731414
1526989350
1653707050
975548723
593051143
1706011196
1160090655
1479569138
1768038429
1763471713
1705805862
1610635732
1571330642
1771070334
1719005935
1563846112
1148737883
1071605843
1540228403
1494555131
1737226635
1388569261
1358268625
757145359
1577032003
1166113341
1130212906
1211099331
1584420243
637782982
1259486607
1142265196
1524768231
857535026
623272648
1652812220
1359293443
1681957148
1279895229
1440769703
1665505247
1387488707
1475216954
1403013898
1348918525
200432819
1630989341
1729394098
182482491
1030011393
1203019435
1551754745
1231101005
1465608149
1742691288
1620389741
1738595328
1392773909
894357593
838792174
832637533
1735061808
1640419765
1535692946
762257612
1214551660
1101203025
1018280614
1657541512
1613348192
1782561586
1524805954
1796553453
1189447058
1692161215
1642502983
1566843002
1479058774
1735379644
1708859097
1377382869
1707827126
1772147562
1767949951
1701463052
1690253465
720834044
1196937931
1531628224
1696221998
1559112063
1784461063
1725859357
1321480794
1727946580
1580094303
1777274646
1120194371
592867849
1699823867
1140860737
1727549541
1752432032
1651206412
1615599351
1516696315
1743179665
1611230878
1352394707
1240058731
1713636555
1008369653
1737167808
1747693897
1262067904
1217378051
1596759112
1650281911
1094343342
1323353476
1486984367
1740924698
1589808865
1779565314
517473440
1427374255
1780946447
1735140310
1721284906
1654476534
1628835158
1733952396
1527488406
1693052927
1290535312
1453748279
1686905106
953133108
1433033745
809767446
1676072022
1233919763
1715795191
1730003071
1646211130
1428575281
1691183199
1523255182
1431154528
1243784208
908887815
1358934296
1737752142
1790428403
1575722505
1042862148
1633715199
892772644
1103433193
1646321123
1004017377
1758361769
1149238334
1657214771
1742683763
1668362642
1023414898
1411117593
1317300098
1271714611
1748535679
1660342480
1248821215
1302724541
1771650943
1569315307
1665182228
1698741494
1570843986
987486409
1482536823
1752955975
1680767267
1002278462
1285685346
1493390444
1557283505
1483397171
1173580923
1326170326
1769053093
1785428589
1090724108
1612666687
1752737682
1124879960
921512975
1584894024
1646472162
1767185471
845333547
1784132022
1635458996
1201516839
829954924
1505261467
1789451783
1260203308
1749685045
1660817350
1694886319
1762111694
1437066918
769375578
1688142419
1736333737
1211105961
972959054
1555973267
1761375879
1299265118
1771273439
477985814
1485541625
1583509523
1104613739
687798558
1291350151
1705287307
1570051347
1242251830
1244292651
1447912104
1595971259
1530263272
1773968763
1231456179
902076287
532728560
1337421358
1591477787
1659830756
1429196999
1659552071
1109616099
1500707081
1394366045
1729978995
1780170003
1065221334
1773166158
1728081031
1119393998
1778681503
1733685244
1011442911
1517813390
1473793435
1632210506
1504684138
1561535990
1755214602
1737769540
761388358
1703177301
1675529624
1635548544
1503664786
991148233
1691588101
1568787241
1690557759
1468077202
1786899105
1318576943
1639824216
1771165349
1678227747
1768332390
1698852858
1761552370
559504150
1456062162
1091171914
1303236735
1728243471
1660375916
1633320738
1642062875
790143006
1536543225
1197741933
1442433300
1104479920
948721001
1124557317
1756694536
1673086943
1497730807
1449743307
1735666130
1492774705
1604570149
1419471134
1105508217
1657883918
1796562399
1691904910
637743690
1683099964
1362145397
1760878994
797721559
1202007056
1746866062
1762360008
1600219018
717448469
1535833587
1756164600
1341869676
1162668013
1569806596
1494345046
1780465361
1227019215
1715168122
219320982
1078678485
1740239990
1195935518
1485072448
1712159639
1063494081
1197861332
1765389317
1404175196
1748293647
1611584169
1555075281
1733697918
1613498113
1635584861
1685646153
1014981060
1440119509
1757506087
1761211468
1492803737
1528100218
1645891066
1693820434
1328330151
1424629837
1722092776
1709472558
831895361
1021447072
1232966508
1548972132
1571025955
1478497026
1611828789
1550747103
1013976763
1212279893
1019560220
1500451354
1582083059
1646368253
1381992760
801341553
1759058709
568936163
1438646751
783617234
1542414318
726668138
1736558015
1689247056
1775183564
1796555703
1670666964
1338065975
1695226444
1755898321
1732127592
1690022594
275544476
1074699288
1106282759
1773226468
1696887980
1615185434
1638794392
1669031776
1579823150
1770718479
1688881517
1772124826
1742188007
1767076509
985877031
1539766556
1707576829
1156909239
1588320196
1501055082
1547239949
701234671
1770788834
1777232446
1766293368
1727686971
1517764757
1772971650
824345679
1601934581
1309770589
474480012
1777500788
1657621749
1734729603
965926393
1398081764
1099590739
220437988
1712902420
1754750248
1710616663
1594786299
1754898147
1204666325
1485210914
1447076346
1664585259
1375677845
1744493268
1509066175
1755387029
582514952
1198478774
1073320251
1266298137
1709697890
1695935505
1695586185
1597469201
1576180639
1341185625
1580881813
1742746154
1165343521
1270916441
1263668890
1734936215
1767735476
1245227441
1689555327
1777276468
1583229450
1761835648
1634222814
718286347
1429203426
1755284996
1588211000
1482718716
1745130251
1774648186
1568406015
1480002975
167375682
820379097
1726889352
1485939113
1743769438
1716950166
1124748008
1593623538
1340083709
1795195607
1188907059
1587725215
1122648250
1631055997
1775601962
565044144
1787801017
1507319491
1095777629
1698275963
1607571126
1128705225
1717072254
1766035610
1484109596
1306637351
1762613578
1553214754
779872708
1363283124
852216966
1222409564
1731787811
1531521638
1503544221
1479224570
1675014184
1453944564
1590137995
1441072249
1530348923
558086981
1180584038
1687651462
1518795942
1793302971
1459592650
1661171771
1333649895
1701128761
724983843
1780714337
1459757641
1365335706
783903946
1338442551
1128039161
1441449552
1624545443
1473588296
1580365144
1478453471
230336570
1668062560
1468244581
1571295530
1550200730
1774829712
1005613367
1662830825
1762475607
1539485610
1711921636
1643430216
1256275285
1792096143
1709482293
1772785239
1118292944
1022136691
1130723576
1323644327
1736182008
1623171361
1783852351
1594205107
1648837209
637089125
1207664835
1461143990
1772656346
1399786155
1726425416
1738330903
1775630141
950779627
1739228465
1464365661
622958377
1644176244
1641389026
1577461293
1471148073
1517097113
689096853
934088864
1104028621
1715207245
1281359076
903508110
1096583769
1732340223
1717557237
603668119
1546069737
974608052
1354176141
1598558914
1570184233
1422025537
1326868057
1770994280
1299780217
1736238137
772587623
1732344789
846688302
1575176895
1515670447
1164400967
1555486611
1756754683
1037636682
1502928630
1473461764
1663155768
1288959158
1766414929
1732572400
895001320
1452370855
1723198091
1093372025
1232007993
1613203281
1602949328
1484388771
1047811694
879845762
1380284355
1472353460
1614271799
947046695
1733590686
673723258
1634039638
1693505570
1312320001
276100688
1598379444
1741426210
1239047857
1445247303
1068466370
1006625740
1625468774
1717112245
1430585461
1748531403
816942090
1780991814
1793809509
1557876560
1514382351
1424220890
756578774
1427276032
1473316796
1784359765
1404795210
1746574084
1726309893
1622998698
1780995096
1206632602
1746409201
1758298242
560623643
1502436920
1373262951
872921352
1018766650
1384353618
1748286085
1202276888
1123504260
1745897239
1787808813
1673317016
1306271914
1516665965
1430354954
1678797228
1511241539
1486678880
1760252981
1672778584
881322454
1513835484
1315618103
1756724086
1110352719
1228978399
1601331966
1247868989
1473811123
1739245573
1647074171
1575929251
1401549156
1791170009
822790289
1770742059
1670470686
1360082253
1254961312
506314607
1593785793
1647177028
1626830400
1755546943
671611819
1775357111
1487568917
1040027720
1468153615
1636729516
1584079802
1553278882
763124938
1033784184
1795195361
1015080915
1488337131
1325304822
1729222856
1640155237
1720087097
1217484062
1463755690
1719484552
1301976202
1745355240
1773005964
691033402
1267559182
1454550821
1249252955
1634346928
1643765336
1649832504
491540314
1402277884
1433757462
1148592632
831871888
1523743829
1046778625
1777160471
1419857422
1066118155
1397725467
1708816854
1210476589
1283206954
1775691732
1533151879
1264827036
1249248257
1001651683
1540942113
1498640582
1585073892
1224881382
1143565704
1386166266
517470576
1583604745
1596809197
1157763288
1678269260
1775626708
925756448
745085246
1747429108
1143110232
1733169440
1484696769
1596624331
1587778890
1641345957
1340946889
1717530048
1267574164
1018611018
1751130937
883510323
1718031020
1664429590
1757780896
1057253761
1140470349
1780714368
1365342366
1658725740
951599278
526144161
1780993928
1444923034
1108685590
1771405340
1669458558
1426139384
1404069190
1150269745
1058334049
1130637663
1367940190
1647584161
1526834467
1561061983
843743149
920277282
1227890375
1618511164
1754329401
1071769621
584233927
1769188044
1015644363
1778803817
636876719
1768553236
1163722681
1206152207
1778419300
1753914132
1380229306
910926162
830775132
1440617753
1497117439
781922661
1775675178
695962053
1359332467
1794420253
910376485
1633624656
1395132117
1328501173
1706070034
1636930337
916465674
1783321207
1678114565
1640678940
1501687048
1048075146
1511102018
1733498013
1762033700
891295039
1494075600
1398382347
1772661927
1761470938
1569342648
1409786427
982127931
1760357614
1179719114
1519198478
1605290496
1741597104
1732264537
1795190757
1243952346
1096144754
1700084714
1101384789
1496634130
1713155036
1529101081
635216566
1711287988
834688030
1675029065
1142130478
1776716433
1021832183
1762284263
1598829620
1760983769
1747280945
1790389865
1787532087
771126644
1743692937
1594325287
1587261544
965921039
1379820405
552295536
1797716821
1732504035
1641274543
1483616073
1761091678
1130089405
826839714
892403938
537298377
1435414011
1458053829
1244195086
1699367939
1778575024
1575705840
1784682629
1744483874
1744949363
1329060801
1770645829
1100428509
1573741164
1727509412
1446370080
1693796261
758227015
1252859167
684922664
1754997971
1602386243
1744165131
1186137505
1586726548
1568062159
1526620342
1731665153
783541010
1416995711
1759767348
1708697222
1517485372
1709190442
1179959871
1379944120
1733281298
1438678195
1795971575
1242301468
1782660376
1035840296
1765596948
1740636194
1670870226
81147216
1517722294
480733230
1714391714
1315994377
611039822
1617124110
1239189679
1698722319
1665182217
654356369
1666387484
1559523144
1129543317
1595927000
1687449439
1716278650
1770597285
1614157643
1062668545
934440062
1556301433
1245481026
1318243183
1773909283
1537712995
1727808206
1681393323
1530791037
651713871
1210491563
1545706281
1747119820
1792907683
1757305236
1318114052
748651082
657357662
1066288844
1000063906
1122127411
1637162518
1775349352
1740658074
1795945879
1551965864
1493808636
1447425838
1541846099
1776915644
1753812475
1036022856
689577829
1792493539
1523291108
1348507760
1420174207
1373095063
1402418221
1399727834
1411108877
875607719
1767690610
824780010
1735197648
988452466
1357391074
1616387831
1049697573
575276296
1337416803
1322503824
1669024346
1617503065
1777226696
1668649493
1650318786
846718749
1268750263
1102589636
1732501670
1752195997
1781764355
1016731964
1616693475
1124057651
231580596
1718139537
877748189
604235534
1268645309
1775645445
1575612160
1329503073
1778672449
1257040010
1461584587
1338827041
1768887039
1399078671
826155101
1751128321
1237270813
1613178753
1131809232
1776456462
1249631862
1778762879
1619365208
1533493643
1079805530
1776709283
1721399452
1200314002
1296336755
606281776
1556128433
1437146215
1714382958
1133127708
1749803340
1634766604
1293366829
836497128
206855090
1514448522
945098742
1775627541
1171279357
1561250511
1777320576
1702934334
1513325266
1448374547
1678379241
1714384028
1792485423
1485056354
1161614320
1724533252
1745521298
1633694532
1344106735
1547138915
565232298
1100376387
539884629
962747557
1673036362
1557188581
1022522572
1658278992
1773618307
1724673974
1299735722
1649352316
520974977
1431880320
1766090020
1003213272
1574931562
1736281923
1789239711
1728127650
1228779864
1464343276
1750665600
1664631626
1185014394
1262122951
675086469
1492414171
668487166
1555135924
609298219
1585933265
1770676774
873527084
742336283
1770951421
1734418410
1730054368
1269143762
1247308223
1568103219
1399831107
1753227369
1695281792
513100698
1178230494
1649610340
1737256199
1619419821
1127499805
1088568524
1795451721
1563345861
1760634325
1313968195
1189831841
106237966
1707192868
1754971263
1762293136
1724956552
741774733
1618108016
120265519
1667129778
1744751797
1191635657
1671739215
1220907304
1090341270
911598691
884301246
489255842
1754116878
1616807729
399408385
649488613
1644727292
1589283636
701561533
1455022595
809728963
1496488576
1732365413
1370815599
1767130797
1758379735
999016995
1600673626
1764264296
1122251217
1301069334
1667666396
1726412234
1524471319
1782557712
1765901722
1591642389
1740093429
1300025797
1620286551
1171085200
1135536795
1620316702
976669688
1387332323
1460519082
1231758292
1672802745
1121525300
1290144637
1513865510
1784259311
1686584921
1193456807
884301802
1414505139
1772038636
887984358
1582445030
1523859011
1629906534
1691034480
964746980
1023845321
881609924
1562126697
922475956
1288036161
1289241074
1672349378
1764395942
1484826278
1485031796
794842342
1430888681
1681897832
1727767801
1571453160
1563468849
1436057724
466845930
1617052768
1233716094
1492979645
551795651
1509562324
1728935304
1265672600
1701837673
1500476244
1673513752
1621666123
570381245
1142276910
1525917647
1516498589
941657904
1699183423
1738012947
240185826
1524679606
1504501840
932666147
898226033
285808183
1746238031
1591963311
880581412
1091483613
883453034
1230879706
1654090826
898180268
1695119301
1665289113
955802878
1791019889
1680205733
1720217087
1334896037
1757811180
1699892195
1748287423
1795153921
1518561252
1324786021
1673891010
1672014431
250323714
642174708
1621103190
1192210856
1464581164
1445161706
1181844996
1404783664
1760075294
1715654933
1707364240
710571258
1137936439
1417991146
1688395962
1535679005
1361943528
1000405305
1372304039
1045874946
1479377789
1687464291
1587405544
1611424629
1791194703
574118853
1564998783
1019979486
1718281061
1415987069
1517193545
1683235844
1635772390
1316679228
1464813885
1768343069
1769269243
632905507
1403896165
898973009
1478966583
1326309195
1326662682
1720642822
1715180547
224348860
1598960778
1258649067
1585728485
970308471
1095202665
1735426584
1175175574
1574161671
1781671795
1730172735
870393042
1465446985
1508431645
1743342710
1667564282
1512217964
1772887162
1788250787
1536309889
1509354299
1050731593
1477033613
1742795606
1696290603
1577979580
623298160
1703255699
1564227404
1411594004
1637261541
1623801832
1736809463
1589048645
1783863403
1513184675
1685881932
1737554883
1275481350
1525896649
1014754306
708143906
1728961460
1646373816
1712795608
1752123680
1538145634
1534021508
1240832339
1792542049
1683805276
1143750488
1047811342
898227177
1329116647
1754676352
1378342720
1714128249
1779587164
1659020957
1772313660
1353979791
984007671
1311664664
1705287208
1601913400
1736857715
1382475178
1498571212
1642162543
970284926
1608156687
1565093337
1716482256
886832639
1599624083
1720410165
1619650892
1506408760
1740608579
1305036920
1618863946
1760384007
1271662652
112602449
1472657220
1739812165
1652730014
1474788556
1334131912
1620684387
518834762
1600532194
1341045038
1355814777
1648370081
1756014224
1580841518
984643969
1708976899
462094769
682140719
1113584533
1553869266
1415374664
1586979736
840358203
986081314
1443413659
1179504616
1373283662
1763469118
538379615
1704355634
659697498
1583112555
1792209617
1732253770
1702932282
1722325400
1501345978
1759251270
1782819019
1787398685
1506389692
950732101
1671075388
1773735983
1673927787
1741450010
1166195547
1016861617
1687439030
1237677980
1709845480
1760433058
1380668222
675205496
1538672046
1073206172
1669095754
662510704
227779405
1248008006
1774284722
1724010645
1773618488
1757289664
867951264
1772766213
1712888316
256171438
779801116
1109701891
1035231513
1440869146
1760285632
1184078699
1647227608
989358489
1529416158
1363224325
1337066193
1014588486
1769141355
1501892366
1551043695
1728925478
1513311075
1480150464
1778648166
948333704
737805195
1529007129
1416365218
1649758072
1656957070
1576361770
962423274
1047709629
1051036854
1333337493
1640517170
1446333192
1646275482
1582418316
1099729424
1781841948
1627270386
1702918258
1691352531
1608381536
552562232
1573658699
955394366
1736231639
1450544127
850664574
1679717917
1559098287
783230764
1116298343
1502432014
1673284470
1174229161
937314182
1469441050
1650687400
800901097
1434571839
1418338697
1673687732
1302989308
1742922071
1780952562
633512948
1726403473
1182170032
1792843513
1672987002
1019348551
1333921707
1665390022
1554058460
1081979235
1578479378
1694470391
1762846638
1269464557
1586735034
1406064842
1534286298
753242189
1761159804
1533825023
1793929209
1475833277
1781711667
680775347
400925955
1584941514
1622818390
917664515
1733082152
1792664025
1114193290
1276882349
1420259778
1758990518
1606837532
1759675796
1130190698
1265396682
1418141696
1432410941
981997544
1348581921
1440804377
1720538135
1436472295
1610368726
945633760
1432985603
1767729069
1771067498
980251571
1040096551
1653159977
1576509675
1157376987
1754683862
1788306253
1761068779
1262307310
1255927345
1520195556
1546746333
1720678770
1699045454
1401753892
1789543029
1377437508
1749149842
1760121980
1721923820
1731431056
1764846455
1786210265
572611395
962180228
1638792945
1550217733
1726158594
1778771023
1642564804
780687072
1006051929
1701475391
1773454179
1601802738
1748586524
1647286880
1734626121
1601902512
674498735
1765852802
1766448266
1602649842
1534468537