1538804878
1488614958
700191665
1548432665
1721333628
1218763342
876614643
1102640275
1021470748
1609179127
1601311415
1720663592
1712549853
1321082865
1721203247
260297023
1662849045
1481987355
727760627
1769434655
839209665
1624236316
1602364876
524082040
1679258551
511183116
737796438
1255160745
1690932048
1694280743
1484581676
798283716
1756356277
1454618262
1113685268
1736228427
1566303041
1478690610
1721414471
1292146119
1483927570
1709553674
1592050691
1197477038
1604555289
1724760845
1221300841
1518716826
958429179
1117888892
1714066767
1602420635
764350495
1328377264
640242862
1761094372
862643298
1387611807
1598935553
1607488576
1274665044
740730032
1762843996
556907867
772405168
1575584082
1549358304
1756697553
1551590011
1244723939
1541074714
1554980764
1372542214
1164692738
1089971677
1755158064
883450433
1682189928
1345661187
1505162592
1066998928
1566893723
910483117
1669645951
1419464420
746135253
772783395
1654233301
1200564742
1640486791
1473298662
1754628798
1043249490
1595775623
708697768
725400377
1431975304
1665001990
1488808121
1077551754
1453433116
904914487
887448656
1751118982
1763318033
1604663253
1447136152
1582026531
1551061265
883132689
1592257607
1645023668
475152931
1605152476
713888774
1774088291
1592594151
1295170220
1605863656
1126531240
1766579586
292887447
1278207910
771953206
1108753912
1102729806
231979530
506870937
1374696625
1409379741
1744478506
869131854
556905267
1267962323
1545348318
1761804279
1324474327
1737281938
1108083073
1626028580
1453601397
665380380
748019545
1398631568
1662978833
1218106857
1563204950
1449797482
1100330580
1567596231
945207814
1634452593
786287207
1389070139
1396901805
685819581
1075798199
1326857382
732273941
1088941258
862748622
1341242792
1590614526
1708856190
1475811395
1321806215
837696781
1552349674
691849330
1526553156
1394368040
1616120834
539300714
825549806
1749107278
673755887
1431850781
1439359594
1394347786
1720904982
1602402276
1418949674
1724428777
1770439394
1515968678
170202641
288698857
1422659743
1653769184
1474990235
1582528045
1310348200
1577877164
1624764128
1085861409
1432448801
1546732912
732276054
1265415816
1478007081
1448267936
1224800968
718699491
1613447628
1341265185
1458436581
1721513319
1729797306
1516485197
1053425297
735971260
1652095658
1241519558
1135712684
762285212
1360957142
1208817841
1718672812
1720099467
1729524640
901651936
1754290389
1635780689
762486866
1590369787
761596751
1545005754
855982328
1403633071
1484428794
1512241210
1725328407
1734126484
1235211657
1352954545
1407848779
1493260498
1348970686
1672200502
1126431928
1659450419
842448569
1344347253
1753533249
740147376
1618941392
1616432073
1476811711
1186218273
1511633851
667677454
642156490
1169425376
742332106
555943978
1707324104
1771038387
1443887838
1394024042
779583389
1293279435
1685426814
1352123331
823548858
737562922
1408852127
1680912720
1123087192
652274972
1723730811
1580118466
655984975
1765451915
1734242518
954046534
1383662570
1451525185
744510905
1567095086
730805472
1189753316
1680992312
1746916581
793539669
1664771062
1565600352
1030321320
486548474
1462512676
770671780
1389144557
1785119359
1511577042
1729001072
1610720239
820166426
1263751216
705700915
974861162
1413123520
1769464174
725385549
1182356667
1534278386
1427700665
1505696554
1659041695
1683323870
1438220666
978843712
985828022
730801742
1551130482
268945338
721813782
1576358174
1110241942
1115634301
899977037
1740404071
1306840505
1725302885
1540169607
1012563772
1321560898
1420539991
1777423816
1619333362
878613813
712139900
1005689194
1110384912
1706363857
1748605391
915539310
1610058115
1180619233
688791481
1677292562
1715753521
1120022463
811346672
776391641
1712322628
1617332903
1038034890
1116300555
1275758048
1585457458
892694803
1220017089
1788118041
1690638960
1737483929
1773024033
1458437559
1709988323
814363651
800771042
1232833768
1283019783
982434824
999438814
1262472879
1721385171
1668452012
1663158165
632316364
835514028
1701600594
1457600178
1660678582
1705696607
951969352
1735376484
825542378
894353625
1616664318
1539878567
667026313
1735521429
1571478860
1737859857
1776760542
1502320680
718146682
998537387
1432740049
1114288146
1138374634
1371100591
1719841312
1667959723
684229343
756199855
1610083417
1745133306
1191533033
890444175
1626291581
1235433293
1554713372
647411260
1723376246
1515956132
1689008007
1692064406
1691035928
1502447159
1670198505
1629154322
1099725681
1704300027
1183659151
1279196877
597050225
1423061948
1162408666
1009808984
1449795590
1591028362
1723163705
1654675360
1354494905
1447136986
1688953359
1728262106
1448589233
899627741
266726987
1468922321
1717221732
876558191
1669940280
1385589960
1654504022
1464670061
798296673
1559837493
1510002729
880906823
1610102053
1417162513
1416610869
761596849
1192617409
754068827
1653771654
1670126253
895699543
1325891661
1339031606
642151584
795314779
1457599656
1344150746
1292766931
852078528
1483702468
1353198443
1406190446
1771281296
1744142214
1748987203
967937245
1725010269
1320502380
1543006523
1767530696
1595207391
1580134108
1791326957
1655518416
1012543166
1403588815
972388889
805855880
1736587984
1748983748
1616048858
1601853372
1537592102
1093590400
781432810
1580371132
740201956
1588348270
1660830655
1654844900
693176288
591978276
1299496135
1616996780
1655056801
1665558787
1298905748
994214095
738916836
690814342
1415466326
1360802325
691959581
1583505860
1696190525
1661791177
1626778364
671198006
1427347758
756343060
1185933700
1139471929
1341404009
1098775251
995905009
1728154238
1256858177
1625045574
1100272290
721685467
1403470722
951978130
1665136530
1538878039
1790778605
1524632370
1484732329
1090563442
1748239981
1725909669
1628064027
1586491059
1160451050
1296355721
663647368
916084904
1242976569
1762413005
1132156207
1693527045
1679310835
1795804989
1694836129
1673399575
1355311749
956124120
1770405227
1632038487
1233438921
1452929440
1588925617
1113684278
778531990
1467385959
1667250245
1538268485
849873897
1319445412
1245093206
856798895
1628402963
1543144718
876614061
1673796400
1473285241
1751747794
1537082952
1167772250
1513362613
1341780236
1040337215
1132657788
1654487663
1438869508
883153898
689277197
1117218739
1627282648
1583710465
1260182580
1505432353
903654069
1765685733
607522077
1580955995
1499113440
1182453291
1558176201
965933963
1702879445
575232116
666755702
1616275668
876558431
664944596
565028410
1517694958
1189252688
1318800234
1770664258
763379586
1083941788
920965892
1574314969
980762061
1749481616
1128236557
1716672795
1698661453
725456847
1335310392
1257918856
1594912445
1736485484
770729654
1102722446
1565347902
1795835651
1464868444
1457569931
1068419614
1353231153
1789559967
1311855962
1725400288
927220989
1497889352
1790279539
1176475318
1095501911
1654713545
1453465489
743526787
1765996520
1715208158
1718597713
1668505565
967940099
1605036362
1221295294
232803749
1758295884
1201106282
1164286009
1286679743
1151330970
774329222
1211419579
876613151
705926773
1455934280
1197292133
1705296381
1416731005
1449830756
1117714024
874803855
1665484690
1725514860
1363508081
896254706
1473021732
1010736268
1678859984
828543088
1603897104
1780296491
684193387
1767981174
1766209025
1266664506
1640223553
1744264294
1615268643
1471468827
1573933972
1571843012
656413160
1290004173
1118117602
1608403700
1339699038
1336519353
588112610
1286274882
692206237
1727965654
1614026589
1656105423
1323505576
638500944
1738189073
1130708887
953676376
1576116639
1493985628
1499713093
1099286719
965944695
1564548622
729992820
929603601
1555782012
1781478981
1597262735
1255253433
1565935648
1480003774
837697139
1510871723
655976383
1793480967
1771190086
1538476131
1646776709
1339848050
1760199979
1589714350
1655236754
583368066
1506065936
1322924657
1708105771
1304218128
1023726132
1685853095
1678875148
224400453
782236920
1146305794
1112574589
1763871140
1644050528
837684263
1702382480
883157684
1541866508
1280665020
1451438986
854745029
1235683643
1461598465
1689765547
1554461335
1530085601
1720894862
832483145
730679574
1676368952
1675250590
1609180867
1598292174
772661932
1362962668
1082760258
890065310
981927114
1639801930
954571842
1156085750
976325525
1750684398
1570931006
1718742403
1717556963
1196193304
1211452800
1504263400
1685852891
1508033961
1489818378
1216672610
808726485
1265350493
1412018230
1256271616
1640544170
1764055490
1735518891
948675675
1754829392
1073975194
940104352
763124260
1686864407
1509903381
1540366657
1727630456
910219561
896289414
1791004485
1727064234
1291685419
181273128
1721954283
1790916653
1685761991
1385599190
1210676180
910222639
1508317611
915957457
1719770715
994625649
1549132881
726486758
1412106051
1674824798
1788333517
1224622815
1707036509
978500914
1745557111
828806339
978263775
1565592093
721785552
1479200715
1664985200
1002413255
1216623270
1522787021
1555822869
1593580211
876613659
1586351074
1651425848
1452846493
893626676
1004106909
1332630495
1558792936
1093407750
817984698
1114851361
1640189981
1528329695
1349486763
849673750
1741094826
1420292702
860004913
1727173990
1343256490
1701187994
1035425058
632917185
1272720387
1110852062
773737647
718433052
1728497223
1737055211
768071027
1640547132
1722716354
1203216935
1475680840
763129670
1575060840
1320555992
700585307
1315272931
679198612
1759605770
1388063374
1111778474
1541501610
1104925180
1234962792
1067216489
1653021967
1692437776
840445479
1778985988
1303423360
1582050218
1692775549
1749008923
978573438
1233001045
1563215549
1442636660
746312909
711708898
957096709
1764432402
92097281
1545063535
1689342992
1236505003
1053056936
1689482004
1320274939
1675339448
1574873961
1731521698
1647679874
1504691074
967997325
1177621478
1676587131
471402592
742635167
1602920856
1524528069
1052703769
1334084851
247410980
1397883862
1450135135
1794957247
1771255583
1520743777
1562939434
221037193
779662890
737470749
1782690179
1247515073
1195969456
1618343136
1484813240
1749092398
1659114123
1466053815
1153441938
1328019572
1287803275
717783510
1531010829
1611457237
496195576
1757275638
1424129039
1251203818
1682223755
1471271126
1313571118
1534276280
1114128417
1330116110
1441561873
1758492924
965110084
927262556
1353000219
1543773462
1643840163
1017811418
1703432710
1248895359
883163637
1300764357
1777213188
1435481659
1537373839
1403600721
1410730714
1462039459
1773687271
1264814977
1608126823
1736028723
1286528421
1772469129
1495719094
611605819
1366862436
1395311297
1106540961
1248893029
1193126198
1573211803
1729786606
1459205519
1756357815
1722724294
1283843602
1193008964
1429164751
1766900949
1589765651
1665584618
258512436
1329820486
1701259984
1551273328
665379722
1699944237
1699178441
1638052145
1102824306
1202187313
1450103246
1702325130
1389054950
770875338
1691982087
1347422085
1759745986
1672322327
725814840
1503418605
1610025959
1563692243
1571964894
1571505121
1649842323
1615553279
1505605747
1384257669
1654213702
1400115890
1658422081
1364560257
1547208822
884545783
1265184660
899596015
1355366201
1723505469
1050074133
1146878504
1356858313
1753540821
1226024150
713901030
1187410776
1331304731
1098652406
1581821857
1175174796
1478726470
1755690583
1650516694
1605862840
1004136615
1176321562
1780158634
1489021186
1070491333
1299631974
1676638994
1250674073
1230409246
1747261196
1421275496
1684585182
1740901113
1124184771
1681396755
1675628181
1142946274
1718338372
1412108559
1546511787
1487864758
1340312411
1750497045
1590575261
1299996653
1594450310
1214210720
1570741284
1429784670
1421039799
1227243560
1411379864
1383846429
1596143026
1643244162
1256574121
1685592739
1627009869
1176083836
1767091038
1059897947
1609298099
1485943407
1575281021
1104788566
1371078173
1507713427
1424517794
1334942915
1659025645
1083499634
1606545467
1701850811
1620403481
1694769574
1446454986
1773766455
1461222266
1402826347
1044161382
943095968
1308327502
1179651733
703958197
1132944835
257043857
1761420349
1776584895
1745733988
1731409848
549373218
1645520898
1675038228
1652180458
1767102338
1552301524
644556818
1343358486
958008256
1671468897
235695911
1619441568
1498449723
1450820443
1199634464
1093602049
968761064
1695042468
1645268062
1590139695
1299743234
1596578438
1309713450
1702517526
1772039567
744337502
1593572914
1221326862
1680094556
1780301874
1747025357
1732042958
1345854504
1244804027
1449436082
1788896133
1527518802
874800407
1428526482
995209391
1791483115
1791972189
1794618481
1088496313
1338712051
832548146
1480052082
899720973
1459694225
1775170387
1707404159
650926042
1230859846
1767209796
866320691
1752498048
744363268
1776906106
1564830389
867873964
1035922090
1138634125
1660490938
1396874085
1353697481
1368777516
1767089296
1436151302
710356670
1322896536
1235368442
1388072230
1775486315
1645469650
890069240
1014676617
1283682045
1120168527
1406187166
1098107840
1311087992
1326751998
1036526465
1767110446
1364817676
1588333032
1465796243
1446608252
744660823
1298909236
1788972145
1615092820
1469832954
1280679435
1781283607
1151332564
1727962577
1487948119
1216797813
1709523949
1770062494
1226869260
983978086
1591662597
1421232422
1702024951
1422844741
1761579228
1189070113
1534997640
1771486719
1270335795
1731971669
1164158438
1524528513
579592141
1772071753
619169596
842883280
1394490793
888228941
1065678869
837700113
1788484679
1716986304
498442574
1606554507
1732441417
1176793931
1531459165
506385254
1660895153
1781126844
963578638
927647750
463104047
200434261
494175422
1767205716
1438865662
1791467383
1710158115
1565382656
1521805616
1031409673
1373108900
1662604152
1668848892
1795034015
1237208956
687149644
1424519688
1674797815
1789909759
556979265
1483737572
1707615931
1698114802
840128807
1530349430
862641652
1352597110
1495152598
1032798705
1294398300
1098436106
1515428642
1742196612
1369197017
1746549168
1199782861
1718748546
1367584368
1666266605
1215724214
1184853902
1051936380
842881368
911277120
1553705121
1790281537
1497215781
1775330871
1635856307
800715706
1688783858
240641339
1754650833
1777817086
1357347067
1443280272
1616105120
1545332742
1113934493
1381710402
1080567243
606474310
976255557
190704370
1707489455
1747652500
1442700808
735966722
1585823805
1710713960
1781299191
1568851399
1118112330
1256948198
906912599
1319835421
1767547662
1781298607
1017215109
1652841860
1328250614
1566264939
1422315939
1575139948
974771952
1787914963
1166976739
1760295710
1574697761
841375025
1690571156
1581901372
1449686274
1165312258
1596864947
1724835154
1213059298
1257801050
1361427579
1631844857
1768116976
1035811070
1643212078
1682617802
1526044259
941812626
1628774319
1649070447
1131336963
1673330175
1755944338
1649615190
1071926716
1620651622
1699165456
1319376753
1116721274
1663907501
1789645175
1577913693
465386825
1444963450
1696344147
1774361859
1785977787
1600775244
1707273263
1441187636
1122371785
1637896728
902520504
1748637682
1660361509
1666861971
1605578942
1775589782
1126626887
1748917177
1653464504
1779131338
678316125
807293799
1511682010
1525963604
1497350891
1346046018
1740851563
1459381756
1529207903
1768602314
1732122460
729367372
1565592651
1355511653
1768636442
569150697
1592397467
1663893293
1475836416
1617463541
535558847
1029759344
649529918
1334194539
1781409055
1065615128
932075722
878627408
1709417578
1099010795
1682018882
1760910031
1746309123
1766744472
1747614772
1749082433
1116211311
1152135759
1435623794
1797590275
760230080
1783092687
1693810429
1601128710
1595737296
1760301720
897397649
1155164151
1465721334
1494364179
1356125802
1741858409
1165227322
1789584399
1317255737
1518378442
1770636984
1741560895
1343369232
1746435659
1735481549
1667062907
1482175327
1272100047
1786201217
516809286
1190241403
1757852406
1751752973
1194768437
1545004682
1547136803
1587188148
1042697724
1148670340
1118176289
1448022728
606352191
720365681
1288620092
1648449834
1584115662
1557532966
1467187092
739958603
1463134445
807302489
1722053265
1599167771
1738566399
260297137
1450117012
1296445735
1161195310
908196094
193919719
1470709505
1639772538
1668343593
1779865580
1325786888
735963268
1586142799
1557062882
1212507926
1561348421
1416522315
672558359
1261749435
1715524442
1037345984
1200813610
1658110169
1156880887
1182443809
1658403913
1672015312
1763016951
1751480099
997307380
962216554
1796610329
1238424601
1724987412
1753844580
1057128528
1193229518
1532276385
1725291726
950732376
1679673168
1400995879
1787912423
1469156664
1783377952
1711283700
1751471715
1396791809
1724689469
1797077987
862698708
1202674610
1515264662
1659596215
1703492889
1516487997
1792090247
1737937568
1734399805
1440222933
1403849016
1791162319
1774314111
1001168624
1278853223
1797212817
1153254308
1604132329
1796535603
1082103116
264709962
1171190668
1770248869
254420042
1665606670
1499538912
572475019
1150336108
1796675365
1602466072
1574847397
1485125719
1748589133
1330098858
1726662727
1146060918
1692752598
1554315894
1554915705
1688951025
1208763146
1705444828
1500634193
1550520476
982574796
1454847992
1781718877
1770664906
1308797476
1720219929
1323745178
1751806322
1311931111
1778531745
1221920760
1538385988
1348315114
1622642375
1235351901
1193231242
1720127690
1523214470
1284614242
1510349380
1425560465
1471071021
902618885
1441565893
757504961
583414884
1056632222
1704656534
270411766
1477944309
1601601246
1679932834
1793850951
1499810080
1752256517
1698237062
1751972805
1764324668
1725118339
1749097699
1304056557
1003041468
1756059558
1512987513
1718379412
1591663113
1416812779
1454963597
1052736296
1715329843
1256582786
1396485695
1696170696
1597398119
1775530152
1395079586
1409019538
1765520981
1531379703
1288165854
1496847815
1489322458
720230350
864548925
1716703250
534298880
1760140993
224396282
1298326933
1429205035
1380519330
1513237008
496686216
1394596084
1430971162
1736116951
1581000831
1665592164
1765798980
1148316368
1429099811
1543248592
1721548098
1439719849
1148030774
1745293921
1243548671
1725958746
1597652333
1346206677
1514796733
1432130625
990806367
1352280093
1759430652
1593917921
1526039419
1664042417
1280032111
1664469691
1777727905
1771048024
1736253419
993952214
1765831545
950374567
1470056320
1489191283
1529986968
1067991248
1491366276
1397379958
1286740878
844478951
1324156218
1264315270
1394282807
1625559923
754757469
926352166
1518557063
1513370839
1409304825
1759766777
1632773561
901148274
1570627329
1764393688
1576331716
1781732470
1369864819
1796564611
1051315900
1571459980
832149947
773166008
1149728040
1383210300
1712307790
1776902184
1325534499
727609145
1278436534
1592708259
1775135562
1754036798
1714258059
1454591165
1420405961
1794500287
992833189
510676052
1300307344
577578586
1230653540
803000668
1268984755
1788527057
1593115727
1165385992
1466936200
615716225
593723035
1554412679
1470312402
1755209760
256982719
1270832373
1663627491
947635219
1490742771
782722293
751948246
1722094426
1570493493
1751273731
1334358512
1579384694
1513712264
1749610741
924038260
571537742
1219862209
969865873
1579075747
1338313778
1672008250
1783006696
1725958145
1474993942
1758730039
1782378444
1308705285
1626080176
1607863368
1084531487
744364258
1111650724
1331815378
1591661007
774746052
1638240251
1384452025
1259709982
950890460
1497439196
1058274344
1629740349
1711757449
1533694532
670421773
1599868897
1012450172
1453209739
1127185838
1255761096
1244784831
698581132
1597923021
1139631607
1395934134
1009669034
1470274956
1607464883
1080154430
1213225663
474584648
1081496374
1654694545
718278472
947226686
1753888068
1652526848
1234693435
1704764199
1352344563
1184111807
1735079458
1303064136
1342783358
1231356651
1244236612
1049682751
1119332973
1630433373
799756246
682236173
915446761
1572751389
1677721298
1786565011
1569060576
1694359110
1172366405
1789707529
995142866
1407584467
1506801423
1701125522
1695530493
1580960173
1743145782
665723801
1336495046
221034742
1536514712
1327151499
583610464
1547833136
1082090446
1701041238
1164196496
1755435032
1769441034
1434591721
1764324628
1718744630
1570151484
1734937969
1740621620
1426180422
1391154445
1750906461
1762023867
1503289657
745422569
1593990868
1164944680
1629138762
1403130323
1514633082
1782413804
556261393
1082812965
1762778068
1728672651
1626787337
1767527896
1676694448
1780460699
1380954051
1749626555
498419362
1514508706
1616816694
1140937472
1629136198
1785546651
612468880
510134944
941495259
1765876660
1553471709
1779110092
1294049085
1782694224
797062251
1793869327
1774854927
1775196137
830566116
1724630030
1014610731
955712931
1540050380
1221263850
253601699
994213301
1605872304
1796832537
1547286044
1585735653
1796613077
1532714454
1763690627
1425710833
926407800
685739394
1754678379
984091618
504837985
1152476710
1407040271
599150252
727758391
1693850093
1398564528
730805786
1720926122
1797823413
691106950
1292502156
1767396457
610810866
1084051898
1498141352
1789907197
966593064
1545005368
630913285
1209834679
1593012005
1335322284
1709284064
1235476169
1536005181
1412040069
1792780589
1398806327
1549987371
1324530486
1488393259
779656724
732274635
1645234095
965922637
638255950
1744775365
1396489514
773316905
1202497327
1302971756
1651269838
953734524
625982076
1607385951
584979696
1622640523
1575523726
1100182245
1551447246
1781131273
1288367288
1722563113
1029939557
1630056059
1483702470
1488202805
1796536059
1591881681
1233539279
1270492395
946659673
501097372
1221922720
1780874673
256595287
1677500481
1100316768
1688672890
1008568290
961938247
1363043994
1713999938
1554830361
1725290466
1619211715
1732303201
1544905202
820021771
1625411330
1479190761
1420405569
1774832651
1373253117
1222702017
1599173216
1648562610
1420667836
783420480
1634317776
1689312684
1749154671
1237769401
1545413190
1002465503
716814043
1397840931
1561704008
1194613629
872975518
1707848411
1561854430
1727859622
1476888221
1083364028
1431177534
1791211753
1513387162
1793337849
645739147
1389748657
1369855653
1291277764
1361969372
1782335874
1428010655
1202805102
1113543979
1740061612
609274979
1653289387
1427570199
1725291008
1006539675
886393766
1555811456
1511339388
1414158615
1742697203
1322324148
761614863
1685523052
1354921118
949131955
561953122
1134464316
1554838722
1761630026
942407664
1220791048
1175040046
986535305
1489451764
1700436369
1724243402
1655252129
1760696251
1309859702
1478171821
1569333335
953850463
1115952476
1655623697
742068438
1614595232
821396003
1198369222
742067984
1780134181
601101626
1140769970
1545406958
1188543750
1777735103
1372492111
1773356286
1169487285
1652221960
1345866505
1412164697
1059893935
1730787461
1550644196
1014091148
927779401
1338366687
1560534202
1354486799
1336701139
1094417081
1792907519
1473035601
1713892584
1752433870
1123785459
1736455542
1613385973
1197104841
1735451154
1797195365
829106068
1723076186
1475471981
1578904534
610138205
1729856062
800282155
1466847794
1794024201
1783101017
1593659997
1676603122
1482490710
1625920194
1445332559
882529975
1458442595
668757226
1784408316
1704374493
1549916690
646403501
1519312626
1378292187
1468854789
1401723492
1437692629
1265192778
1373636923
1787880481
711702502
947018202
1714995073
671483050
1135716457
1085355130
1777176640
1220732290
1389501339
860538660
1176275724
1585546697
1678559634
1378520135
833901074
1341310098
1144719806
1672147645
1019585423
1045206836
1324718172
1480887563
1754404717
1711203703
1489719082
1206105829
1556678546
1135411965
1331963849
1680991976
1539542721
1795043735
1769192266
1752568125
1770080059
1599814868
525351305
1769529292
1532276234
736742720
672677733
1249385134
678655675
1328463514
1340447172
1748192078
1577056525
1712905680
1242982305
1718217850
557728134
1272792049
1783628034
487668882
1292156292
1413363376
1426187195
1666136649
1732555661
1393842014
1168190501
1037075334
1506280716
1586220856
1208115078
1721919538
1783402714
1465001160
1237134844
1478617171
1372827573
556503736
1744927402
1661565777
972903527
571163483
1271074321
1745471556
1464258084
175400531
1097297363
1592820026
1767930038
1763237665
724733677
1731967399
1393072960
892341122
1718688898
1487825089
603079221
1464270081
1469848128
1777878938
1757337524
1612675107
1077425162
1373325145
1714785408
1299888482
1450552819
1341450720
1693134789
1768505405
911340991
1641412650
1657120557
1619721568
1777172988
1556542148
946106841
1433270889
651865279
776967168
1724090991
749523251
1676380300
1489288960
1765364549
894709414
721068541
1732808498
1750961046
1340720767
1745339281
1586600985
1649231154
1413314758
1775525243
873935016
1655162172
835996563
1371579214
1785351007
700237631
1656207491
761631758
1547320236
1282013395
1398283616
1438099938
1723603123
1712079050
1661609548
1447189425
1554459597
1763300645
1513385405
1111305613
1655945743
1738501043
244888388
582799920
1134713127
1573802318
1579945473
1420178583
1649927009
1612556227
1575516853
1782659042
1691302673
998241002
1495158455
1346424181
963259555
1724829802
1730751979
1423344777
1170978953
1750582821
1748347046
1207402162
1660740292
1291956953
1764150198
1685744943
1333161882
1723548094
1561503793
1487239597
1618788781
1573473314
1782340017
1409032642
1257311196
682296237
1362265591
1189075953
1765301051
1408106776
1693845359
1691702515
1254208212
1680536254
883052863
1750003344
1736707594
1401762460
1777331683
1015895095
1353133466
1774252533
1796743441
977734173
1650308337
1169750833
223779548
1778731713
1752760604
1791089385
1652130639
645320190
1470509396
1624886339
1687464635
1333410247
190793439
730802984
1165787219
1488208637
1181947777
1788482201
1094120485
823696553
1298726384
693117061
1345858932
1175657312
1519805087
1452211620
1775147633
1193451037
1735980748
1777450347
1508316357
1667567577
1538791624
1162634205
753027569
951982064
1043710709
751839958
1678337417
1415823251
1572852207
1122750427
1634249058
850731639
1397065827
1235060709
1792131597
1248742535
1749053119
1666036177
1792313617
1606826607
1736674066
600137219
1760848587
1690488358
1236541658
1285179106
1511904576
1005151584
1689037130
1089080347
1692656459
1147412152
1113517207
615112295
1764964114
1758306891
1574665749
742069220
1779347123
1402415958
1221019872
1708873733
1572577615
1508606394
1760268449
1786492369
1796839701
1590820090
1697981285
716743107
822803567
1353662827
556174973
1645669728
1566007497
1755794636
1522444535
1437027734
1220769392
1280030513
1778685495
479079472
1373845758
1780666798
1719627893
1416743825
1440863965
1260557310
937793826
1749627885
1179295965
1725539684
1780075651
1571463040
1743592438
1205111240
1287457754
1785107205
1259306819
1131660011
1744695569
1782397470
1454890815
1760477804
1733230056
1217256528
1585161578
1764656033
1068216565
1489637203
1204879349
1191561583
874121140
619574094
1413553229
1696581182
1301306424
1781951171
1252232575
1153764720
1519356496
1731061869
1361685117
1153285731
1043841153
1132757191
1154253736
1503620823
1690424396
1766960165
1274059590
1706147357
1208815603
1596381483
1221300825
1749626151
1781795947
1759404084
1583615863
1567961311
1693053293
790888521
1665109370
1447206544
1629867084
1124171563
1531125358
1562299001
528374361
691377616
1402707471
1791833679
1605824526
797257753
1759526589
1243513696
1399060962
1552131784
909487046
1730878964
1774744936
1203957873
516100901
1652525276
1321085964
1435539337
1597382006
730240700
842797580
1541556229
1236743066
793540571
1409630379
1644400974
800906836
1470546094
1682719535
1421685935
1304053919
782477802
1775373930
1772732531
1610072798
1558318268
1505139054
917846729
1428743270
826779617
1780073101
1423940809
1029645472
1630297318
1690515279
1182029410
1468972669
1791133147
1169704525
1615579424
579144875
1216018944
1725580583
1574768623
1764310959
771757391
985731748
906293733
1717710094
747527041
1204455843
1772262652
1338672884
1555209986
1783332197
760321970
1565619285
1058485652
990156582
823548156
1631712555
885434042
1408527272
1796615899
1361435446
874506239
1185935842
992748273
802773665
1333574658
1569180731
1767322480
1207653405
1786662245
1308989458
1109846966
1689352932
1064358692
1661021593
1776563106
1699175434
1617440141
1602984733
1726315728
270475466
1781184104
936244161
768501728
92175057
1467428783
1786286433
1698171323
1774506549
1716361143
1675344681
1509066043
1504887499
702319688
1772350040
1252238490
1425634587
1606170381
993036792
560476668
1099706286
1114208549
1560351944
1779532010
1690562123
1126583349
887070513
1489311564
1082862090
737297593
1699040237
1766623967
1771678830
1106053999
653325382
1402298420
1415104511
1643509472
1651198362
1426221013
1395288027
1100403339
1003228750
1474496267
666275049
1674850501
1752759242
1735522464
1695816717
1394082642
244937167
1644338212
1462450034
742067496
1140651169
1661765759
961221390
1739634498
1780032756
1772058491
1359590885
1341357885
1123769399
1025342836
907048491
1327317882
1306181775
1148182067
1781412626
476231642
840096941
1050925678
742329626
1786745745
608219165
1660677302
1124066325
1255829396
1781341572
1384198639
1701137459
946839063
1785780467
1753644213
1737470084
1717731933
1776008932
1193333128
1768602730
1690491534
1743031927
1695090363
1601015440
1296616529
1634234632
613033500
1604975958
1699304886
1209558720
1780269880
1147762822
1740631692
1792762045
774675205
1782235006
928347618
1376475174
1401530294
615334645
784165253
1668216996
1784462581
1611459833
1548700308
1725028311
1448948497
1754030001
1736777480
1767102720
1275808070
1090448717
1180255932
757463497
1517738925
1533203575
946483456
1185748862
1031927241