1641756289
1035363978
1593475790
1068733647
1745865461
1764424330
1745615473
1717993345
1388693249
1719720574
1560313373
1702216377
1070927921
923652991
1230749461
1411033766
1592580740
1605584021
1623313289
1434962144
1704253509
468788099
500573296
560552102
1520856590
1565940235
1762137713
1010790033
1775571027
940218247
1633722948
1501638744
1112824626
1761664942
1154706238
1485116051
1693579676
1671226206
1579818496
1543784542
1718323203
1561714923
930430902
1537256562
1096905007
1650949737
1227487726
1317872163
1141350809
672138278
572184246
1660197065
1540651052
1236923752
1749360910
1786053277
1750748076
1520350816
1696862997
1512833586
1759250942
1454532323
1731795678
1324613192
1747346643
1214443435
1534287768
1095048177
335365960
1345766717
1763652953
1747453851
526725368
858282077
1178239166
1336475406
1750941455
1164199622
1219379023
1278137325
1017520790
1011036862
974599366
1772011042
1043473985
1689361400
1680493112
637690711
1759987450
1439945900
1524667290
1280071292
784485999
496500640
1723053811
1754265485
1576610729
1756958019
91601658
742804186
1738657930
1741472377
1688661117
899828751
1703175395
1696626874
1062607506
1683035917
1752847284
1430374715
1534284620
1603765301
1133516150
1674724335
1461749133
1683690751
1525814180
1700243958
1767182656
1466944010
57007323
1480793432
553451265
1184836574
1656833235
1767886971
1274842526
1575581850
1261585669
1429553871
170948012
1710196988
1725857724
775070076
1453365108
154301160
1608551536
1540423451
1608031052
1226986855
1688271149
1523856981
1714277150
1629200563
1499122462
1668384111
1698231854
1201847354
1757350928
1538892269
1298420241
919409904
648110398
1490549096
1457869230
1703295376
1742709901
1777239275
1690279038
1668004900
1431544904
1558106140
1676506030
1040580632
1664288887
1755734001
894565350
1783813263
942552404
1547939502
1707406013
613916747
1447377213
1474596145
1353575427
1782783037
1381222399
1426368199
1743070560
1706417539
709674551
1411736841
463426102
1027132707
1510006163
1273955511
1341686460
1587418583
1558423741
1298948511
1626454633
1277005115
1585710035
693664757
1500993691
1722920767
1418126410
398129813
1747203946
1574503851
1566831454
1698445350
460855076
1631660670
1571942410
1487119920
1536876402
493709078
1663748304
1753853873
1605923383
1461152610
1513941960
1502893248
1685836206
1543243832
1619278877
1766981638
1692219086
724425581
1769262663
1034075153
1563713599
1768209280
1285459144
1767907648
1633444732
1244042703
1724081825
1393370017
1536641874
741161863
743056273
1727332729
1775721408
1780185453
1607240813
626312209
679808452
1632854081
160109767
1226050753
1515224445
1155582383
1603382877
1397267150
1294984832
1322299181
724220131
955705366
1760152913
1681901386
1632237567
1690939512
1694769383
1696079713
1773496081
791199546
1755673778
1014877250
1641604505
1685038117
1747491245
1273345533
1737007350
1766549424
1582243978
1688273428
1694256365
227002845
1295691867
1364193880
1671629807
1519287713
1460036453
969212583
1405496538
1517080340
1258633770
976036775
1734293044
1517935433
1539686691
691879879
1022422027
1710781095
1683863018
1696628596
1644551376
1320981049
1755343938
1297255944
1255363612
1569909798
1730440318
1480290417
1783258371
1758773363
1676788632
1486160713
1722241837
1435739175
1758301978
608632667
1777614355
1672763375
1738355591
810725379
1458700052
715890526
719238577
1578790364
1245659290
1725115606
1642326612
1623323373
1277161029
1747839291
1684406698
944244135
1698118195
1362341172
977338378
1783341361
1730646471
1318204526
814165714
1426449737
1428032667
1708963814
1273142898
605213199
1739926825
1584897558
1767077328
1678692905
1755570365
1720448730
913240708
1665367649
982292062
1421559820
1729909851
1729177214
1402118815
1718919213
1345288335
1349073909
1698622754
1150689807
1295730806
1241608200
1303960155
1132004910
1624960454
1512892032
1577156277
1660702972
954299204
1216760231
1711558627
948633172
1558700465
1626778364
1502114368
1775550174
935622446
1696612574
715890690
1486619635
1647847134
1457242363
1747764584
1683191526
1289002245
1745332206
1147463981
1281436521
246325746
1770944608
1713311833
1306298190
562659344
1291250123
1750025618
1418373417
237938313
1292353034
1639000281
670052033
1233786248
1297889124
614526859
951012465
1528078501
1512758868
1534291548
1688919126
1753332068
1778947976
621536117
1781941834
706689848
1753531068
1229933428
1323606390
1466544282
1103358638
1745058445
963894917
1399147349
1749026227
1233343494
1019982364
1285509580
1435775285
1225354341
1338411427
1759216913
1593593534
1574275388
1644573414
1274883064
1564746877
850304471
1589083974
1521309548
1105384088
1551072243
1323975198
963087531
1674136502
1241498000
850400907
1483082991
1616814450
532703884
1563541034
1767984735
1395641036
1480152115
1059631180
1742552469
1240020839
1646180244
876578075
1687184854
1724639886
1538543526
772148424
551424276
1150000942
1621184011
1008866723
1756022127
1565343423
1055083924
1562189047
1446593865
1461943098
1525132680
1528423884
1561488766
1544157820
662494430
1712191187
1459812935
256196480
1701085357
1786180677
1757586538
742464546
603364195
1182885624
1640529430
1405964581
1272206372
1304760771
1714019073
865052131
1271069125
1770939437
1190204634
1721949049
632082243
1732054022
1270559795
1092876051
1402830745
1626524748
1647246583
1675378093
1180666740
532412143
1769626849
1493482731
1429180416
1659967174
1565347203
1298957052
1601025004
679146887
1721966865
1070358180
1318942945
1173123528
1621034052
1395393092
1762620664
1688242844
957828853
1765736193
1729876289
1268793707
1748808841
504833394
488303453
933025558
1040988445
1792129021
1456538760
884697996
1724057044
1095385847
1402512828
1729118474
1303327280
1112388234
1671911758
1448041250
1745664765
1264488916
1407856005
1486273299
1221608922
1709994891
1730438796
1526897503
1238152457
1139562996
1152887239
1143331155
1414759706
1264760582
857330125
1542850872
1461410879
1692172793
1225824161
1778133486
1432974069
1335887804
1386315727
1500948790
896329511
1009718298
568684124
1547056951
1582977145
1415449731
1259485078
532833054
1741815723
1565811763
604368743
1177024415
1496962206
1754542288
1582859295
1558645155
1739598314
712065226
1697582564
1059443586
546807921
1729088456
1314431116
1339151352
1731203966
1770148847
1785816149
1515138887
1507212997
1317339983
1724928079
1611275304
1496969694
1577650304
640274007
1713715428
1675535369
1354773274
1375116004
1796190353
1189735188
1509276065
1477192679
622499001
76644680
710232113
1393302081
1684817305
1519519182
1438921786
1702115998
951755244
1493769344
1407894260
1012572735
1001973194
1497607900
1339274850
1344421925
1754151187
1653288616
1772526745
1251716960
1728921128
1655140289
1347146111
1017593291
156250419
739561307
1509330659
1418235039
930575164
1662620620
980462004
606196630
1496323036
1497609596
1428192224
1714965008
1419202219
1562855289
772691475
810545319
1461068230
1744232542
1727451958
1745969088
1451338022
1460539109
1695756186
1436203825
1681768914
1705870499
1221599507
505833763
1408787466
1444943512
1323555742
1242426948
1737614231
1662713424
709055890
1228983661
509702358
548761871
1383958990
1560787426
1586721461
611313654
1468866358
1048489672
1734562682
1642025694
718967472
616698552
1486624791
586009386
1326672052
1414963105
1442837275
1773643552
1154259927
1704027980
1459511891
1746886947
1721196840
1784097735
1634326923
666393502
1679469424
1153638477
1659372542
1665688045
1291101724
1772522906
1301570653
533020494
1701223824
1306118249
1711890305
1744508944
1261139080
1639726043
1555546939
830979619
876308384
1021786966
683169212
1387469013
1577983738
1551626264
1706147357
1594529027
1704487836
1310576937
1731896800
1775209034
1550413702
1496980528
1055100126
642978207
1482755398
1212742785
1692683167
1140629249
1751750863
1500485518
1622551413
1526315698
1779054308
1758819352
1673586369
1514652903
1532619498
1551746798
1234598823
988002415
1454879355
1043266890
1023739152
1496972860
1469644149
1511165447
1415476778
1456789071
1761768280
1723726124
1183988775
1503452310
1483346334
1560120226
1345887489
1704348165
760045521
1680409119
1257984183
1772354366
1200704580
1496985076
1212210433
733482384
1447030332
1743029582
87019347
1251888070
1313046282
1768606996
1669306752
1441498016
1187594611
930479442
957859096
1674992516
1220314173
1476397249
1487538038
1745049112
1527506429
1678296207
1703328124
1404852512
225473138
1099326591
1211885778
872579567
1703071336
102591365
1686759807
1765006479
1767653138
1274839036
730863130
878912978
1771166987
1694303075
1671007240
1256562621
706779892
1777464364
1382827151
1246203259
1442943329
1353267513
1630323746
1571883193
1166460976
884957055
1738737404
1669840613
1413767853
1778578706
970674705
1745004683
1163512965
1577858768
1796209633
1442437705
1767877907
1662756434
654115039
1309465820
1496468244
1777689819
1670485876
1141608921
1671061576
1657716557
1450912132
1601684732
1790480683
1538890375
1730744163
1704779684
1009613613
1445054282
1671694319
1675571956
1216981154
1716461126
1511809484
1069895767
1504264472
1348894884
1723487270
1668008300
1746632097
1077096374
1294601948
1695938307
1391447529
1789251557
1240536450
1668305067
1740435690
1627567040
1611091332
1480841793
1394941914
1111153594
555774404
1758821560
802061993
1404161445
1019648063
893075504
1691264108
1446700871
1769485070
654799776
1678880029
1016467082
984777053
1178788433
1767177183
1410683448
1672432746
766451732
1248103779
1637408095
1037755311
1732520711
232360656
854152504
1330140138
1675368723
1128428576
1497606056
1792606711
1033451210
1030346274
1730040386
1772248989
575906910
503223284
1554201084
1104816287
1674667796
1558359717
1730742535
1251521090
1659497996
1088785480
1623100579
1788958989
1424177147
955243815
1597338045
1265704589
1511147331
1569511839
1705759415
1773660693
1637774937
1787723645
1671427411
1715327924
1737675361
1166770306
1270657642
1566879001
573624404
1080778775
1627765472
1741041513
585621994
1435867791
1755458715
548272977
1363332956
1425612754
518600588
1182250848
1421538434
1734024790
1104105143
600354987
1759282742
1540184128
1582693825
1702661099
497948976
1613403761
1276920689
824233749
1720452404
1701592090
1656202960
1554511529
1565889840
1770807867
1751532666
1652030886
1566830908
1672324047
1509303391
1381616866
1597157940
1737676055
1613628739
1584422878
761995313
1451928851
1618988439
1006098706
1473561346
1636168571
250247316
915477041
1064628223
1533363284
1734433289
1430383266
822358008
1509261643
1705733881
981587781
1746938378
1221600951
1621644640
1680490762
836509940
1650550516
1785982789
1475492757
704524280
1678723178
1442437967
813102347
1558025641
1587164161
874874645
983560684
1459563592
1081224273
985600469
1577136515
1605779257
772692129
1790535767
1078976705
1769007256
518814892
893765594
1742220370
1742405082
1749827418
1708164979
1731316040
1037275149
1584456254
1749828475
1714545245
1742661130
1160752458
1739845529
1719400777
1684132035
1717260735
1427933739
1441193604
1713637691
616567018
1211686811
1513908330
1781295597
1278704785
1682038086
638715075
1725236286
1070876035
574856527
699667576
112504008
1574844579
1698341244
1180497684
1359471402
1127829639
1567587206
1497608848
810712696
500672478
928787141
553351710
1728753852
729906778
1362238241
1684131421
1681800144
1496917794
1318521113
1277052965
1572816286
1412894858
1703912838
977668036
849640922
1705948415
1652195127
1600549452
194186709
1779272989
1604037589
1559737837
1427688119
1420263486
1739666008
1705773279
1756924544
1737667533
1689691199
1436046950
1797045557
1090167696
1318207030
946253617
1774910077
975130230
1650767930
1598659402
1694941829
1470338912
1553614839
1204646778
1575584553
1684724060
1757374701
1677124827
1507285521
1187592418
1646800683
1333494043
1440685137
1775487013
1735768477
1547035138
572823011
1663883589
1220134909
1348351291
1797012039
285542819
1601309206
1395709668
1688129272
1769483142
1484711603
1725246534
1287821247
1372321380
1423260324
1236979825
1706623810
660923874
930778930
1754995563
744479646
1706412795
1458848271
1373420770
1443270145
1752909979
1599980845
1430553555
1510224815
1766511184
1485971014
851772990
1546049501
1196329534
1773898885
1611740565
1691290518
1019081909
459982860
265789512
1430194162
1701905996
1729568204
1532898982
1009680953
1748416823
718967740
1763267035
720551725
1590722853
1396964959
756200127
1703914056
1162511506
764207200
1569678796
1598624023
1085552339
1511791015
1404193436
1588178073
1636265141
1020138448
1581143862
1142234745
1040524348
1773370703
1740401233
1587503227
1660695572
1759281360
1779045241
1241384136
1697190416
1682179525
463925012
1129105182
1510471099
1461909171
1692681418
904109515
747680213
161913851
1726075663
1422532506
1269346967
1346731589
575979733
1189675738
1023186946
1304946926
1763231227
1726865225
1494592870
1581259630
821938798
993500191
743320343
1375312384
1278288349
1218967483
229295920
923479325
128434168
978408399
1714474755
578379731
1514838029
1381210665
1512584091
1774928007
1682468235
1671549409
1740064833
1718098583
1049861762
1162503586
747123689
949705398
1445216554
840872884
1442783542
1500644742
721096751
1268404065
1074493686
1692018991
1754699544
1563263137
930373991
1742226942
1590082114
1038096933
952266606
1715452002
1777100789
1734529493
1018503219
1654299452
1706469227
1474703286
1682617802
1355623334
1738066689
1716160131
1703911834
1635849377
922566582
1332175863
604522372
1269787077
1419534027
1719962763
824189027
1706012369
1371245658
600590339
973622735
1691395642
1506420536
1760484050
1659923939
1573754411
1128974903
1455959300
708107565
1608853954
809070857
1736959927
1759109359
275146890
1224923058
1130867188
1792018275
1625694653
779085156
1761093655
1079131337
1705996985
1535962679
1630003370
1527282858
1497607230
1564245883
983204721
1576342050
1730292253
805631011
1028067027
523067132
1759670243
1195995712
1507896754
1166447234
1775966616
550978913
1667211012
1143105157
1708105381
1500677372
1450887728
1311361267
1689691743
946182581
819477772
1625808470
1590786250
1398656814
1262811261
1712660800
954424872
1465886253
1647964458
1187003007
1564937744
1656781997
1706636099
1540084285
1712675910
1616997791
1689009553
1184850832
1771333510
878792453
1716019201
1364633409
1540790186
1669306054
1002303057
1524393103
1325894738
933919442
1615016567
1761134833
1724088231
1330214374
1041209750
1166406071
1113948514
1379924599
1557753472
1752532580
1756418721
1669955452
1371522362
1751804531
1036558988
991505376
1434803272
1550251644
152568676
1745098683
1406492607
1726074471
1537611552
938348898
580019297
1088188168
1675556635
1242085139
1745472891
1757898839
1741662681
1766305877
1621682522
1429944324
1426253434
1751157286
1770147835
1296356239
1026173043
1741740911
1752846012
987292771
652092120
1750210910
1507920923
1656846665
805050363
1160451050
1170948906
1778524162
1645238400
1794800419
1773243605
1703067688
1404812406
1786744321
1759536695
988746986
978775894
767435949
1153798068
634040263
1546847892
880621175
1778546004
1546119852
594921358
1215795577
1791663207
1522716341
254065462
1783673611
1151195291
1491257160
1293628272
925642188
1666096618
1719923626
1777659061
1512254393
1625846334
1657079446
851280834
1751234114
1406356164
1667324936
1737680863
1201270156
1728466493
1690878230
1732515920
1409060402
1714367829
1615304945
1773174230
1514765828
1252283621
1636037274
1114032509
1174721939
1612696514
1520210336
1585677577
1298756457
1764730841
1668255134
1459160230
792727202
1655659710
1590688467
1736807234
1742219598
1730993369
1769487452
1739328592
116190661
1415924284
922041326
1762574950
1759335933
1678797222
1503028389
957700117
1496978926
1723481254
1139015902
1712958561
1584049260
1529798230
1678033446
1650278649
678953134
1657167583
1680829665
1717255495
1595840825
1567402483
1174952873
1139947820
1692275923
1759296650
1745335950
1518307138
1646727328
1614095635
1422460322
1740919020
1722146018
1198621692
1285484175
1028180218
1166931428
1755436881
1578576967
1388705603
1238630804
1567768221
688567538
1518323232
1139222018
1692188912
1740888495
1734048810
1174601178
1665907724
1672910463
1709795329
1583847062
1753408597
1473435513
1637684092
797961636
1303278237
514765457
1555895449
1214958278
930489922
678779850
1214794237
1175820594
1164448595
1766293854
1759430411
737728038
1296375580
1726455501
1781535195
1775616949
914580891
896114645
1389940088
1109917124
1561619895
1231002596
958558711
1142337037
717095896
1770517220
1787444923
721355864
1721531270
1433265106
979427593
1758885097
1731165493
1697606826
803002724
1751361784
459702690
173507403
1580988052
1715017682
1181372625
1059863929
1263752078
1501754339
1597740204
1683228966
1748511295
1591375461
1285505764
1666372611
1712661790
1286735219
1488419840
1771057694
1343084032
1227192880
826807227
1565617645
1768547050
1159817606
1717143451
1739122000
1752589143
929508077
1504662622
1292536721
768684713
1298475727
1704662949
1743038771
1592470477
1085488520
1209007774
591427342
1271440913
1686585679
1610533833
1298214551
1264231812
1723489784
1101898332
1548575364
1684132609
1728367792
532726377
1739239167
1280175384
1544944267
670358390
1281383061
1772678843
953473827
154136795
492218042
1518003704
1194959706
1726207076
1751769813
1681423225
1775619913
1507575966
1044775524
1731317150
1511168881
1650771700
1477907049
1546837258
1752671143
1563287467
457118370
893520988
1249000683
1198466759
1109471077
1456500946
1717041730
1511158855
787511059
768770920
1777331037
1742867639
1763305299
1728337818
1724187320
1328444453
1752130045
1764399877
789911513
1036570268
1576615590
1605898629
1775210479
840669352
721705499
976698839
1419842750
1689690163
1681425159
1723483058
1675306602
1178284548
1573646970
1767881543
1114671086
1102509811
1390019535
1422925723
1472804572
1762119217
253669666
1782144945
1712680212
939523066
1160502571
1748433458
1594641290
1543062093
1345482303
1648345465
1500963106
700172256
958880719
1703912456
1670890142
1066137347
1680675026
1068174231
1720110065
1350373023
1526989740
485047307
1548469707
1711502153
1612178745
1484585978
1200869653
1703226698
1662493421
1681375692
1569324424
1301930446
1675520436
1756420285
1277268703
986954390
805527807
1487853760
1057750662
462807763
1667252212
1741131624
1075687410
1475006201
1599147702
1768446037
1793288479
1447957457
122995397
1479255654
1312908013
1770523541
1439635136
1492484391
1566759713
1779591353
1085298539
1206958236
1667193645
1615671933