1718080288
1513758187
1444034797
1267332404
228921179
968426988
1590734455
1666254011
972763811
1746187552
1154442644
1238343100
1593033142
1611384918
1771415885
1771672294
1458884612
1531812669
832475699
1599023782
1684828436
1585137483
1246926561
1650955634
1101544186
1432345349
1642011225
1604683561
973763850
1753975923
1278257667
1493731303
692967857
1725204223
859420706
1120621613
692414285
1267341624
1694892205
1509110278
1324546495
992330542
672427600
822645979
1248236260
1080413849
1346189917
1542550276
1295738694
752100974
881426389
937578146
1657074615
1275995312
1262426666
1009199594
746569396
1143375690
1654170822
839355276
1673367168
1702653565
1244413181
1241244098
1540389711
1442305970
867298299
1700670613
774359642
1616348987
1718283241
1479457843
1585020549
1753396633
1666429829
1736372052
1732262465
1689379896
1547402967
1498796604
1572593904
1760421919
814034361
1689719692
1549118743
738724648
1547408515
1300814839
1564122499
822211900
1442974243
1354571229
1134112872
1270860748
1505705455
1191502688
824512778
1184714193
1469048713
1706154638
105868127
1458051812
1772223631
1337480052
1503678859
1539687751
1740279300
1742003115
1749214354
1343525011
1320765895
1765493228
1072039051
1418046978
1673644203
1046466393
1544410014
1538033335
1022574891
1579740144
1483677311
1195978019
1771101533
667366702
1121512706
1594196978
1570405295
1530672991
1391915224
214921900
1297118940
1336114752
969175123
1564393465
1479464707
1479624679
1700914131
1704465900
1129357143
1655908128
822210876
1666038324
807438854
1716349459
709244544
1108768210
1511540419
1353629645
1619172699
535932366
1704221608
1113651644
1759178791
1579563662
952625625
646499215
1267330232
1168289983
1012333446
1733342333
1721723303
1522792610
826927901
1042666210
1417307378
1635608860
1604438223
1521841959
871162042
1418683506
1428759710
1668474096
1195167736
1661974284
1779697429
1450913507
1255065838
1773161037
1315788644
1765801288
722940119
1416262727
1340578372
1395741926
1588344208
925646139
1508064031
1472718732
1716346487
1343165087
1692043791
1535292030
1271071440
1739179785
1644620112
1720978186
881226321
1051877879
1002804262
1485356773
1553503640
647484752
1324542883
1315785710
776557748
750416408
1768906587
1657873474
1166206387
495383515
1694760713
1313409159
739292661
1217564471
1154485015
1714401320
1566734851
1007948820
1428354671
1421252431
1709578310
1607864764
1233499004
1504967518
1003353204
1607772989
992922600
1244095895
1538412418
1745841144
1776973871
1091503988
1744466376
957423603
571760633
687554453
1476005699
1766098508
1674872941
1541159536
1278255904
1104439189
707749897
626701126
1776694077
1205873761
1714346091
1699646977
1309674952
1104053476
758974244
1679396439
1591534847
1598192811
1596190629
1606207445
1121070232
1601938877
1768751266
1542416164
1133133705
1371309613
1452353685
960199758
919539038
1104758227
1592149894
1262408136
1519827063
1548907805
1389145335
551379478
1309777317
928683456
1518268498
732768722
745643841
1496607283
1576779546
1617944653
1559023978
1390232891
1316594263
723888095
1654474382
1282036707
1180357489
1465899122
1665313167
1100929042
1516690866
1693032311
1352027009
1721077334
577033094
1552985337
1613832077
1432785773
1792767491
765317224
1313805135
1746000792
1060139744
1652867537
1372040225
997303870
1484261273
1771423533
921918310
1358160679
1610936169
1064892501
199632962
974630483
1498139916
1347786653
1578241108
1659169931
1441540314
1642168230
748404398
1530850613
1525078127
1531885653
1109725880
1692104726
832483719
1264939484
823904273
1161140914
929600052
1295744014
1605459101
1530019159
942704467
1594197654
986400114
944732034
1264241632
1668407942
1552648667
1758176219
1144594981
1762416715
904081779
1159615491
1681500151
1119789755
938042452
921183400
1442488677
1570844133
1554741830
991646766
1500446991
954046633
1642053578
975324137
1605829507
1600440489
1724275431
1297117384
1295739448
1749199504
677974036
689319732
1747949632
937075026
1715529685
1314787672
1446197991
1308324811
694099845
1656865408
1674149931
1645527582
1329895571
1328738809
1516943742
1607367331
271525407
599124092
1471968771
1695221446
1727085584
1721777836
1530863785
94510412
728265426
925594074
1789443503
1136462759
1051628829
1671694574
1685866137
659817937
1018339207
1599844558
1223486845
1697156570
886483155
1631178827
1235539733
876578424
1323084202
1518880967
1494336764
530659297
567303081
1609988684
1762542957
1598520367
891595628
1515904090
1317783196
1665115728
1512343615
1570347783
1389583421
1774769193
1398714072
992229498
1283413704
993543901
1768958614
1697337882
76168138
1294750987
1580218095
1083598192
780525136
1502207404
692233213
565179129
1773755565
1044766260
1750571802
1231660994
1657079351
1622676274
1717613215
1479577950
1015337309
1429799596
1359222167
1093830109
1501077950
1738804425
1306142301
1122514910
1501096839
1760701442
1686790799
1754578924
1024551145
156855553
1098406754
768500974
1577056982
1185501981
1600028976
1583832870
1418128504
912245465
1501332819
1678782833
1218998270
954574777
1714392636
1718615188
1606479543
723621445
1556143956
1772305049
1062678736
1491314817
577067814
1324535201
1309773057
1199481516
1086620286
1609321815
1444775615
1047553504
699127126
687556295
755390449
239816066
970955975
764298079
1586701450
1768022734
1586192691
483617125
1491322029
1381956509
251827196
834243676
1306394280
468859582
1690642408
1762762640
1199187843
1739290893
935483307
1120745489
1402511467
1267057918
1628667716
770248239
1530840249
1547693055
807504463
1702036860
1076737286
776517784
691612942
1295742886
1519108314
1347425430
1715978983
1331080994
1202252921
974168499
1200198984
1567348355
1705037819
1656224161
1497225878
1748622515
701417260
1671279161
1176368525
1696805343
1295744818
1466891120
1117101162
1547405817
1384081215
194500883
525174105
1430139672
1469772648
1678472050
1443196186
774675552
1479945203
947066221
1224816293
1732982566
1589151224
1732656789
749613495
1764840151
1234427926
1781159637
895795912
862660271
1295729648
1073192573
1575913183
1615766947
946598386
1310603061
808683828
1687522485
65446198
1456076691
1466335663
1081611832
1771572326
1749993593
1534049231
1761652875
1089752556
1447654653
780111255
953785380
1766014260
1409224111
1155896232
626370397
1262098759
1288736054
1146734096
1782774717
1501414116
1136198154
1702464744
1215627511
1421705700
1446957737
1532894508
1101760420
1671293908
1770397713
1233928620
1122013055
1589103437
782116075
1752332644
699120594
1588496651
1765685081
1425902512
1590841116
1158439602
923619790
1066474752
1468692783
174740584
1284370550
1420590029
1295826649
1779567096
1223235206
698351608
1199482076
862919555
926315816
1566361658
1330975167
1294916778
1324089734
946751167
1453442393
841010954
882789432
1522131818
1704618024
1772164562
1110752085
1462362187
1732304726
1757601222
1258433583
1139577749
1786355803
1112368957
1100971684
537885183
236171202
1258435535
705611893
1673195050
869313655
1766351218
1132271560
1384173837
1157307125
784563943
1245649482
1557400943
994344701
1753343073
1718880769
590608038
1758092597
809377549
1524702964
1295743610
1410670927
1450404314
1256646444
1677865534
1464695237
1788027799
1120999973
1171013741
1517676020
1766289830
820022872
1712562126
1160903432
1260271299
1511352262
1564525569
1684341986
1792643281
1728540541
1586067219
1049476108
1589899507
1318225688
1681950105
857167651
1627564627
1459621857
1578017718
1635637392
1741451555
87285807
1595298621
1388766617
1300301217
1709213355
1309422815
292800695
1445548068
1285449336
1159040944
599538279
1674605373
1712305719
748403142
1750623966
1695906777
1020745628
1717628875
1165518022
1510842314
1404527485
1785153939
1740204228
1785995189
1298717925
531101316
1325105062
1746803510
1457831663
384316762
1780037257
833421973
1138705581
1243426983
1721123813
1603471185
1197024187
1735076228
1695226691
891203586
1488425974
1665527204
1361166340
1297119614
734942448
1154294670
1498073816
1586494029
1601894673
1529491988
1580741996
1532526443
1339839634
1590513342
1298462523
1533755068
1192502790
1550679741
1245261446
1085250010
931070623
1671302862
1743371300
1312003507
1442396096
1506142301
1664655512
1315782992
1033191630
463894632
1723014609
521196760
1193469346
1383823477
1008031563
1419343605
1768851531
253663964
1284639652
1248618850
1534055207
1402356253
1501337072
1557164133
1267188766
782439800
1549350843
290517967
1014924673
1580800216
1329763363
975667892
1615515003
1573213661
1254259414
1538614211
1737711882
1679229825
1685869995
1776692161
989831381
1638662078
667852427
1563170572
1793141933
226086297
1160691803
1336257941
1021302730
1404913282
1688364586
1155360136
1227656267
1690847400
1201916195
1756817148
1080115078
1315017508
1072355108
1134081355
1032859001
1743295155
1289204741
1780925937
1303602416
1094556569
941469356
1680672144
1390679146
1475511823
868334314
1655405779
1280058045
687583754
1145524798
1073276479
1091983624
957860232
1010592116
1725713063
1086746044
1595068899
1702651399
1309771621
1047561548
816592670
1415320725
1299926376
1781188380
602710955
1324539711
1114270392
1430194089
1612235464
1533166125
1009400538
727294474
861235527
1683176129
1661929073
1586167627
1751133935
779281583
1285456823
490830385
1280760113
1594738387
940093974
1244145067
116905660
715901288
1049674254
1713897391
1640907072
1565755122
1151059592
106329260
1780344646
1762741176
1767262489
1292266757
1757310921
967758493
1528607335
1706773561
1756904669
1181687024
1793396555
1145470196
1117086299
1551493297
1550615656
1583073438
1707605000
1754347371
1434053274
1666096385
1731860650
1709827936
1370635368
1659569341
1425889059
953252713
1145662458
1391122452
898919100
1504470214
1512338971
1752047264
1590700081
1796740387
766336998
733498046
1732822001
1051047632
1308908698
1668013548
1309055296
1452645216
1566960820
1434017552
1422384217
1311143537
1625511222
1180100828
999937178
1795388657
266491008
1078633475
1542244014
1444732727
1385330740
975690368
1316722143
1088015480
1388047304
1420234325
1314862384
739896009
725871462
1307156761
1554387035
1148727210
1439842772
1396106385
1056838764
1775941922
1760533157
1207096909
598241526
1392633995
1483025008
1009422094
927795104
1719113106
1733892031
832737937
1332518539
1776163943
1702696487
1718851470
1311144535
1470409186
1611524703
1030066011
1666577641
1185359126
1616748704
1774267603
535086108
1328466822
1300240649
1239122866
1469817428
1796806461
1767635284
911196372
1537876773
1765234955
464848507
788033885
1736077012
1336141066
278001554
828974603
1758428562
1305851560
1579789865
1058206240
1745036575
1122791694
1390011901
1263176565
1759480908
1288332336
1577814188
1565274653
1196592950
1602002938
1546376577
1512923602
1685868759
1578275150
1110016347
1255332077
1516833496
1698790712
742987791
1670303506
1670437433
1018005620
1741872734
835682158
1153796831
953785588
1712460399
1332025140
1218654010
1506951962
1714490038
1262111494
695960934
1250060265
1083532382
462860747
1754759077
1224779289
1717173974
1553863386
1771510350
1765796296
833105445
1689376872
1762250243
1269294951
1748952380
1655255279
1199177881
1155647840
1396453812
988597193
843381172
1280033723
1108095698
1652073073
1587307840
1430062233
1516369230
1395104818
1662485522
880092378
385795566
1187149072
1764884145
1754773059
1109702974
758283287
1011975607
1342227331
1727318375
1674698905
1112408216
605969342
1324237563
1302985777
1479607680
1091975922
508881115
1373057500
746954820
1265766652
895589740
1711616371
1273076666
1241516909
1128121809
1699677766
1405881835
1759191017
585754007
1261927749
1590516988
1046670098
1506769357
1540974489
1687255699
1455086149
1590375544
537295281
526298447
1184298831
1295747482
1058976555
1655619380
1603338845
1354978274
1674092294
775457322
1284367826
784687075
1553488301
1527402724
1731843886
1699213742
829001453
1198205909
1659329445
1707267655
1293148677
1032508656
625816570
675354204
1026347700
670779494
1556813831
1381762701
747769745
1570860741
1403817860
1551698005
1102197589
731476858
204932281
987719532
909511251
1768618051
1216721586
1051435830
1312947857
910089804
1779692709
1508570100
1325384865
1501049334
1382478412
220817557
1432468213
1331791825
1485697852
1686358390
1742049761
701966448
1420500444
1585910154
1060774615
1480709960
1770404615
1309822929
169957889
1428022840
854127682
1717253337
1453890636
1480165616
1546512766
1768930989
1320426765
1573212775
1345625447
1695092670
1000021900
1661972256
1331574993
1699437366
1770247999
1160439187
1180513937
1552960765
1732794727
1598311102
792543168
1311139711
1760984494
1558244794
463249561
1136741341
768610787
92808024
1168018260
1584882273
946444739
1202287471
71242286
1728548647
1597374359
1644155705
852208708
1314113540
1746269967
1065649674
1226758552
1509089202
915034759
1292108256
1266773316
1111171413
1435663203
608755768
1004061205
1475773089
1237739820
1470130163
1486835867
691315080
749453788
1239579947
1192261047
1169190483
1287268664
1452275268
1640771328
1319964178
954325250
1282119142
1600548437
1742851441
1594435043
920224116
1510760937
1627770017
871123215
1792643491
776781725
1530847221
965863658
1538629239
1121464811
1682298460
699543802
1468523451
712840454
251721098
1019895537
204905266
1283526376
729354872
1484516776
1460897820
1068355150
1544566983
1585934360
1692210661
1716946816
1576364502
1749083985
1164282135
1220962336
1751133855
1294756569
1728978040
695427318
1727813888
1480631462
675979940
1784678501
1107939457
897650156
1225298593
1496582438
1698644085
1358005589
1609323261
1672384915
1611480641
1731682047
1787368459
1177964325
1715042556
1558964491
1769454028
250517918
1479461149
1781593257
1583181858
1581753546
1283764774
1572492058
1081019874
1138074996
638081460
1681420402
1792643405
1309772743
1574414777
1771419865
1694297071
1195372954
1553507710
577766658
94851331
1332693831
1381020553
1147857700
1766996074
250019718
646556193
470336212
1221254618
984565360
242970965
1589704041
1313826840
1695140133
1409988489
1544774219
1667669883
1198001766
1330537963
1602173704
957651283
1780960301
215241924
1557778752
1541985402
1686105819
1458912512
797813644
1301728095
1126640375
843046188
1663513991
1147758038
1513123854
984773510
1371554149
1351201538
1495156559
1470142089
770447002
1747258638
1789322589
1767863555
1713114710
1674204976
997032927
1065174515
1076600175
175889083
692602489
1460127723
1577724638
1205800340
1717853161
1664853962
1714671291
1388843161
867089420
999049963
1722516818
1729056912
903512134
1035227840
628586309
1326892097
1502479924
846526690
1004140723
473316622
1472340718
675545107
1723857543
1157207005
1596356916
1310664185
1779298339
1386396010
983393310
1641987867
1533401084
1667752506
1530244993
1319247222
1767562120
1424700383
1540193198
1468865795
1746434304
1792283695
1762479902
1287485411
925963655
1724741592
1562399079
1765303582
1544250930
978518378
1180280449
1604682491
1284663996
608727320
1767930915
1198659864
1541873989
1398791901
1127805346
1297114480
1054491758
810113586
1391229561
1728540584
1779422637
544907855
1656592143
1299365354
1471133744
1309776783
959581296
1665547936
1665281631
1651374757
1689103956
1174560867
1466594751
1258728072
1358105865
759203764
1306137643
1067989237
1428654839
882665440
1612582155
724446463
1738915699
1549853490
1455942342
1104446993
1559908793
205480072
867284628
1740648714
706725895
873335253
917590749
1720667045
1775758368
1546065074
1275748608
1310181935
615180788
1717255821
1777787119
1393830386
1489241625
1789345169
1575208113
1710769408
1718631944
1324620260
1746455590
743385391
984525401
1482358603
1278262730
1637209333
1484110548
1634831356
1653221421
1476265281
1567846184
1622963823
515685186
1120323507
1105741738
643645568
1228043151
1245164794
1015276669
1740250382
774840297
742982833
1258314570
1557500894
1167607387
1688832190
1227595720
1718188215
1256931442
1742715987
973661400
1062851075
1362477325
1718823242
1259722123
1536440105
1188525396
943654405
1217225393
1088839304
1204198324
1432243683
1529354392
650694371
1540785433
773082783
1165481897
1553343770
713846944
1727919209
1778978047
1328834655
1157553328
1771340001
1414027328
1727778609
1767958658
1691712058
1741681271
1219241158
1676568542
1699923789
1707873250
1658272123
1545516409
923017879
1076056126
1639349900
1217986541
939721862
1185833467
1216571976
975431403
1235279833
1778473902
493175995
1760137014
1312786329
1084481090
1604934398
1497877524
1161137958
1468851734
1407468072
1499446449
1553187596
929158891
1097789610
1729111971
1070558272
995394013
1323367330
737695971
1656916750
489759935
1686090005
1739947267
824569064
1231667893
668089376
1302149331
681464263
784353028
1308344450
1014637938
1295740676
938128534
1577043982
961388861
1679934303
1310430172
1747691968
1692014076
948078194
533166788
1731195823
1609914657
1755049383
478401050
1484265198
1282420536
1624756156
1299068656
1557685922
1547415354
1561291568
1575119261
1479339015
240842280
1444752506
1295742232
559084037
1736785990
1479465971
1089660088
905190069
1781362072
1636208128
1783151925
1760324147
1448357752
1746686560
500734222
1739367886
1611413965
1481630939
636328187
1109533817
1770420788
1726934547
1302958332
927772270
957839482
1756800848
1216578458
1704021989
1702941152
739314587
1750647983
482057401
1742448913
1101119029
1066548643
1770423059
1352391759
696809249
786739175
1533253979
1240962609
1673471641
715245015
1347498943
690296954
1728265124
1238825369
1775835815
1483830195
265677786
542277043
1450138106
1763034540
1480488336
1309310431
702482858
1562244677
1219659890
1667685951
863914986
1590408923
790450929
759997359
1758963813
995225935
1565373844
980902630
1309781767
1450623118
1678278977
1338688492
1109142190
1161874475
1188333670
1588903537
1209657223
926437723
1776834920
559189333
1288426183
945703199
1276603202
618679437
1383546858
1473824089
669527063
1274690556
649575564
1435067019
1509868042
740924861
1466309124
1702610855
1570841771
1605408825
816544233
1530603843
1740929962
1100873109
1764466713
1555554063
1452122042
1724991501
1399998452
1050077506
1109528825
1035079035
1211749901
1753296594
1500367137
1570184921
648451139
804080312
1513337506
545005365
664308032
553239713
1426846309
1671686968
245527224
1749580412
1481106708
735364019
1252410619
1676009445
949050918
1712399628
1557182951
1592471961
943477886
505632498
1159193941
523407052
1539087319
1675452751
1685860395
1582625271
557566954
1672911423
957648313
698161880
1746322128
1308948893
1001650634
1652690951
1380088636
889000070
1215974338
1734532665
685195627
1530869541
1004843461
889079070
1425119288
1706563503
1095798660
1508092546
1279159432
1782787787
1434549973
1731188893
1770114856
1094600513
980215173
1701029168
824230024
638313837
1198636361
1646228388
1269832717
1789120379
1253922705
1747020748
1210187123
1763087269
949813574
1336094706
1676879530
1625733900
1299211674
1758586673
1120715046
1720388551
531101606
1568431988
817441063
1556629950
772387188
1151885077
1537465359
1254257576
814515271
1773572647
1296549478
1761346172
1264694953
766708663
925886450
1475116596
1765726908
1653498230
1775182800
1094812053
1200196150
1688503968
1737618814
1405901442
1117398885
1296855170
1692460088
1621440375
1154334373
1166694195
954993115
1769503025
1430838508
1436518236
1637232894
107256335
1650277119
1716842229
1078145589
1471334886
1426185187
1395876637
1485421985
1171533033
754887168
1596051763
552024825
1292862923
550397574
495481297
1054890808
1160868211
1183816758
1538276753
1750223145
1772912949
1037686656
1210836242
1726456650
1219398931
569034852
1679625522
938987871
1324297359
1270623759
1789746767
743908650
1653933810
1543952140
1268036115
781823741
996436425
694639461
1256155604
951109794
1767507943
1418052891
1297067466
466871253
1534539278
997258567
1486872752
1768375869
1775128908
1140215364
1338059962
835555891
1705455361
1496965763
1727317735
1696659821
1710224572
912564818
80067587
1603744142
1066213352
830022669
1655238811
1328224350
1723012282
1384678758
201691175
990483920
1777272866
724781886
1331714482
150268202
632161894
654092280
980057175
1653381134
877818471
462086922
1778115995
1728446236
1718921949
1218685420
1174998566
1777740229
1564347482
1701646128
1085036644
1756393324
399965111
1728713644
1598457752
1379567051
1667903333
1226199888
627964636
1241424808
857589054
554777447
1031912925
1062188079
980622768
1640168372
1567254951
1595545500
1182546967
1072162433
1664882479
1298469711
1773935492
1754111835
1199077100
1195270789
1525031323
1777311561
1637513794
1616549837
714140396
1332250839
1220034650
1746771825
650965565
667853515
924748194
965523424
1123197918
1423398796
752797372
1014706623
1706648465
779323198
1068136288
1584412075
1268080630
1784276939
1586464069
942910213
1723138754
1703409724
1558456275
544374356
1547338182
1722843882
1776636541
1524975398
1659679720
1309780761
731031694
1778984960
1779615534
1090223117
1781690893
1342197931
1772120016
1016000266
1667727385
1515318598
1498583092
1260343775
859141464
1552364323
1762217944
1745183011
1107624823
1654111331
495539631
1546041330
1706771189
572303749
966154842
1741833098
1502030972
1122088289
1644038118
1716857962
1701405815
1793770395
978522680
1114674989
1410151741
1125244098
1696740765
823797710
906250904
1430163396
577020137
1575930481
1711047483
1191069223
1178788853
1298893613
573808871
1742851775
1490516581
859986674
1495215309
987821775
1147834704
1126228199
1637709622
1717585853
635346452
623333055
1760213917
1402360793
1146187744
1554749931
1235237098
1665230012
928194596
1616983224
1545829100
1743225303
1394849329
1584285699
618315170
1327053841
1723824894
1425847515
562922811
932532840
223893925
1523902438
585292097
509697642
1650167466
1764858591
837380252
1334144529
1559333990
851290235
169355519
1223548670
1549034289
1465068368
1453451718
789611447
1499448717
1549614551
944786028
1132775096
1268665095
640291788
1634325276
1659814399
1013996111
1032597078
1683212689
1787163923
1091981802
856962095
1785582107
1710826869
925730671
1064549700
1628780748
688859840
512119655
1426707063
1689156559
1673481127
1530137315
1043554010
891097003
1198406924
1340218293
1714786761
1233114833
1589881017
1775549480
1416671217
1167886260
1605486784
1037123817
1633986032
1320146425
916204799
1318023031
1773484879
1040854453
1149821974
1686926233
1736276616
1700152276
1103024106
1575745678
1322534680
1502812106
1494350499
1510775352
1067903289
1730771579
1427473619
1705037813
1611348469
1171700260
1023961085
937997852
1118210860
1113630344
1530696410
1736593161
1435521085
108058735
1146776880
1241154940
760333648
1126202521
1168866724
1148623376
1394006976
1526336360
1541797682
1398486882
1101471405
1546632168
1525663301
1631265165
1031440003
1759251987
1704725353
1758987278
1439171680
1368027718
1758031416
931296755
1637616335
1599324999
1760786753
910379484
1480127236
1527727948
980324840
660754207
1400506552
1757070364
930441238
1626035640
1191168414
1679710053
1442211492
1576959745
907660807
1298042199
1261067467
255991420
1664500586
1411821939
1341184766
1269506251
1542337687
1587328170
795137722
1757808356
1784613689
1623624781
1546455745
1294908853
738590604
1600741552
1748680233
1301102804
1457208657
1260910822
1662747064
1792674831
1758759534
1043659370
1525644910
933805719
1769781024
1571611070
1026927306
1724501086
1291431188
557681595
1674781103
994850858
1666404708
1640613156
1434144640
1290747535
1746860884
1711704236
627082133
1746010358
1537591619
1583046602
1395281105
840635969
1771883058
1254701150
1550816948
1713089347
1228225138
1777473093
1784490727
1716532646
1766644036
1013357920
832770002
1027001827
934255157
1749311360
1639899329
1284727654
823519415
1773449220
684948140
1440849036
1052164315
906792724
1190827552
1711267177
1716333050
1577553951
1718095371
1458325040
890678195
1703861694
743499004
1002201408
1672984256
1561669474
795910451
1752331514
1274608506
948592447
1096336390
1004988905
1187769991
1605395979
1683395565
1328223592
1633798857
783358835
1763906671
1338939205
1120936341
1420369218
1760981022
1593731868
1271728271
1382868598
1698741668
1682933812
1756133480
1570436213
779617182
1521958372
1568486060
1618404736
1684850168
500833922
1639276187
1262492933
1662515889
1526095428
1794506387
1112241780
1365588912
1170095704
934370803
872110284
665369766
1014923599
1318080476
799095083
1739819856
1246523689
1390277785
1652478573
1068973662
1434942601
1768116463
1158209038
1777009032
1724741578
1763922498
1735513768
1697534636
1583046826
1328224716
1471580322
1303604496
1778922149
1572475685
1650582070
801455877
1585193038
1558398182
1149028259
1447419232
1724920804
1728009270
1749323933
1497223863
1681128619
1271986184
1790079107
1703439990
1720579081
1233338102
1612422678
1182048211
877706921
1559202962
999722537
1771387304
1518133148
1092740099
656166215
1722794646
1022178557
1787781821
1646230380
1601794447
1493754306
1678198359
1170393772
890825120
1380865760
1706617021
1654740260
1411711854
832864862
1336150394
1204776785
1005226724
1157527440
1674942146
1264816648
1089605928
1068378841
1525655721
810180881
1255954271
1782658919
716321451
1046251081
1489420244
943476936
1700941434
1610378237
1746267160
1788373765
1605220554
500428130
1533447902
1471998297
1598882933
869307026
1022674895
1770312371
1399963866
1764070504
1201198204
1745948624
1109664353
1715369818
1051856783
1747673749
1455716195
1103085554
1455735723
1276449905
1072321557
1580125636
1668513634
1706977399
1464122229
1035828810
1103686435
937488979
1449742258
1721871882
802105165
1300586554
1767849574
1099832971
980731003
1192069249
1323139112
692180558
228503528
710724098
1756802018
1690928801
1038445966
1302694325
1399321459
1330875822
1506111191
1773417669
1776795642
1607811283
1183045019
814344291
1232076814
1032509744
1000142440
1542204399
731895818
1101545654
1619238559
1729688491
1529360904
1769455835
1243954029
1425640363
627082143
613244334
828981825
1677488455
954443757
724213716
1374184979
1543611367
1779903572
1182844823
1177904321
1681385556
1485526188
1586225618
1666129539
1609324675
1746615836
775092760
973058149
802638282
937012797
1732585644
1105862816
1075275609
1751770818
1580798646
1228956927
1783956369
1762454765
1722098328
1612388100
1687267802
1758587828
1663382822
1592181415
1542246915
1211915637
1109566214
1173320493
1194896149
1309031669
1229920264
1163950240
711935643
1420602261
1135788685
197112168
1022234741
1248371900
293026699
1034836973
1497031334
1686088413
1110267943
1027004931
1768046827
1756482005
1632953040
867092420
1532575547
1685103945
1645341522
1383037909
1615701877
1445251371
813216458
697852550
1709560489
850714240
1776448405
1321591293
1766694172
731639488
1151581308
911815648
1643312300
1602745354
1648900757
1049931249
1443601495
1366769886
1023460108
1297118044
1773348907
1758468708
1139284523
1332124867
1569756923
1069375246
1511514964
1328223138
1329860486
1758908291
1346460696
873314389
1631579692
746330525
1480159018
1646186062
1504818113
613244326
1208850686
1772110739
599258780
1397552541
1732949492
1762537729
1194542438
984829906
1091984496
1594634234
1133181606
1499971599
1713400307
1121361782
1731549592
1105417365
263291064
724708599
1771926339
1211352612
1630206649
1299375934
1031524201
1420541411
1692454948
710948031
1049399358
1778907353
1510218195
1358383001
1413921651
1728576655
541241803
760284971
1749560113
1523610384
1306691110
742353038
557129353
1563149983
1286754054
599367693
1368091253
1438693241
1458641798
551212367
599298232
1339845503
1321993305
1666491001
1580167721
1698474759
1571555480
1576435881
1586489165
1520936102
1487707443
883866743
1759970770
1537453262
1641233280
1601189822
1764729738
1758773465
1523897646
1250118884
1488229166
910181717
1087906391
965842334
1729445410
1010289116
929523061
1692630817
1060180260
1722493077
1400165894
1787121349
1514865268
732008585
1315784673
1676312525
563911974
1325456034
1599095499
1546021682
180227004
1065780759
1675000405
1763589899
895762187
1758514671
1756991082
1221340694
1637757751
1303926628
1219053966
1203578851
1323486044
1258994930
1548982486
1538777180
1418870665
1311145224
1404750881
1742454255
857231182
936475888
1789482709
860778082
1125967762
1276707419
1255373717
1772540941
1197623123
1634368837
1296983368
819073912
1764508686
1759018121
1767864697
1205587557
1564607653
590913217
1144033443
1395491270
1764440379
1420345988
1776946751
773714310
1535818570
1502164489
1077490789
788015424
1754494276
1078126322
1657375008
867086278
1112532399
955543352
1717990796
1766418684
1732827212
468557416
1119696451
985208790
1372753964
1756801715
1440353724
1346442476
903052550
794032098
1290296102
1280450326
1273402299
1767647149
1444485450
1754883024
1254025880
1526741255
1082518314
715836212
1520735949
1570230160
643402322
1572774228
872321731
1688464097
634828777
1539873324
940318042
1618157798
1284863266
779166180
1767770566
1348088582
1150808039
1080488254
1631611374
1700540989
1447192493
1617029852
1644229285
704612976
1076707346
1249135401
679381185
1565025217
1226323460
1161105444
1333619009
1414309406
1563994787
541511473
1209236232
883007905
1577992293
1663542669
803166875
1731972058
1715583337
1681944334
1084398208
1679804400
1767563628
246320991
1767264983
1384543537
1780522488
946564872
1212842640
1234376899
1118684571
1550993208
1336247419
1477710666
1560190145
1783425511
1768903663
1549193000
888211676
1518477313
1461578646
1738432648
1120555466
1753865859
1599262245
1672390102
1220070595
1302468826
1774850260
1741134032
596877434
1453661547
1748836976
1252382446
1518378250
1747188716
1236152492
1770680566
1655907721
1501806264
1719506101
281251016
1322962461
1160584708
281226516
1247435525
1320653403
1773205526
1700610336
1584406216
1755787101
1332139884
1141577463
178853949
591452627
1484206368
163614703
1567490204
487672007
1185099678
1522672313
1744605748
1396214616
1601289984
1761569007
857974021
1745597613
1059338007
1338913987
1209230610
1697426565
1120030745
1170948213
1545753900
1059462213
827689474
1550712167
1548635341
1477306097
1568276130
1602009372
1436224541
1707014757
554072266
1774849656
1766689921
1734471013
1583210282
1696923968
1668379212
1563248591
642000218
1278948968
1540482125
471026815
1116873219
1524528106
967134539
1219934626
1254735763
873112456
1728263624
620509636
1714552397
1693185122
1571104175
1097815800
989760804
1075209052
785588521
1764785434
1228851399
1368786439
779201945
1782027105
1509965524
601356033
1612015635
1071214518
1510908707
1592183813
1084821655
893197361
1435720445
1739894878
1497307799
1728265630
105798176
1479766754
831195112
1447845997
1719345206
1077820270
1742762515
1312923634
1654174564
177889562
1745564445
730420150
974793932
1760888513
980500060
1394021267
1689652990
1777675361
1363107165
847510184
1358378483
1100420045
1540066325
1666278923
934247485
1776414870
830668247
1126384532
1464877015
1560277265
1782478259
1547811680
1667773762
1315140466
511361502
1345060479
1738041331
1666106381
1313059676
856541475
1617717818
1557342439
1794170593
1294856594
202603729
1662108822
1778439679
1772276803
1277418217
1541913139
1383952420
1132202983
1622655413
1279659651
1387418266
759434105
1764451814
1203527111
1519858263
1778960770
1679216745
1765801906
1783838603
1751955657
1526330404
1458326338
879332747
877360562
1795813953
960465245
116790795
1367015700
1475085763
744183276
954707160
1269498734
844735373
1546927674
944793834
854490871
1621119713
159887868
1109316257
1459949710
1702302068
1767763700
1703586494
1679854448
465298831
1521988311
1048721879
1651206057
1443343472
1769997618
1154732640
1342460709
1075847669
1745391981
1072773304
1785800143
550139043
1779948777
736185061
1051600238
552507429
1250072810
1509579618
1316822608
610721830
1777267520
1584368001
1157287636
1639023078
1404592814
1772472357
1723452154
864980242
1789049383
948358304
1234294661
905217490
1718007809
1209232808
1396688040
1147464658
862020468
955424521
856173102
1776241698
1785802559
1324621344
1302032905
875837490
1114199513
883204601
1705824611
1068043044
1440925657
1273183920
1765311440
1453964306
1730979382
1756231318
691812612
975928661
1210674389
1182676720
1728567329
1789435791
1705014594
1673967748
1221942360
1143518954
1211748997
1759299572
1332430637
1692538514
1520735890
1531080060
1564012332
1434439378
1759784512
1366272419
1324345309
1337053789
1679086938
834855198
1451763348
90611154
1396123195
1191632096
916851210
538705212
527590344
1290033187
1773837227