1700986220
1010403116
828663851
735841076
1737987512
1143197487
905042721
1640659552
1490073824
1226707363
1482246147
1748591089
1523496057
1764834595
755065291
1760910413
1145118385
1712075083
1328834602
1594804565
1703030431
1731630257
1136496072
794316819
1753661960
1090813040
1266899952
1566536502
1741703428
944955476
722633478
1595105566
552229792
1775846626
524274661
1257933462
1605417034
1591051554
757925402
597290072
1464528226
1689265988
1562067716
1489658584
1700780307
968472025
1715176805
1691089894
1438532113
597289214
1236187083
1451016956
1581562214
1044713304
1677652145
1453889284
1276407800
1741799846
1065621780
1340978635
987518034
1625651616
1764993917
1784014097
1358353009
1560821049
1534489657
1762554841
940459483
1401079097
1753269302
605888030
644635830
1299325909
903101672
1733063372
1795910423
1200571095
1270557809
725923617
728640962
1236800894
1037259731
1600851104
1659123181
1730399309
959950014
1563611358
1425159291
1775457924
1627041892
1769387143
840255242
1657286860
1555399811
853405180
1589133858
1381397884
1061302875
750586873
1564516191
1030944426
1529891909
1290782409
1560566380
555467485
1338159380
573932785
1738572594
739502451
1675037671
1404335322
1691296750
1031590092
1388105673
994687346
1746600331
1565646288
1690990870
559131003
1011501693
708988064
1782776273
1638772586
1072205707
1588655377
1173167797
1497524849
1753940019
1409538123
1076232633
1435146171
1538846594
1720249768
1755718877
1533267092
1146622408
740502086
1658906711
735295793
1476176091
1548176533
1684586992
1499222874
1534844796
174555821
1452356108
490880856
1526872217
1514364995
1283594349
1778684452
1717857876
1585672913
1468053052
773913464
1704485168
1419771672
939468470
1783015445
1518225764
1575197681
1768157942
1636276718
1401506817
1515867463
777066553
1569155215
1767813283
1726190930
1778009436
1795645093
1761917332
250731242
1468048742
1004723199
1771655166
1426014728
1743638763
1776204462
1203401673
1222754374
1463858443
1476742112
1764188042
1464477788
1648311609
1748581993
1690033440
1537288443
864785363
1489712058
1710785150
1761827107
1356518158
1582902642
1156585307
903418294
1662847961
1035295718
1752863434
991483512
1236799862
1668429241
857404820
1708154558
1312805600
1761306359
1718088257
1311415813
1707824766
1338905922
1765365406
957858288
1462354259
1797172799
1121647699
1650619102
791551239
1585624181
1450376161
1677706028
1793322129
616131466
1442166837
1585645891
1418771689
1292890804
1454660445
1712377113
1660091494
1706111461
1314441626
795792895
969452323
1393299046
1722025948
1703915984
1498686859
1651955178
1442854665
1419964796
1202773880
1143188203
1775932891
1575327773
1294069939
1472952878
1191431789
1792491491
1085037574
893701703
1445858567
1152511011
996903654
1354491933
1537315979
1329043317
555467425
1517973673
1755314213
1392871380
1018549838
1687468473
1104180219
541670178
1745892630
939230247
707805994
1738163108
1580899574
877313938
1722676603
1366079005
1617749265
1635121592
1695494375
780725058
1272946761
1734401550
1705727443
1777874983
1573937451
1338646755
1252793196
1494242268
1574138792
1257995107
901962129
1203479090
1582766917
1616047599
1528323564
1703045063
867871285
1653850326
1518739627
1712373649
1194201940
1533838917
1727722500
1660686598
1472266795
1708482024
1797888113
1538839338
1748585727
1718214944
932366067
1413956703
1104962947
1537988805
1453854941
864797075
1719913760
1659554196
1699421615
1158228735
1780363273
844131225
1166823106
1623602541
1771676347
678341387
1668228243
1588085450
1778422552
1252219770
1327902523
1791957049
1160138670
1689483998
812234399
1780283643
928545043
1227075693
1168923492
1703868325
882977780
1554696271
1729418629
1752216800
1761238154
1143209655
1417233080
1555924798
1783112008
745077004
1225140164
1103943140
1270674898
1301039391
1733861975
1772451189
1776136596
1323546943
1706300175
1141931582
1173589737
1746625009
1712680557
698582442
1597055556
1732971213
1706632205
1661013162
1742280813
1769520768
1250731083
1755972733
831892110
1756742344
900562545
1788140643
1667435743
1730690064
1708228273
1781430382
1758780676
1633272526
1695060902
1050673256
1583690215
1772452965
1292941263
1363228897
1624770866
1263796661
1679643228
852028688
1390850112
1561941679
1688348838
1329330286
1760742554
1767724952
1764560251
998199884
1224061236
1720438968
1680233626
1523410978
1702180504
1773189026
1073331726
1286746532
1662272650
1414744849
1327361400
1680030868
1290979055
1409114355
1149678907
1658283971
1660223012
1686297482
1149414458
1710551168
1724825394
1782041937
1791435391
1181373137
1788227711
1533285351
1029750138
1386026230
1461097160
1236998884
1755284798
1453690737
1692072330
1573278651
1653538105
1053890135
1297068253
1698422275
1756247105
1360039508
1762505408
1766890314
1451047904
936901010
1756339370
1545251255
1646484039
1571411663
981985439
1582646584
1645014561
1758748250
1778416034
1236801144
1323570252
817121000
1535491509
1600736665
1569322590
1312478949
1492137082
1391323690
1748425377
758733592
1655380248
1413654613
1500659056
1736421406
1584443348
1753110060
1158924647
1798448243
1284247982
1744072982
1655895157
515426738
1367379620
1750757286
1115261369
1391844765
1565563345
1544878038
1261334066
922254334
1386177422
1685651450
1773999026
1760956084
1479856078
1609784338
1454153600
1209410580
1006235201
1333901177
1343388665
1124397089
1381783961
1535825066
1603300566
1350233680
1667214125
770077500
860159924
1352898775
1655223060
1586201188
1648147021
1754298652
1682119044
1129248670
1509804746
776040617
1242761483
1764288212
1648259074
1239529345
1115845118
1757940484
1660687238
1526518817
1654617362
1776168387
1154234327
1742961844
1415593835
838827036
1776999356
1764259884
1787327783
1737731309
1588093720
1737472814
1259521296
1716746055
1596738775
1564519797
1678983156
1763289133
1202348383
1681687957
1092050892
1521618736
1053284660
782447019
1723357587
1621357515
1090624822
763881674
1666483051
1790806883
1668250033