474361752
1704773700
1167562350
1420658332
1664844584
727430066
506309419
644412257
1451077946
1655060507
1471356923
1704612066
1074319248
1533875695
973055203
1283162551
285428763
1713776330
1571032858
1559493285
1280920332
1603578864
1685473922
1666048094
1017067182
489557978
1538112082
1743814958
1104413132
1439553581
1461958540
1644411558
1738517003
1190585622
596528494
1282689201
1754282012
1282630862
177898019
1218076716
1776427107
1629945628
1569471046
1756898687
971835897
857429074
777841021
1535873702
1710583173
1527553758
798121276
1610828259
1741686262
889553431
1655531979
1652803128
1739129030
1682367142
996655135
543557378
813249903
1269836975
849700857
1685377765
179104533
504624139
1589315828
1247552944
1720206217
766950118
1480789430
1455437596
843122962
996569045
1469732189
1104000097
1767331866
1214957257
1167240462
1436680765
1632747336
540061406
675561245
1682768989
1715122546
809269298
1550949261
1670631080
1586036032
1196698760
1579109812
690901692
1083595256
1786922531
1564315943
1260925036
718342173
1328917080
1724415329
615742415
1301734864
1137362673
1480818157
1395245124
184602732
1671469774
1103388465
718341419
870421234
1241255388
1669641524
1538360814
1743325444
1701006806
834819311
1707451657
1667823136
703750715
1576844784
233867815
1435978042
1529673421
615900671
1442139519
1090331166
999181256
1235262063
1684205215
1239496571
1348609274
1738614871
1639976771
1567194751
857699316
225115753
1171516086
640786982
559490485
1381681439
1521203722
901152029
993438170
692631292
1712917881
1298467871
489390555
1649802578
816463358
1532544527
944884443
1688906009
1649295758
1683563773
197478435
1619055263
1169618784
1608144634
238356415
563848146
1353977028
1451262110
1056698572
1336118194
1056507404
240527779
535717298
1722305695
1465499118
1556631045
1040998957
1258144412
818756907
1336893107
655959362
1632990925
1312503305
1105131761
1590573566
856419150
1361313037
1755788907
1221468602
1364187065
1686444799
1492433998
992030243
577637081
1681888499
1622778854
1307786740
1469316826
1630734920
1602774131
1573694030
1758817318
1598027805
719121272
1601495571
870697111
1652055043
1325127339
1118999776
1079991962
1283140753
1659104413
1078931819
1476155805
1606268179
1593837786
1635456556
1494154003
1207814563
963005108
1344960825
1340849375
835266441
1619293267
1323815270
1188842315
1016727620
1099935184
1615585143
600542923
1737636797
1692171149
1559978142
1236038912
1747980130
497708591
1160869989
567497643
1117271139
1083843870
782490894
1479392640
1762458563
1706119899
709675354
1646141024
1653595455
1200162433
521506150
995389821
497089774
709689756
1356572435
1093119170
1633984622
1284455874
538864760
1693277644
1581396947
1679615269
1707974755
1537872647
1670038504
1524325630
1154062311
995046636
1535317894
1628283759
1324056981
886827817
1752797918
1762525321
1537207238
1409856072
1584220557
969376771
997047828
1222034617
1188059157
1478185184
1295429199
1654999191
1640227184
942586830
1706916728
661566292
1051736506
1681386138
1509313457
1334934536
644468753
1610377045
706525988
1746305037
1759804508
1617905057
1523140706
1601741875
1270560482
1628266522
1684205061
1145257400
1702897952
1630266111
1684866222
1788351635
1331451577
1508565124
1431590371
1569488650
288137453
835257361
1318860030
1704459301
1525214942
1407740058
616777208
1459057425
1619289333
1588937066
1741607141
729460026
1736347155
1419232220
737814816
1607216245
244925066
1468424423
1341983909
1101604063
1774793711
1149044292
937110217
1729271523
1508236358
1710237758
1202796922
1308286118
1594912735
1757093895
873476386
1607234093
1471584263
1778775773
1661561586
1287459297
1520652153
970484979
972208075
1039785753
1237991976
922906194
1649231184
683972907
1269876768
1328679732
1624751199
502860614
1044278390
1647120354
1423514514
1675018305
1175870946
1499740269
1608602254
1567299313
1723685703
822496189
1251904215
1670252398
1131348996
1613534829
1629836786
1767181600
728671481
1759250250
1484786435
1422444677
1524316916
753064444
1589132181
1199851098
1602801140
1537130801
1724737777
197467342
1516194450
1641173299
784001217
719307062
830358573
1658988878
1662703119
1211648878
637980421
1306003172
1015450384
489056339
507323733
847606987
1150965418
1741333110
1689915072
1743109425
1719580866
565128237
1738051643
1773113428
244888998
832834789
1279484292
655822434
1331092908
1426946758
1712915905
1758358361
1679472308
985476401
1325044887
1307733848
1671726894
1635221446
1718705843
1550409042
1104726911
1640328366
540847765
1587833238
1672889626
792536328
1184414030
1468416609
699759155
887237173
124714945
1495641938
918998087
1312367769
1208003144
938555628
1680412034
1532897032
1540267072
1525753587
619379034
1720583835
1738221870
1597494902
1599726624
600919461
1449397095
815197661
1331967361
1675431472
1170003981
1216211340
190765021
1724971101
1126779572
1441629499
1717482084
1058698165
1439297110
1225822128
979349952
1684218229
1172826677
1738800038
1501933220
1298499416
1693528514
791357399
1567906849
1756387940
1773629555
651566831
1205734134
1752434573
1580235357
1103496539
1469698227
1714950278
1670485336
1651535504
1306166127
1668608144
688355090
1216686119
1295943378
1778077769
865741391
1702325030
1560197090
696952190
1545320886
918871067
1050479137
1367560968
1108583620
1538630991
792352900
1151043165
73870296
1529827621
1206082968
1611435232
1698886841
1187264910
1302005546
868109910
1677927403
1702285440
1702385095
1682313321
1323408318
769261739
1566540851
604355886
1512998419
725792523
1572220527
530795941
1488932434
1554388221
1707073361
1594234674
1346767219
1432758534
945218304
1750432326
1768805118
1088996860
1773035521
826522968
1792051309
740844797
225797970
1063716678
1742721645
1541068717
871322586
1750011238
1758337675
795554922
1498698327
1255335384
1701017679
1484942440
1665453200
233285014
1095604524
1063812846
1770868081
923750060
755226672
1283157544
926436578
1051063788
1479561271
905162972
1776350027
1638602688
1729996456
1246405986
1610780137
722559739
1295100068
1513616532
791003818
1496800082
1652298199
980726320
1011270185
1685620209
1588160058
1721933752
1359588494
1002688089
1464386332
1728533363
863522199
687896805
1602071680
184284253
1737700166
1177383903
231244861
716519556
1767186773
492144011
1293719608
1736067097
1730410108
1314247364
1391186208
983361360
1327589320
1482349450
1465022183
1671727902
1268575422
1186763782
1599885842
1621963439
1637287359
905698913
1706945044
1487701315
469530503
573479546
1194610046
976496724
1523409663
1681807711
1668137394
1297886624
1620913821
1116130343
625638578
1615602347
1433612626
1644009454
676270572
716363831
198802234
1769901268
1269121256
689098854
734500838
1445765732
1313953484
1769473225
1564261451
1153593206
1767314170
1733759455
1702896414
1761949776
1795880745
1649621857
1723173146
1172688129
1669386473
1768716973
1294887301
1286667901
1387520963
945207428
1519658248
1778364631
891091996
1610235348
1223422015
931682267
1133448789
1486858845
1771078073
1733729296
1772588640
1776946619
1788996249
1717555719
1537018913
767099387
1760006935
1276103806
1609515971
1465868414
1517450291
1569698307
1210864360
1586877116
706288913
1774134984
1131593271
1557512023
1409648471
637290250
1637390893
1465925228
780249734
102012790
1057085181
1563790671
1523320093
1527770199
716695805
1299558059
1717287824
1300192505
707953857
1723992677
1711793867
1622185097
1711647241
1707825499
218127884
1443252853
490993459
923524897
1251999699
224323003
867583813
1731516096
1262821377
1691816573
1536588283
1706434191
268339301
1764585880
1719943738
1741065145
1553239238
1662183290
1260080492
1786832991
523130591
1770081446
1596982280
1688999016
999738097
1328754505
1398196762
1563637842
1749125344
1622392099
1545094944
1410411177
1643349727
1751773854
1771545595
1252293566
1453650554
1730423000
1712781570
937209586
1299318458
1612768491
1686160529
1676100618
1197633520
1099702290
1730555674
1704895730
1078927511
1054891502
964540832
645732940
813789143
1774811314
1503541429
838259463
1588603492
1591403990
1748477002
996641126
1367700010
1092460680
1721472326
1298425327
1331102257
1283030860
1717828746
1759705547
1710803021
1541154141
1355409129
1054295411
1762207248
1772629328
1300128031
528079906
606582538
1706802933
1330131624
1345965302
949660251
1261487710
678558576
1728150616
1654710890
1755751629
1704979295
872950692
974859235
1554651184
932358026
1752798851
1616919907
1602774133
1680224080
1374179689
1530279344
1702269025
1732720632
170776578
1436223555
1712926950
1744035249
1276015010
1160840118
898087755
939905404
1284539043
620172668
697636310
1786820835
1356603577
1454990404
1710071806
1132946121
1452397845
1670402672
1739514801
1770704750
1034612897
1116876571
1744654640
1285494018
1680035939
1786830433
462568706
1768695399
1662236300
1685585631
1664961700
626060809
1748091055
1568959368
1514844098
1485483880
1534747007
897180284
1745214685
1614985299
1534340371
229426610
819413157
1670966426
1752392871
1051684667
1765306917
1622402047
1736404450
775509306
967498428
1438835084
1483227993
683684478
1502670624
1581862654
1002387575
1770080240
1561235972
1150587902
532080532
1632818431
817133190
769829025
1646309786
1236041348
1568029231
1640161883
964683501
1741217960
1670027542
1323284463
1548272346
838518580
1763847036
790828518
1348694578
1541164793
778129665
1106554181
758038248
1763030914
1616078580
1581380215
1544461433
1550636969
970474236
1667845989
1327384639
1703335828
1684465690
1125902830
1778087761
1676322302
1750503910
842814223
1309367372
1399518744
1789407621
1735444153
1662898676
1305078093
1011016071
1741353152
933730362
1709598625
521895159
1527436130
712080341
1046119822
1069249699
1469113163
1567342836
1286848429
1796782107
1677671157
1219379918
1677178982
1261545621
712080089
1607927127
1763963745
1116458137
1662220742
1685167624
791820257
1747239920
964877246
1493314410
1609998804
1380361302
1303776124
1762755710
1743803966
1577500670
888002177
902804645
1625550295
1679129245
1204382282
517753236
1310411262
1768721339
1636973069
1663333295
1014420420
813219641
608652858
733361165
1419784777
1357023739
1790885305
514174528
1355217874
1416802647
1061808482
1653641386
867185883
1351419232
1352442383
1157322646
1223060575
1317476482
874941809
791604022
1727282902
1766642155
1086738499
1607574928
1017995987
676601698
1042982705
1700918699
1714966586
899141214
1445674645
1629079559
1706657264
1742558648
1655221233
1031680200
1068211443
1458756418
1228370827
1744477034
1518543562
893054977
1786077311
1291052774
1694776968
1461955890
1261878612
1778363044
1716585370
1229122735
1676644718
1761224447
865772018
1318226604
1169617336
763652795
656367332
1580748011
184365171
924892028
1716520339
1589450721
749960941
1687498934
1713219614
1538532239
1149323273
1235730665
505962021
1597497098
1569178185
1694673720
626247379
1195608259
1660388908
1120222016
1260428712
748363673
1674796970
1599530007
1503721257
882981724
1498807836
1374180406
1419291811
1485205316
1606750287
923618925
1543281199
1782511142
100147179
999743462
1789648081
883590486
1586628521
1720915126
1673141909
1745580342
1128538785
1765334613
1121077914
1057138207
924750482
1129267327
1490851870
1575995680
1422910414
1673552524
1469434946
1679669546
837822708
1239162533
1665563788
1603267325
1668847819
1699313351
1086845254
1164548855
1205502039
1311134978
1000955181
1592551026
398181803
1760227177
1729832755
1556745326
616989949
1774078709
1773988097
268777994
1466301267
1296486064
1763827987
1770781908
102917714
550658214
481839066
1772707144
1387366140
818760731
1756076935
1766270601
1645204329
1357465057
1261546593
882028337
1521012774
1467662196
734659696
726829082
1587452308
1730895981
1326150349
1746477643
1762301777
1103630439
1625970819
1577721863
1521039036
1769153300
1190317598
987482247
1252257398
1741175778
1515831118
967634958
907155963
555031612
1717832959
1180576307
1513838195
1395087929
1749007814
1000503149
1551681316
1779404933
1714133836
1263228749
710417763
1691578974
1378818852
1760178640
1420700515
1413472002
1129892263
225193337
695304491
294783853
1522397697
1546028470
1080923442
1572827841
1782577723
488855348
1599328654
920640352
1790886157
1291052776
1729404052
1336917920
1303244586
1204984148
1718409388
1747632163
1023681734
1577795331
1334176715
1763028826
1725459109
1688178683
1731708407
1450719484
1219223470
1598716585
1178522653
1335916601
1409796044
1747185016
1759133691
1760915613
1551155056
1755263048
1548019806
1337777361
1487799531
1173918606
1469479000
1297158697
1694399336
1740688102
1774890547
975543752
265315939
1165089829
1506735628
1514673985
996620392
931712272
1514557838
1004626993
1372916884
842489357
214722818
196950336
1769592472
1282148697
1728224859
1567004820
1767315766
1562850794
1727579803
718518010
736168676
1461194853
1772288269
1748906624
1037114934
1353882442
766209367
126009040
1373828093
1730925999
1473632841
1341564833
1542622736
1220000383
1469704639
1695400818
1286691536
1076952653
1288067868
1151786676
1578073274
909969317
1201983060
1149204662
125977945
1760889010
70524421
1759687069
125952487
155423310
1652824393
1771774013
1302370624
1134182831
1566115786
1520759680
165240336
996153385
1255558846
1559364839
906603339
703917257
980467614
1685458046
1707553960
706290577
1121391247
668709102
1506181227
1573697298
1633060934
1543473203
1485608828
1111247051
1602774125
1697336843
1491232027
1393537447
1610148007
1374499371
1616768765
1629255975
814747235
1540830563
1633622577
793617267
1685183181
1462743710
1636955805
1603913617
1402188143
1719681124
1145276080
1232749374
1675886662
1595444025
1512999955
1274661586
1703280871
1764578233
1329182299
747065307
1521545142
1444775622
1394255417
913504388
1758003098
1336182002
1788549101
1165283331
1121962679
1609832007
996237574
1226657667
983032025
1360444787
1764758844
1735284432
1286023691
1765008898
1436959478
1543999492
1463924332
1510708857
1675463087
1220888406
1538115926
1618145786
1479552133
1728924946
1413375549
1575358653
1120510541
1780823439
1037542361
1523203850
1167366995
639519410
1767332452
1128707557
1668740678
1694707333
1595907786
1468754180
1655214658
1089587815
1616786414
818085839
1036535050
1710428338
1252878982
1607576560
1586344858
1703841335
1007798696
1671250399
1248025709
1531524933
1490399459
1617011598
1018116267
1767024198
708769232
781687134
1594990773
1183559509
1772635506
1586585661
620729432
1479345678
895301089
1510172886
1778083379
1756387976
777240178
745863197
1583919869
1437032573
1728258193
865270420
1247556508
1618095701
1262648151
1752582555
1002300031
964082125
710413921
575095848
1432047154
1602600566
1456022065
1252189594
1032290714
1630940622
1727321232
1342711596
1556753551
1515150646
1673394385
1577593976
1221745051
963124550
1267308557
858810552
817311097
629955188
486439929
1093910585
1583873859
1128745797
1759952397
1537283483
1044460911
1774911168
1406406734
1589773722
1155531526
508225749
1684657403
1754518750
1507012726
1219377013
1604881015
1056560603
1782493124
1351382347
1713459140
1738943972
1299053259
1341981538
1779186689
218544134
1793309427
1510088218
1567313752
906069247
1602351454
1322496476
1640454863
1073193668
1729887477
1520159458
1746931793
1682529778
788561662
1678832490
1465867104
1170861262
1723761753
1105031947
1002842666
1492395709
1423471161
1720916671
1692641647
1721397730
1158894108
1730621111
1408789834
912257457
1219960891
1505005042
1430683408
1695524758
1656972865
1658246044
1439482979
1467669343
1737703115
1568187520
878717935
1644549708
113721466
1602889588
1480730862
1056917900
796868789
1748150349
1048954004
1601074259
1321144807
1738207017
1316042634
1672366561
1294555969
1723128978
1702769980
1474432614
1329257123
1045442230
476629605
1458958244
1773892400
1603928453
1574642284
1591359830
1574336771
1491597601
1742686700
1234767035
1703919301
1716743160
958669451
1453324814
622494449
1668559203
707603759
1670165539
1347321050
777843188
1010999301
1607576578
255653970
1575595599
1592113722
462573678
1655471370
912281031
1689731132
1330853207
1291877174
1764144195
1428447908
1435950316
1793219725
1769773748
1721014767
1606271347
1566448175
912255151
1417281090
1582514130
1506673192
1511633368
623895665
1782039224
1306489248
877833043
1306646358
1731604197
1705287184
1582471223
1583765662
1615080592
1411654933
1727385222
152077583
717079255
1762422174
1514245841
875060095
1743814297
1779832522
1062427916
1073268362
1178123002
1625929874
956539454
1734522771
1282807359
1626896870
1382566936
1356239485
970757651
784725161
219846716
670998743
1082600043
753242670
1522519383
588744143
1319297595
1691101103
1356081577
779109870
1246160584
1306016793
1775368332
1311515717
1727310531
1595300486
1737550575
1498022904
1782137190
1208669245
1727203417
1782559865
1424162163
925712449
1779928657
815773252
1779853008
781643986
1618179825
1336969051
1551491221
1700302716
1453418330
1376819965
1557751574
1700543341
1593944780
1626005667
1397046529
734217349
1471548260
1587927789
1727329399
1488933992
1535711478
1664447454
1081363496
1738939973
1264717720
1542451254
658203386
1786354549
1459733473
1585736776
1588715535
1719950375
1765302787
1432124632
1755763500
958988700
1584267846
1389772607
1593068690
1671057979
683974376
1042928395
1774255065
1744029593
1249413633
1677937036
1156693509
1727189556
1783141149
1793483961
683686042
1207457648
1727065440
1558286133
1657055209
1353142603
1015207916
1378831055
477036050
1059146406
1337588645
1516759652
1119236011
1538799486
1549907295
1761529131
1526980486
1565576727
1577081283
222776349
1302731494
1340229047
1251174841
1763889856
1649864478
1615399328
696544036
1048628069
1495184908
1450751004
931841675
1359134115
1244036055
1525463201
1245419122
1535884775
1583971456
1626655523
1212020371
1371305682
1175555947
1592279296
1308099366
1742198296
1779707340
1663595795
982607186
1563810971
1316880697
1772629774
1647557349
1588593827
517015704
1783190641
1621942475
1580312800
1483243094
1300112501
1366015192
385699958
1596844037
1788467831
1230114630
1272394597
1515347092
1770251859
1637271800
1156496643
920777594
1600392109
791573273
1012556507
1103757275
1739028886
255549725
1702080821
1553362531
1712452784
1670510679
1770695396
1725407153
1775725919
1521146420
1774371232
1705144708
1448005086
1580358665
1313680004
1112495904
1188598936
1641382169
1310029958
1282413957
1330105988
849365608
1487722276
1301317775
1456834807
714425069
1113891446
829414701
1704863088
1594024560
818907882
1192291475
1448421302
1743184696
551899008
868967791
1727309744
1535389043
1749123938
756298491
1791474467
1630943780
1703186665
1644408005
1635379994
690598418
1334578529
1641920998
1402860240
1742295564
1581770113
1320573721
930765260
1552509766
635071463
633898809
1418137380
1462626634
504838721
1717151831
1709561585
1671111825
1310043974
1130023526
1468244590
945611891
1749572127
1273772805
1639816931
1717686565
1476816563
1792044217
1505602554
1239357639
1743999921
1606625859
1496510874
1723661343
1753547089
675225121
1373611860
1470871269
1368922121
629954552
1680734254
1742246580
926606622
702956706
1544106082
1641376493
1767785224
1600899399
1644221943
862201753
1693935294
1777235076
1417379718
1467492779
1087923532
174679903
1446820585
866925598
1583695932
1575434487
742726753
1723362850
1127822637
987416943
1046433494
1363549228
765675420
1082996762
1075411070
997047580
1163109944
795291119
1614443205
1540755735
126068400
1171536266
918261123
674976583
1663475443
1345629367
1583411213
1316750778
779927202
1761233169
1594659644
1071552487
1456399866
1261147921
235745483
1497200354
1523830219
693299577
1691238776
1118903361
1103656818
1728179793
1796707059
1676845073
928789713
1761112526
1269591615
680788401
1574485260
1772634940
1006442229
1579348398
1148731991
1090576577
1646143186
1330898738
1274319083
1523284481
1608026303
1768654702
553423523
1771544319
923182478
1583047440
1221204199
1218828045
707767897
1144006517
1192050506
360745960
1054059548
1707645362
1010849947
1698953028
1558284269
1573343519
829192576
1764479888
1676319009
660347014
1499289531
1651042151
1282411093
1694974175
1073011609
1266633407
1278278337
1482153352
1740395232
1787199697
1356900583
1708183205
1636002480
1224290251
1040779720
1598907950
1742781606
1054375345
1724229102
116704489
1605885121
1789442217
155711675
925016191
1716597426
1322770288
1404400740
1762320035
963147161
1779833568
963246843
1793112501
749723009
1439252499
1700332336
797266897
1742016168
1713772580
649781136
1506672784
1733382080
711601895
1243968791
1421079790
918956728
1276837448
1690391306
625748145
1593295615
1641375617
746611183
1557585762
1744263377
1262078229
559501185
1325306671
1332127046
1324119993
1516353161
1517870713
1063544957
179624510
1349512501
1378868699
1538442912
1715433320
1293621476
1253053359
1065731607
1480992915
1574320273
1691751837
1549175073
1529261024
1132652869
1786324581
1444719526
509005119
1763281255
1111490258
1051176680
1475029897
1336951056
1431480559
1732588380
1715129526
1196634379
1200290808
751683095
1692898207
1609971172
1720053457
1650905356
1724542367
1701680734
1452507618
1610502140
1786828507
1478636658
727397468
1100605428
1275130823
1230158609
1564028292
1782307747
1656757152
1106971966
1094041000
510343891
1053715057
1643650747
1148190288
1643686923
591740643
1691515590
1414803191
1783737887
1550799618
1784276211
1525960883
530828615
1608031541
1722830579
676872471
649840708
1778351437
1028975165
1757518435
1686578836
1202352471
935490554
1776455809
1732218168
1642784203
1682889323
1703347031
750510674
1519827823
788635567
1755374292
1582276110
1584508781
1646053574
532686902
1246322615
769991218
1513718232
1483480054
1044504902
1706947780
1773625222
1698609885
1756085097
1545310366
1651128983
1110020432
702717739
1222563310
1347443117
1616768771
1740170420
1787890541
1388049736
628031093
906380963
1402331810
1734363862
1719302166
1309458239
1773060542
1362064800
1568943644
545139171
1594642542
1659341635
1086960579
752451898
1616614219
1791288495
1686724046
1699737773
1761886381
1605478511
1415632595
1578987379
1450686847
1326056373
1633096234
1592756385
1253410654
1759742444
1408429470
1701013341
582562305
1608017797
1724555688
1482760588
977684641
1175444445
1735069076
1547359847
1370768581
1091711580
153039463
1539249868
1514717565
1766232412
837625044
1784080302
1440226278
964076545
1450106724
1401322974
941656759
1282677277
1677640966
1153634889
1679142493
258705533
1695176452
1649866489
810744428
1589755580
1300131473
1086429319
1748328248
747069145
1488654137
1594544507
945715313
1522666262
976427207
1785441705
1002844832
1525293833
1525685068
787634299
1704977821
1543047070
1562389403
1732765536
1225188407
1547222428
720544450
1709697427
1027117928
1290382040
1706941484
1649640518
1227617810
740684675
1602065449
1336709916
1726424148
1242185727
1589739626
794827726
1570004487
1527751098
1676173185
1762929018
1752064482
715752304
1115583928
1119645007
1709975973
1756032351
1608219745
1510466964
1723214743
1775312584
1613591265
846683391
1095852530
1370410764
1700102599
1171263261
1207799192
831317149
1672348667
1358482185
1773261554
1741070922
578035204
1045887360
1772803084
1233711973
1375741032
1522571383
1190942319
1684674125
1259860309
1634532089
1301513604
1791493695
1002074877
1733251523
1655898003
750243818
1422214745
1717610906
184925152
1755467742
1409816186
1705456710
786197245
1294888665
1586736702
1647995923
1311515903
1644142013
1220194790
1748023537
861837201
1532339879
879572126
1002840228
1590803672
1511519956
1513944831
1474682641
1638358392
729987522
1270162252
1727689281
1679125028
1528709117
1766741093
1445760768
1558511127
1434064449
524666299
1682303846
1408388297
1039760680
810743062
289052925
1754631298
1756146023
1693629313
1738979259
1652138299
1082653331
788954046
1767837501
619758180
1462777652
779113776
1636947518
1531516219
1252678941
827177012
1657568397
1614171037
709670596
1782573857
1599569015
1777237324
664575684
1773172880
1588978991
901161824
1208867633
1656999235
1690398900
630428079
1501526550
748435231
1408077484
1448663857
1036001471
1215963218
1517973564
1762221628
1717888311
1548250982
1395651721
917520208
930204616
1363200079
1451882925
832409741
1614129689
851757151
1603070694
990070967
553700428
1740124874
1382785933
1455674482
706295021
1486237398
1421447895
1259522929
1001209398
1094556637
1722560945
1229564008
1538494577
1499234141
1734610129
503251418
214668356
1762738083
1243074794
1770084790
492112857
1175378979
247617000
496464682
1623203650
1756799902
767883460
709979115
1157160855
1368037129
1691304856
709672268
1777110918
1270218280
1588322426
1774718799
1738373963
1736324745
588901423
1766260180
873406698
1564670714
1630945716
1740174269
1002613862
1157160023
1790771723
1701780766
1297214419
1789000669
1634374530
1781371247
1163213716
1654088870
1558225003
1682163765
1216313828
1764526017
1596176434
1106964814
1157158255
1581622604
1521117088
1653552901
1718558419
1403741662
1114643356
678668357
1684396617
1769853188
1210124325
1516402360
1143208994
1711199774
1664401662
1764710923
1792887201
1255342474
954951432
1741364769
1697004407
1444001435
1157160159
1740176714
1157158101
1583861265
1724929467
1563471047
943141665
966663934
1728846010
1293453100
1337279083
1761226685
1097472260
1266974915
1304573421
1690712644
1062123524
1222604756
1688284236
1100929975
1793124371
1494349194
1143208200
1694399000
1781254291
1782539764
1793802881
1696494616
1579137206
1616768759
1590523232
566864919
1659721525
1597424936
1378843759
782810768
1226160190
1113414145
1660047875
853408044
1715104568
1762358176
1497102912
1733150046
1767930343
1143152326
1235727654
685472459
1760407630
1776957101
1342109562
1157160335
1479486061
1344348895
1444279049
1472519275
1324804676
1777827486
1486283537
777840086
819121668
1061750130
807498300
1717745460
1589815610
1577372956
913497472
1715145432
857989760
277926622
291475871
1157161185
1627202644
1180666116
1791418729
1535871342
1438064031
1254440550
1157161027
1730408276
1157160653
1596161671
844613033
1195594343
1143209472
985770670
449471660
1779828953
954384141
1627214442
1613680246
1558484082
1274345761
734616620
1424308192
677146594
1663918136
1417515283
753434293
1249593586
1242803477
1322051399
1781666200
1042119686
1781314420
1717617627
1617834102
1708399832
1544003774
1589786150
1671732996
1572454824
1662403017
1221996693
766952532
1156640940
1307576392
1478620216
1101906343
1736373519
1185280294
1596690855
1781222743
1744299457
857777100
1196122058
1750919897
1422161651
477245586
905677274
1333262019
1143209128
1291799397
720917330
1719050301
1143207396
1157162119
1569889526
1739075068
1338451922
1722630221
1500678663
1623312447
1760057192
1684092354
1641380313
1680720851
886231265
970487051
723544635
474292010
1680019113
1709867509
1481494588
1720297030
1573856216
1416899796
1459161884
1391214643
1244285128
755390427
1065342529
1718496348
1752161816
1749386471
1517175668
1337346605
1689898435
719505244
639466620
1689398867
956467085
1646666228
1613257609
1668756690
540982208
1440588091
1752098698
1300121129
1031307787
1200861615
1645119391
1780258512
774260378
651920535
1204421148
1157159829
1729768660
1654273741
1648585961
1616769571
1296792071
571183404
476633061
1625438833
1107544480
1010017320
1601689447
1067964987
1740864298
1550046067
1777167886
1201380938
1529020877
251306712
1292379261
544281532
1266163590
1563313966
1573383912
1564699619
1465532227
1716521901
1665612694
1535900061
1635078524
1234162461
1344011042
1673634994
1638224819
1475744320
1557497988
1693854351
621913879
1384573980
1545332825
1743357493
1661503546
975519020
515162557
1199116649
1574586702
1672755382
772219812
1760094167
1044247145
1394731704
1055013515
632935337
1436869504
1606881187
696415989
1522416664
944879473
1691424509
1113417654
1697648807
1198103125
1678328766
1734524280
1381575114
556926569
1172371927
1757576715
1709616643
1202725204
1219058509
1472771143
975877730
996203221
1445544438
1683130651
1531555657
1724222176
747067101
1256516000
1732674240
1204804960
1647469671
1041065116
783549031
1380538357
1033754257
1770600296
1604808173
1566565028
1739330708
1633317378
1184801295
1332789863
1789979401
1767239761
1058255414
254691099
128177666
965576659
1704891464
601095931
624502298
1762222194
1699099713
1649025627
1602940481
677918553
705336315
1308563261
1085711090
1151185586
1621730229
1199053413
508225467
1277494046
1058401169
961195652
1594512927
1392049335
1237115505
1075251029
1300722499
1107969523
1626533849
1593854206
1542310054
1525744296
1591387428
866781144
1633309596
578021176
1037329169
1121476903
1291802433
1277758034
1766909031
1671113375
1770300845
497696212
1706508082
1329443039
476634845
944595183
1181275976
1620737837
1775295833
662721096
1215784937
1668739040
1441957068
1338060253
759320047
1198474408
1043802917
1180727201
1780725614
1647447565
1564890455
767188619
1355376866
1722342773
845148464
976754363
1238970569
1188981685
1257399344
1688244625
1731560471
1150582116
1207665948
827798218
1087285819
1695943481
205048470
1287741908
1130550376
1694968193
770532537
1376058844
1582268289
1757447009
1749578303
1712298269
1022771397
1669308330
1647288143
1614408449
1520261066
1464459095
1722001707
1671278864
1702108287
1690095963
1729680616
1756904715
1234361660
476009394
1749365639
1651123419
1380693267
1201397887
1495465657
1591547705
1485821399
1152577983
1471075476
1467487378
1189151672
752693029
1689226318
1604466121
506027903
1404453598
1216860868
1418810184
1369161610
1685717526
1647646684
1542614854
975655393
1667114585
1486787722
854927496
1702675862
1116333886
1414581276
1762410871
1454234335
1756314052
1305381319
593846080
944874231
747767877
797169573
1231013709
1378633260
1773635016
1525223645
1664928843
1717658027
1072022239
1689418066
1742784936
1158230854
1739007822
1564056768
1321944505
1781619736
1347641125
1777927664
1374315549
1687043653
522466047
1751748111
1713869756
1765868841
1358565083
541898831
1653980939
1100410135
1044460475
1630943246
1300109647
929188804
1415026536
1654987508
1778054877
943315241
1589412843
1729495390
1727910112
697698282
1515396837
1756580918
489697203
1059747926
1284996420
1601886329
1179010772
1135898546
1722564539
715164896
1469565336
1612276063
1571449662
1595232469
1737266184
1506250460
989518343
1194610396
1336472530
1392360289
1611273950
1779371333
472798078
1791391935
1397245637
1736936810
1368215075
473027249
1729405408
1731111500
1781434238
1616463567
1237113889
1608189600
1560875784
1248014616
1618521189
736097482
1354302984
1721829627
1603794004
1745783149
1748287677
1695604969
1115945074
1739265900
1216750519
1665268986
875899386
1730622780
1760406740
1076132821
1498801907
1599955678
1631585030
695523319
1071834774
1781554804
1756667354
1214838287
1010128617
1730304789
1056416239
1115320646
1702703228
1440699203
974282222
1775764846
1741474891
697156113
1727533363
1361310867
718721869
1541504208
741749970
1030161853
1728573730
1211960518
1210352616
1243492393
1686810994
1224939582
1784108799
1351888830
1005427133
1716256527
1579579674
1700698057
1717030398
676400145
1090960568
1110711672
1519037216
986753988
549190744
1535872652
1050067413
1430863935
1175557889
980595042
1588336720
1768738708
909947901
1769886055
1771440221
1259782541
1723727933
1260391655
1259470827
1536922486
1629485272
1573634481
1767386213
1571885039
1641388887
1738594778
1524746413
860104727
1684047986
1697230117
581977951
1377355655
1419101348
519201195
1738040392
1790762891
1592147681
1220001537
1760446500
1556632293
1565481864
1631178429
1374920706
1424432360
1778769568
1677879168
1717820199
1219344791
775922342
1696902625
797651740
1675813357
1554453504
960178159
1747952775
715645856
863262790
1712987034
1672218305
1582268287
1455547780
1544373508
1357703047
1602247505
968349754
1773384787
896941836
1524504813
1607163491
1115939308
1487930477
1581841560
1314012503
1507088339
1758353393
705433799
1562735826
1276786078
1683105365
1173498660
1303762212
706408684
1768847627
1065038135
545210672
1710622916
1747942409
1666181143
1789955811
1533901198
557011207
1327559856
1691745756
1168966512
1771142742
1529934015
1481859196
1712687896
1720021896
1351827515
1777096671
1791404791
1605516518
1778823150
1745632852
1499768642
1667995281
1532392038
1732943510
1437580982
1560871002
1711927961
1362598077
1779875353
1785863455
638664492
1673110916
1498363811
1797047303
896573479
1212464066
1202559011
1283727102
1716790075
1200320421
1768676324
851192329
1411590563