922878988
886799118
1542310716
713792834
1234390145
555481874
1338007784
1570024395
1407552108
1567471284
1004028599
827679681
515038932
1162447395
1310506963
1688966750
1504887499
1709465227
1482822977
1238285378
1105408445
1603828058
1524710559
501002054
1709554193
1743071961
946595593
1590466746
973286798
1022564107
736981106
581204280
1399377475
1324770320
648954482
468179924
1666936017
1623512245
935970093
1561261417
556700352
472437585
1278709161
1388254140
1174724997
1381704238
1676975564
847247183
1557228623
1407036669
1615371711
1262032691
1507171601
482911596
1734817921
1607815409
1318568334
1577641303
777338330
1532180551
577134308
1408083869
1307555803
1383754120
1567218075
1228001134
1226754354
1249110440
1584190259
1285790158
1209926948
768488296
1569147507
1694140498
1718959325
1724248126
745389634
1663930089
1626970026
1598280175
1486488875
1738715847
1332633187
192532783
729436688
842251895
1573996931
1698879001
1246284906
1574468179
1155763352
600201200
1082091403
1328420625
955718228
1702476888
1271053851
1721044954
1658465594
465089869
1347619797
1086329223
1478461551
1659953487
1406124352
740790540
1106181152
1476014685
1181730841
677693622
1739742906
1718798251
963360362
607033341
466173794
1616800336
1304427288
805912218
636145432
954761627
873938672
1451980056
1186605574
1482714311
1718743139
1606672732
779607899
868048153
79636314
1254017031
1333550334
958056191
1759685827
1258529526
1036540327
1556712929
902717883
625416932
1349868180
1006083711
1137999475
1205032304
476641724
1113273215
469256259
1316169886
1440169172
938280169
831276120
1543426039
1363222906
1039792587
724050728
107045644
1529802905
1328416307
1595414534
1327085005
1692572577
1745066417
1435706778
487152939
257879991
1615891255
1491934812
1065715052
1062973556
1022521913
192533901
1310687552
1379033673
1455506104
569280503
190215202
1453690023
1596453659
1496475520
1588193274
795971431
1640196311
1301879612
1653465895
1466205879
1727235163
1373641522
868569693
1516697299
1741322560
987703633
866568363
1513821054
1497712037
1212892141
1701934812
1612464254
1502827573
1688355534
905012151
1350138475
1738975715
852328661
675800189
936018814
1484320450
1341787270
1340820443
1569436642
1438194361
1645425912
768642235
1117990473
1300292322
844396290
892431524
1384118088
1447319744
1387966464
547546613
1274425680
825414238
1658785228
1010407616
178842118
1107669840
663961461
1328379029
1248099625
1704348108
1044797367
868284465
1589304816
1499171729
1273986572
1495964534
260854833
1698523216
1209346921
886138353
709102423
1120768534
1524528248
1427780321
1454584369
1569133085
774391187
1679761871
1577780776
1240250028
1756772205
1440715486
1072416754
517114788
667739056
239726596
1656161108
1703475154
1474389748
100067846
711274730
1249690504
1681970182
1328450221
160385114
894651247
1642234734
1471007984
1521667387
1335437520
964181560
1510339191
1782271093
1233566993
1404811503
1720376721
1218621960
1428583234
1220603726
1521718684
880945255
1501935263
667725476
1620841797
1622886947
1115904211
1577342141
1319432150
1763275451
1231842034
278728342
1569927697
611067260
1087443208
1678342611
1524879193
818639798
1305288106
1760180863
1290218405
1526624468
1714398495
1252218116
1409371079
1184028826
1654785681
1178125834
1169371071
1471082864
1261170967
1581647397
896974002
1686466929
1764967698
508852352
952924191
1758229535
1252289806
948437117
1706860630
1604674449
1668918235
1693659001
1087857057
92871463
895765990
1235532898
805659527
1115623332
588544993
1292238162
1567207721
1310979967
1197175450
1328398779
1535011466
1780914905
591927759
1725572093
1648951816
1356944534
1626813984
1402554659
1036572755
772059148
1330136081
128059207
1773992005
1574164371
1718791941
1083425878
901122955
1737796334
1541208000
485247625
1690262964
1742739103
1672803053
1251428925
827765307
1490454607
1742719672
1546202951
1689085331
1579993760
1343230584
1248834725
844401174
799726328
1102092489
472832734
1567934695
1301298291
1013652736
700281320
735280036
1394568620
1499933135
632784190
234757761
714136497
951440749
1407800878
1619055775
1625722709
1050981005
603473467
1511385071
261774056
1685911791
242585443
1718114050
1579134342
167359451
1126994292
1772052006
1428419779
1721416709
104072889
1682286731
1512334656
946155631
1534379110
1289327783
1429199361
1479215877
1464816934
1220604596
1720404992
1742767348
1042119975
1211847448
1063113849
1076924958
1059046744
726329194
1714854672
1723345956
700281762
1487211074
713921181
210128983
1223788975
1572657652
1332018423
794746691
1026898859
1358979561
1323540940
1144278459
1540991606
831387791
1689016358
1569443184
1683268097
98323301
1069941534
1738917160
646364032
1694953921
798174488
1172306705
767748726
1007003092
1485514903
1556218836
1628188783
205663729
1711170926
1158716972
1572913870
1244547395
594686901
1547974081
534783964
911258976
929086527
1697538570
651421096
1377219247
1150899163
593285596
1281264791
720536971
987129949
1650316762
1426998370
886032259
1549340633
1655135130
1232951025
1218516677
1311934686
1698524158
604126931
615711531
959284334
1188944127
1726459742
1730700888
962543311
1008608639
1469687991
559835916
1732217291
1324314876
1714341766
784423518
697105485
1688966258
1209474982
1735455625
190242324
1614629762
269973473
1216436695
1759937003
1288059314
1392151411
495995971
1072558870
1469953318
1467012031
827017170
958827489
1180021060
1220604438
1643622276
1648989160
1670780689
1433790317
1468625798
68263836
1113485688
488885890
1788837147
1492489822
596996824
1539570878
1769889025
1545026241
1691304061
1528059718
1747086612
1146257007
1234452732
1630869389
1690880560
498446845
1775869433
1268304907
1790306493
1241433734
1028704149
1454961791
1356707837
1625992862
676952419
1197176802
1165863902
1525152278
159575818
1727901509
1699529622
1697712255
1755993441
1402616820
1008893850
1504923973
1270188106
689706473
1707734791
220280210
1155187711
1693628415
1700670272
1241044102
1561690652
745868485
1332931850
833219997
1462882088
1297732209
99736601
1476363876
277531686
686450643
1762270742
1616741698
1648495743
1579837953
507962854
677374803
1302935592
1328401711
1040152885
1746658458
1538072790
1755068212
1312030368
1240439274
858517088
1078663143
183002278
545141648
1182791077
234538599
1568642045
1286600103
1753149298
1418500052
941994399
554834774
168819601
1163813841
1676209732
871175278
1265998224
253273716
744874250
453314128
1714403854
1311332066
1673294493
618180015
1369737662
1509735577
1165338605
854365076
1756677181
1459122177
1245171613
1113270529
1252269235
1449904106
886863899
1637458913
1010883870
1449445323
1449432297
1719208463
482346871
1269743952
1718394716
1731272233
1338771824
1248369049
1782030692
1576923677
1238441557
1067959220
605772861
1326748415
1091526950
1691860036
1264715172
1507977827
1262275090
752262519
1737058933
240941153
575595228
1374062368
1544283230
1734076162
1566873871
1702785562
795957038
1591245620
747203294
1640300740
1649698574
1409465035
1690872343
1673481992
1412362798
1531866549
733541446
1408947264
1296934980
1346633045
1744165684
1671084855
875929799
932522168
594680962
1712910401
1513347349
1762671073
1704427877
1361732632
1408298508
1490682241
1572411722
745732090
1588830955
1008791852
874069634
121034648
1716432395
1649686696
1747033071
999589371
1639157890
1242531301
954159430
1004096705
1232278858
1150625897
579025939
1206580469
1644750766
159776032
1433783295
1596938488
824336612
1670215386
1675587803
1538755061
1151601832
1753854929
1248454652
1026197076
1611539784
1715384485
1661078855
1608545098
1545621652
716482424
181615725
1418755000
1722034299
1361336195
990145724
1469950224
1525849595
1777263067
1416766343
1447500679
893996555
1407834800
1097706977
635969009
679234018
1779571493
1360607280
669352082
1481759468
679232004
866543268
1694777727
995872994
1458070360
1718790061
715087283
1242553128
1421923509
1640852528
1257750847
1620597603
233508018
1722821527
1713325139
859949166
1344204174
1337262581
1125418554
1080994530
956713999
1239269445
688594408
511682456
1650254814
1081293453
566798462
1097137124
819321508
1068226733
1007668886
1346911597
1650428665
749457904
1043410553
504915014
1511776557
767653278
1141234285
1595853323
1197464256
1760899915
1571664864
1516294192
1601472610
1069407994
647238829
1238441005
1781195015
181771469
933829001
936777451
1102093539
1582286236
1044168413
274467434
69286355
1569617570
1235882170
757637371
1551423293
1566797973
1219280474
1718794139
1444276100
622326299
780480533
813378041
1555335878
779531742
1093899667
1237611256
1769248020
1743679331
1418688171
1033380709
1249477871
1262012177
1774839426
1171607109
1698525380
1462319856
529555771
1515936103
1062435606
1577011952
626092811
1243751652
1224936619
1344605785
181504456
1448412451
1454014728
1330533839
1336265474
1096630663
544501561
1689705151
1008430919
1593912157
1759204201
1230902180
1690657834
1236359730
547863921
1384764316
722513832
1405079569
1315367477
1121560378
1496134024
1341792778
1721103201
1622115495
810618965
884519829
634794313
1469196162
1723604655
1499817930
1024339733
870228944
1420853583
1779251814
894829791
971386492
1660793759
1768525585
1751865789
1775807799
1201600612
654686605
1721740632
885195439
482742015
1451299175
908392969
1309899701
794532733
1693663710
1613041016
1153181506
239757024
631369394
1047234186
976700640
1535184037
1262714010
1478452581
1755816367
1392200000
859010068
1186484673
505680307
1200068088
1272279716
499760808
1026494197
1696397972
861636268
1793354577
932915392
1102095295
1305955414
1290230222
1564387731
794630657
1082639915
796973051
1784803419
1607747738
1368961483
1278274065
1102093015
980731392
1409419331
1586185516
1218576202
708150978
1659623679
1351409813
1480964333
1330564232
532546255
1047332346
1236241303
1127430129
1583276512
177410742
1557899965
1726047609
1060479507
575786601
1422242868
998357959
153310041
1508131329
599596804
1192654775
1225432119
1257217031
1530471375
1206622734
1209249258
1723681184
1278417160
1355747418
1522209078
1782454538
1324780585
1718656035
1677939603
1597223588
1421780657
1717145965
1007667522
1307012244
465421626
1237916197
1498470741
1681260242
1448654620
1262921381
1616422177
891239457
1061037955
468848423
1487044366
1719529203
1763298998
518727963
1392532143
1733705688
1696775779
1060787443
1091231350
662391530
1517562132
853226392
1615166504
1328399595
1258289896
1251428413
1219847250
1734803539
1789907201
1741316715
482741065
718576805
1039090453
1293052795
745967446
1516864825
977694531
1748553680
1373179808
1526123094
1667580087
760048545
1218735983
1438867923
1686409020
789280633
784301807
1741104604
1444736804
1484150373
1586022343
1760629492
774140138
726330994
1169723653
982520864
1460674280
1427004978
401076499
922869116
1294757475
1113165821
1297313933
1699167997
1044434158
1111831601
232445541
1595450179
963949830
1110806592
1753896876
1734126411
1223694748
1350525137
893844205
1726891134
741376870
1104169368
1305163894
1756410105
1747902375
1508378891
1341464193
1521103431
1441225207
1191241223
1751304758
1453815054
934667463
86640387
1660324459
1733756941
639240509
743416335
869864349
1735581138
216277980
1680667933
1719721408
1732923383
1058967872
1171843451
1433120381
1207650204
1449430051
1098345931
1606806095
1325810107
1029429616
1555174517
1668371896
1771244903
1026003700
1598902783
1763682437
1687029180
873904790
626203131
636487119
1695215233
859389017
693778752
1151600086
1784479599
1329907700
1352404042
1720425473
1436093582
946462907
1652229230
1625672307
1303936661
1312480721
285876771
1418304646
1742388200
1383500482
785765067
1538153645
1613900687
629198620
1727985066
1607589564
272911390
1003559872
1789474593
1432975015
1238610892
1695781386
958826957
1283226211
1156679923
918502901
528170107
1602016868
486484439
1199661750
1771278750
1443998299
1424449121
1136811365
1536390763
1528380913
1733102572
1010660701
1758032697
672622023
859705984
1691029594
1436769744
1435206998
1535268035
1547697671
1116556732
1754325443
840370575
1426537627
1782145038
1036975077
1746606059
1002658451
1462292321
641129819
1277130931
1290712878
1487138808
1545055495
1779855672
891242506
1776272438
1747795495
1217256528
1127440705
675112493
727382232
1754728484
1348994022
1287799979
482349181
1585893328
1720805356
1071791092
1018584537
878790315
792010005
1478200142
554820504
1427609314
1332649084
1765106825
1711795160
1297880747
1477756919
1282486873
1733987841
1238984468
1119545865
1516476261
860925137
1769929968
1686869062
865540896
1181960370
1663646120
1772806061
1711390734
1680714393
1533853143
1718725695
743613356
1188534052
1169638358
1534409643
1755248180
845179819
880399601
903900063
1314794850
833223171
169389122
1782043864
1027729071
988735593
1738276862
1732817736
1645462052
818353001
1049034623
1227828698
1536393653
987721539
1195264392
1412605199
1449019029
1501472458
1029580306
1596682137
1644220351
1157022258
1741258003
1306403112
212995513
1619198442
1209901743
1504607363
1517154363
1426575219
1493537232
1737014336
1468892425
1424693716
1037494960
1726123120
1740983068
1210721754
1248876152
1459268075
1124403071
1250899073
1656471206
1645167232
1733027164
1713401296
1476449229
1404430718
1028968833
1704307399
1646441099
1418763882
280469272
294285785
1079801111
1613825612
1287879800
1007666100
701777157
1106787779
1740219715
1393386169
1571503335
940350020
1685138510
1537946773
480240214
1750176392
1055540143
1277830538
1452628070
183788156
832044811
1071773432
233937567
1109647005
715647529
1466318009
684990523
1726354171
1751243773
947420838
1458472799
290364613
865393412
256948925
1241295188
703769825
484419109
1579243394
1740733200
1259555363
865314377
1515667739
1638239138
1740254895
1421533880
245390931
127730184
603929932
1670694547
1026204224
1740737496
1738407609
932653544
1043703492
1564273334
547862031
1786377993
521649547
252260876
793410689
534257675
1528411774
950069759
694541584
479482850
1795505919
953196909
1646149055
1734606256
608321128
1439647385
1683179620
1784323015
1087023525
891584622
1586958818
757529757
1225136171
845178469
1480280854
1400387223
1434567681
1314351583
1448699274
1717766368
844010847
1759774166
511672898
561551104
1558043693
1405424636
733944624
1288788587
998878489
1720675192
518903782
1787249651
1295912934
1549681186
1711296588
1777944260
1189165190
1744127078
1381916599
1372315681
810679094
1144965854
1043594337
534632930
280118742
1647595666
1709645898
1151602960
1291850663
1199662872
1479245183
922295764
66419383
1079903481
632272711
1723591462
1445405773
1183881697
1251187991
986913613
1159473047
1444980298
1516135553
1448346602
1685503470
1582144232
1681132794
1320467440
1554511708
1579979600
1338024693
1641559088
793184246
1576409728
1243400942
1793458207
1448483809
1101140556
767945898
1218498414
1214499036
1712411776
1755744580
1719091851
1689092054
972174531
1577148507
1729664864
1481892380
515750112
1373189152
1158739388
1043542835
1652107600
1601859495
1061314125
154448662
1577735004
1481292856
1325576960
920373140
879885061
1451998546
1486781892
1762344254
1727277070
1702769290
1563431917
1776272985
115917316
1521889854
666781632
223947716
474835320
550441458
1688347428
596166473
987199329
1470299046
1622287330
1710747822
1717736037
1735699738
1286079043
595391503
568842146
1648847988
576037156
1758760369
529553863
488937377
1334713789
881627342
1769283339
738436401
1742148760
630532213
1482866276
1696199736
883735561
1221207838
944871492
1598928573
1093612222
1249545207
1099793450
1650689750
1470979610
1797789303
1597850484
1094035147
1146837560
1255327252
1729783196
1790266019
1221667990
1796682375
1634332176
1278242054
1688268717
1068371972
1421172941
1520507471
1766839490
1462296743
1608736623
1252808493
1138267301
1508010877
1216165530
731253143
1527492292
954962064
1477186220
1600283348
1263746791
827617912
1442341706
1568801831
1761132116
1765921805
1268081611
193229015
1212284771
1539396405
1020201838
450535966
225530993
859023252
1037177933
1045268993
1571139144
1738354614
1312456309
804878866
124761629
1178703300
1442487707
1195304660
1733131068
1246034872
1031496793
1030292343
1101806590
1305750358
1147108214
1709483204
1494891647
1658383053
1735198882
1546788510
1267419314
1156439834
1464060553
1169497179
990021522
92023425
1681989183
889418475
1663221166
1224504808
1426556145
1584754888
1569971735
998857305
1793757681
1556511745
1432964496
1145521236
730378478
1245777292
1684868488
1388901512
841858522
592736195
1713507935
1180575968
538694897
1566856008
1638533817
1777969186
557323316
974944223
1632684580
1022547528
1338316965
1696317845
1687304328
1763800455
1569790154
1762312920
1713812458
1574252714
517187148
216813077
273310278
1064972796
249361403
592193938
1455851561
1535470491
251272683
1362435147
706766373
1738890285
1475064239
779812033
1534076229
1723672597
1462151504
621713234
1151602294
1029025980
1229439162
853251122
655303333
1413079248
1704581961
1027593362
1226180650
1041987743
479486250
974691612
937115749
915700603
1598530302
1551059609
1268513432
1767281035
1413613271
1618739499
1088462580
1057015994
1621451569
1155868250
1296375787
1518236320
794749219
1149500436
1514856992
113008389
945959241
1781156700
1321491139
1315375753
195330154
1628248431
1520549005
1488561322
1750608323
1031396608
1344403413
467260998
1626566793
1767110795
738743478
1759372387
1711885150
1409502988
1324306606
473012237
232466442
1654698599
1641169429
1743863284
588642280
1665573593
1492276323
1485157353
1660915908
1542996446
924177140
1555332611
775673429
717252471
517386632
1691235822
1313037546
1635146973
1641435453
1228897626
1716071421
1192864072
494696620
1107219087
1775300655
1301243158
1694876013
194176339
1766466724
1166297575
1708419775
1730684644
1779552852
1715495527
1051861768
1058565519
818397511
1782278235
1064158367
924955984
582573426
1075895538
1424231060
1454588521
809066609
956292376
1745652197
1787346395
1524994000
1493119384
1659346291
1740811370
775958694
1035802505
1342123610
1240589251
1752751976
1094043343
1777484027
1702925729
1748262258
823054666
1223152791
497317178
1708006307
1214918251
1074885610
1712424297
1581829545
1733956279
1015790384
1706656874
845108365
1593962144
1344613489
1794614743
1462258512
1632667613
480899244
1164064485
1475784956
1105141439
1775346493
629672965
246499042
1595536501
1589401505
1592638068
887382960
455727138
1579737424
1769096559
1661179303
1604949491
1471857304
1685495590
1130850277
1625582541
872617267
1080396168
1686946609
1081821633
704101650
1217249217
726327674
1742626577
1307984478
1375472490
1712087354
1681755564
1273783694
1664885873
1332564555
1763101318
506688628
1791153799
1776122299
1470406823
1740739174
1757783689
1454510179
1735459499
1734841805
1525494096
1647613090
1420972162
1751022729
1139012771
1656518566
1748755323
1782907729
1754992528
1744504573
1711368305
1634016406
1666875195
1711051042
1439659804
1735015298
1423044149
1036386318
1786332627
678585581
1711899015
1437568721
1709515708
1783906064
1652457987
1678256634
1700955814
1733149290
1192666983
1761659100
941593150
1747311771
1385826788
633111857
746652264
1192965200
1584759366
1285102746
1208478452
1617245244
1072990426
1000254902
1524813755
1632272200
883737139
1715050216
1755805476
847809071
1465865754
1707526385
1749601564
1150297066
1497877784
1223796129
1758475386
1345659040
1616353025
1204859887
1635599746
1670230276
1027593502
544318125
1669206110
1673438778
1245169719
1685225525
1656554429
1753158446
1579393025
834734114
1524381287
450543358
1479698999
1487132148
1554082656
1033480076
1775865963
847428530
1432297955
1738222224
1718203814
1323235618
1099326728
1578148157
684086107
1030838170
1748576595
1464476568
1332938010
1703998028
1730676379
1594072049
1765337734
1673895850
1449400132
1068146667
1201621110
203647083
1370846313
1538096473
1458569801
1682540481
1773928557
964681859
276219796
756855865
1162503428
1227598263
1712590072
1327160049
902498696
869337969
1360855417
1521107459
1762612785
1721569656
1631488422
1634664335
962255702
808717820
891084432
1761235407
1545857847
1685704099
1490421086
1764981020
1717912483
1583974201
1594891553
1544323399
1488378986
1668218742
1751394027
1563542067
1719920138
732657548
1268597218
1481471869
630552643
1598929605
1525448817
1227089848
245375043
1278261805
1616677216
1612970586
1721942797
1630725604
768104222
948350757
1737554324
1534141453
870520103
1545618077
1716682979
726337166
1014689459
601632987
1360255943
1457491988
159134752
1580294481
1781868769
1473041635
1091613402
1604548154
1784456293
928769051
864550569
1413560101
1663611342
1776063640
1329265641
1612233665
1767981172
1717133575
1734410054
1149846040
1600583299
1702545194
1637233463
1172202856
1764317980
1339091876
1520482806
1330612954
1772544857
1491912729
1341286358
1433020849
1431123516
1742172861
1614537407
1704606775
1219791611
1172446359
1164123568
1378530886
1734168726
1743109418
1715924737
1069936615
1692916324
1667036161
1611886613
1683356494
1249171102
1259302151
1521032395
1153592184
1399297442
1699675329
1160675423
1358184771
1649826230
1690250010
1504989250
1718214479
964656266
935845625
1065496046
1756472515
1724163451
1083858336
1767192249
1103952881
1167132639
1504547793
1588182309
1485268593
1310709649
1566192224
1744718545
1757509421
200621211
470925168
552722106
1719503086
1042106772
834622121
1027592266
677694894
1487409527
1695487450
1662863785
1319384172
1615216063
184263660
1763792201
1780964022
1268533521
1582441484
1528213734
701791404
488810686
1082736645
1330428744
1424728267
489057818
245494820
796046536
1612981465
1771441173
1221666330
1636307033
1526617604
579734716
1560768559
1236957460
882653174
1152269254
1655812619
1544627971
1737938717
803093822
1514531560
1656269341
1669655268
1544818745
1460089282
1611791145
1734154708
1172893491
1547942534
1680622033
628584303
760171200
1529647447
1690918062
1681103803
931159344
1741315434
897097007
215399867
1274235011
209616471
1167800322
993889685
1189448981
1398803185
849673311
1751730685
1283739089
782718531
1715129955
1758685365
1739304586
1534669214
655717663
1508494635
866687809
1558171458
1222988855
1509597091
1599349199
863101343
1793607425
1757741026
784677567
805591026
180324253
1050499689
1165556889
1502427394
1702385712
1161464601
1169823509
1722815636
1337049489
1514882140
1448944673
1608800210
795668533
1340730797
609838161
1709509748
1598944208
1706671587
840692153
857664218
1178821524
1754996169
792298423
1017323787
1612655420
1652135492
1735136304
1494309232
1098115757
1401435004
1189463388
1301238184
1212924110
1741074843
1754995058
1035042882
1654339837
1749200826
1611927657
1183846687
1686646250
1645737984
1440815184
1785674697
1666831465
1117926888
1745472880
1712348003
1497149288
1443343671
492219844
1330428568
1745756885
1718028904
509981619
1744547844
783699535
1716309159
1245379940
1541036297
593681560
1744639959
185860186
1760356205
1372726527
1391119636
1180571974
1469689255
1720226320
1196141788
1790485021
1732365716
1129247581
1201294520
899637123
1730158209
1188401189
1737502785
1763236165
1158680595
1701654137
1237498940
1260231909
1309655828
1791772931
1667942122
1567005953
1087923516
1542323872
633288196
1471337282
1029376114
1477994740
1632549322
1769025733
1680535176
1507612894
883666934
1102144254
1287823447
1747820361
1466691078
1409183055
401067181
1788267597
1735713658
1456391597
1151292190
190857435
1537096484
1665847057
1358012598
907270737
1311762822
1052765496
1463820851
1617239858
1682028647
1190782419
1715822670
1788698651
676152914
1504740973
1742847757
1336542420
1511821354
1606494959
249227739
1662778940
1569790978
1745169961
1388218388
1417440081
1778984259
651375336
1160790786
1125361181
1612971978
1742160927
1754925513
704622678
1719307108
1630245538
1578629810
1677434718
1673534333
579272015
1393133980
1655021536
1339174178
1470079022
1521890632
1748114427
277935964
668945956
1711134455
217011346
612573929
1774236331
1613425001
1256147576
1751387333
1556003399
57492833
1227736789
1022743717
1731610197
1400263812
1724490346
690872312
1311391421
1698076143
1709897824
1582396061
904912029
1577986849
1756038281
1775639786
1517339372
1184380809
1602354422
1669443097
1565772014
1640172532
1434360346
1192622260
1537103321
1732455755
712874325
1741400958
1227709326
1100961670
879339809
588800804
1702030076
1733193466
1282957818
1781924416
1653072950
1497196952
1423943907
1709119957
1791850831
1738177955
1648377970
1610180010
1428880666
544649237
1305271407
1539148322
1351834154
1286267481
1055088453
1751985209
1124213563
1682508064
1686481534
1780887777
630552717
1329330135
1214415963
988479880
1314781280
1192534425
1741744243
1465498056
1482217944
1493939535
697880602
1771770586
1585417573
1548938234
1254518276
1718569501
1730699292
1642683021
588772326
1430213238
1741618859
526745256
1714107574
1077486773
1573240922
1220594469
546676020
1072352502
1444419449
1679298496
262021802
1440468998
712246103
1391241581
1753861566
1690146989
1715786859
724345187
1288802093
1728845333
876598086
641767070
1694829827
1795460883
1771090107
1727909049
1650648107
1017230891
1235429656
1419881929
1602265281
181513288
816261766
1018509614
1496828101
164929078
1715433504
1602336361
1426772463
1446064384
1292951604
970048975
1716923856
761431068
1773246682
1778831104
1261346177
547440682
1192628816
1716951315
1510926960
1339630702
623243087
1616755488
1749677703
458568556
890002292
1588256152
1633411877
749128068
1664024296
705687986
480023377
1636262658
1533620612
1397016730
1474400680
1735931414
1665626438
1176658971
1720064986
1280359685
1517681250
1774270060
939573010
698800750
1224936035
1164164748
858349516
1234479197
72344595
928083892
1220603428
720564061
1526538881
1064163393
1762298935
515782614
1583972813
1284901295
743870189
874521361
1566849570
802107504
1766154480
952866504
1318553614
564885709
456311150
1554307999
1314582460
677875603
1037350222
1610635650
1314138473
863127742
1771603182
1111208659
1725052686
238858406
182692928
1227636055
899730074
1451655577
117624259
1421924215
1716925715
1733615162
1356072612
1450379006
636765496
1746863064
274355382
1230169457
1012198089
951188931
1759852439
1533227540
1715297187
911198689
1065878386
242130227
1713139464
1731188638
1437214032
1230901047
473313559
1226181478
1309572442
1681951433
1659149832
1242681228
1620909830
1044798823
1215186179
846886640
1732466137
1110232947
292076277
1254516408
1221200154
1751594063
216370757
1303965563
1795815717
940745486
1020684569
1143499244
1478530537
1558184366
1738537078
1723010048
1083786134
1363524371
1733492385
628248239
822437784
1724237988
1646659863
720375706
1592102770
1743852215
1500241260
501323890
1376121651
1558176070
1625672955
1782050174
710533857
1714502744
1415928436
1687635483
1691345172
700899656
1507366147
1777524144
475907510
1699667453
1302905045
953606511
1787845575
938924972
1213661554
574675337
708543028
1223073558
1640170414
915991046
1622714257
1615601985
1638318594
1162344149
1719938966
1510103071
1652939339
1310548717
117777002
192570092
1738454022
1101911085
1513092582
612399803
1006878003
466106158
875175050
574073556
1718785410
1705350388
1757392823
1748514620
1454145303
1679757376
1761736694
1451062599
1724185333
1427480258
1478639079
1260382965
526233485
1254517712
1297647157
1765881153
1766874719
1235605705
1039928062
1378542124
1074510951
1764886729
1210726134
1033975076
1225144382
1658531705
1442414285
920300159
1776694215
1152307742
498804709
848560582
1691902520
215664404
1736161077
1724395070
1355412791
1737534102
1316152840
1759372021
1713253194
1617136583
823130483
1655285272
1332344186
1287110511
914324376
1714937961
1636173111
577291720
586955187
1284706849
1611084556
1209812331
1582729731
1606733550
1657065703
713065074
1682398641
1775034313
1216952826
967439525
1695024135
469244576
1518092345
1454534842
1184034649
1748760236
1479724458
1594927513
1193599567
1719790556
1546830933
695453962
945673335
1561359986
1771243445
603203162
852872065
1525891146
1129037919
1637023958
1731386614
1642014789
1762290898
1426644560
1682846687
1036418022
749712293
1371866539
1715137408
1773880387
1151599502
1736130295
1305148165
1637452906
1364089967