1622150402
1396944265
1294608512
1451208514
1295706184
1659708170
1505854171
1308156044
1716439379
1027588755
1549391913
926608013
1549345200
1461615958
1702754778
1490634206
1493601710
959972971
829175583
1745940939
1691164722
1345181414
1496139564
1668066156
1410513540
1395043429
1529213934
873705301
1620083479
1755066119
1099066366
696807186
1568590970
1476025092
1719412671
870117761
1559904002
1493865236
1533552119
1780582295
988585473
1507767244
1369577692
1372956730
1269299315
958775605
940665416
1517795919
1479682233
1643041786
1552120156
1516166349
1265192778
1254223328
1767359479
824337523
618758348
945311140
1758626484
1636874126
1313781944
1679865819
846705175
1015406616
638087828
1443880860
1197663619
695999132
1669008561
865255810
1508058403
1314029143
1746818855
233979428
1221963911
1526745741
679152864
488417257
1492942796
1696109877
1494924759
959304600
1687685934
1428259685
1709747554
1248105420
1703842991
1033534753
512073544
1254614374
1662790921
559125607
1706468986
691702269
1386681455
1357541304
1256559733
1320023525
1487897350
1451570264
1762187224
277658882
236815596
679213525
1740703779
1223402193
1427945514
1606344290
933149484
1533118692
1525591440
1063268610
1193818582
1439906548
1722010183
1541705859
1473611793
701067140
1269304865
1427116704
1503181619
1481960129
1370601817
1725764571
1775017219
1253892375
1650831604
1163630241
1646959163
1128664829
716841759
1694937048
908448359
1049237088
1586483323
1321977522
1605996141
1678557499
1679072807
1473105469
1435569405
620915850
1109886603
1593720431
1550859954
1136507412
1614393813
1154272422
1765035647
875081719
1611793787
1162629751
1567916885
1276592340
1160023378
1591926916
944035914
1333010160
605526914
1254576425
1754046427
1668754028
1333655339
1446085210
911535707
1671725878
1454275184
1765287651
1418607581
1218214842
898596419
1592809962
80872389
1092206083
1538887184
1575514954
1499246931
1312983627
1666289990
1546386558
1458139549
915236304
1468484425
1107177522
1494767119
1622853323
1412904476
1584237272
1614664944
1743440846
1680952028
1041613212
1666463595
1467632693
1574760566
1067660475
1149972348
1681047956
1562674572
881604697
1692649015
1718791687
742727126
857888625
1492962634
1487235531
1567942961
1003831412
1676767139
1758968788
1121596547
1034244216
841435136
1722257514
1298278558
1586472953
289100961
1677329566
1131468848
1518648423
1646205873
1002611351
1264541025
1508048023
1556709608
1530410768
1082931026
1510576392
900344193
1513654363
992281232
1023389074
943741964
935005810
1544244297
1125726066
1670695794
1212505989
1664545227
1752494409
1003654788
1266423188
1217291796
1523391630
1254612418
820103393
1464806173
1705761484
824552471
1231652658
1695701444
1502094526
1450384434
1687564061
1493423446
1359184095
885292452
1772838533
1486858726
1765385170
1326794261
1463623919
557005096
1673669032
902097645
954937549
1148685002
855331799
1708070709
1394171241
1680579792
1332910507
1721891221
942451191
1481855819
1660182406
1729340539
954797812
1586556877
1711908534
1337972466
1654934407
698070485
1315801949
1531064178
1676697468
976727370
1745593064
1406509431
1580893207
1551402022
1765187639
1416197790
1201775553
774750486
1653029507
232689414
972293619
1169815003
1514008151
954216850
1720093080
1482108070
513599930
1777545191
889925670
1601111969
1033488980
1064671978
1236041779
992213343
1301109574
1520128356
1239923679
1355049137
998818085
1589521130
1351679939
1241521521
1321629855
1388109567
1563270476
255829474
1681568059
1161310367
1460127593
1663161765
1585293900
1449477341
509133505
1314152402
1495962294
922304493
1438274228
966320890
539300714
1787423579
1259619546
1742283471
1342657275
1234258006
1732468332
1255984846
1225890849
1606004123
967873034
1490023035
1399775562
1325674744
476243078
1711862875
975782251
1478029196
1152646319
1045103959
1126179839
1116105765
977119297
1482903150
1686081663
1266543246
1159664476
1432446761
1219098407
1417386960
1294530896
1128356961
1725148060
82185510
1580163742
1525518598
1468012192
731082669
617910425
1436239005
1211248416
1019104432
1197366751
764195429
830789699
1349032395
1725873117
1375750684
1562943382
911649525
1694425016
614992066
827091967
1759650789
1743093812
1671273887
1184787522
1658374636
1322452120
1430983534
1567016220
1736416600
1451857405
877975008
676263076
485745467
1696346728
277070886
1294297855
1380243529
1598393049
633210045
1654678729
1748518891
1536141759
768236310
945405920
685430050
771343761
1308591955
1740887395
1566439408
1341615134
1498221556
719099516
1637244534
1757648313
1754286223
1302309770
1543976033
1132703055
1730608671
1241486236
1312263993
1749864112
1231587258
1407809644
1440949603
1375780670
1687799011
1572841916
848740169
997569483
1266549114
1401983499
836777416
1015319840
1315056454
1205211969
1675142821
1648006651
1720118927
906777315
1421369306
1413455244
1686332602
1496674775
1600203977
1755347384
1095028135
535798851
1723801502
1480351061
1690587984
1545386138
772709925
1658931501
1322905240
1358639791
487849819
1312597400
1650798593
594173823
961626881
1119682626
824485543
1759030200
1318533265
1107017541
1361994537
819998152
546076312
865581211
631199198
723568844
1121826471
1312143113
1256353746
1115203832
1335579609
1465534539
1760956673
1603103801
1530656042
649046747
1135098549
1734569958
578006591
807200407
1001913294
1497394475
1581644317
1158288226
1449820458
1451453791
1491478513
1189366373
1093361526
1517954409
1370696012
1152723342
1568527069
912502864
1355367890
1261851206
818414701
1562415943
1485183522
1772803169
1475752316
254043528
1501591008
1717320106
1333748829
159109698
951333844
826037731
751212341
1376266988
1462038183
563024906
1485874558
1204530751
1213535980
1384235001
1266292349
1504048725
1769925149
1208498079
1674300490
179408135
1661855000
1561582569
940899396
1297076906
1288697139
1522300758
1595556939
1610391336
1590261557
1757636071
1671622787
1306414469
1157943235
1074888891
1430605157
1089368939
1154838805
1328242756
1075374816
1780606413
1353326630
592692834
956587306
1709827838
1114224906
1542628578
1031885455
1673482718
1572920690
1077549884
1633075757
538618866
1193271939
1026278662
1577312428
769682687
1720896251
1329437788
523604992
904185297
782350100
1473697060
1645208796
247350108
1090004672
1029381595
1071448905
1460933981
1563799501
988686409
1069604234
830546669
1525544775
1426579794
1779761065
951591250
984471209
1662849655
1663496624
1309176200
1694487191
1485555074
1109594956
627657637
1270489406
1065722738
1691360946
1769558159
237686943
1620331107
821890902
600724688
1270241095
676121038
1269099620
1635145006
1732178784
1700318378
1371957225
980400440
1486442143
1435742439
1251616318
1418898161
1662624582
1456771784
1539649843
1214821035
1187623965
1447367770
1446550313
1035038825
846595611
1714858984
1115212170
1467057895
1730455463
908456313
780667674
877585810
1348725472
1623962091
1682102960
1561953766
1500255518
57538927
1350365896
1706330029
1774390567
1459286944
1276766723
1756230058
1670208869
1757237426
1202929546
1204864315
1480333553
1511048522
1552849716
1527597635
1296823667
1404087935
1426198274
1305951743
1414660377
1670866486
1138416780
1688721226
1130847425
1530085203
1269996827
998100102
589675957
1082637454
1178620742
1048500336
1776984457
1578031463
1118200664
1034397788
887053623
1389460828
1515921928
1061818038
587013842
996600302
945560049
1285092724
1190720358
1639800167
926043309
1681253988
1267517873
1463740677
1574068858
1669623805
1381507488
1394994249
670936353
1204546159
1455418093
1084232106
1243025788
1143321423
1348848515
1548965642
1415895521
1486307784
909247770
1500014937
941556012
1207785860
1765247923
963883189
582278816
888157018
1190222092
1379287114
867678220
1075789973
1596482449
1284496171
1707965538
1730855290
1618416143
1474990439
1772760981
1071889696
931051951
1588323920
843008955
1058040735
1698430418
1560933417
1130592198
1265863803
110584463
1751211342
894241597
1671602280
1009370707
1213515932
1154443713
940037447
981902951
1022135548
1416874493
130058288
1057174691
1143365210
1730710996
1690640854
1394028063
1528379636
1025073900
1488883828
1185273771
1300977636
1195570581
276854076
234650609
639582229
1558244133
1196277378
1300290782
866134277
1559702752
1044570015
1782805545
1123651292
651832484
1208444320
1634159310
1536139148
1546428669
1099814807
1204529884
1672564177
1017626975
1256084083
585818155
1239281135
1475313507
1727375087
1136054905
1038872511
1685486812
1758355352
1409656783
1753043365
1761358178
1516221947
1381036496
1372714092
1263827652
1568384866
868703932
1452409591
1207380865
1493895425
695426514
1229808771
713127036
838893669
1411120453
1218919890
1272122438
1249747731
1750416228
689858815
1018888581
998573841
1698098934
1751403458
114555904
1753376179
1090245235
1563230142
1533056534
1593767672
1493038259
1758736704
1168660625
1671762107
1555432182
1769236084
1396920179
1052228161
1043617817
1493862952
1623658252
1523308973
1354738065
710421426
1134799100
1532870481
1665053626
1158912379
645092274
1502839873
1326741723
1568091462
1433652077
900908891
959409905
650161119
1589747399
1526753190
788953987
1118461090
1577471989
1166109497
900969997
1372630370
1742972624
1325466743
880692479
1739410376
1311117950
1423856497
942083883
838105725
1268294825
1776634799
1457517845
1518800361
1766820415
26339860
1204262038
1721699429
493589455
1743460488
1226384378
1531186767
1154737165
751809956
1185295193
1726648989
1245471354
1182169272
836953779
1717895534
1194093227
955018968
1521745749
1700916390
1549864130
974223828
1155852088
1407724369
1527236742
1705163101
1376227622
977500748
945046284
1363493178
1013735449
1540303650
726021618
1264287808
672201206
1190316733
1046529941
1313367624
1275280754
1268602470
1706024350
1070700382
1750870361
1174919805
772017798
1037426029
1242417682
1529636751
1079626442
630067187
1226412526
1198702662
786076242
1390120314
1240395705
1196897986
1158219899
1336557950
1601602182
1750078421
187267703
1022383530
1761125436
1475796015
1028027583
735541460
771624211
1381066030
1368503472
1634873434
495262470
1662092620
1699039920
1498492952
662731597
1499904954
1497873360
1718289093
84990719
1380968746
1709896349
1501258040
1615020761
1446128828
1321595727
1287780337
694728981
1707598056
963307997
1268036085
1406887548
959504649
1001203278
1695184152
1434907343
1630186547
1519248221
1219231136
1555673310
1576420187
1251558379
1739779827
1611212539
58684034
988244045
1664591684
1477770171
1709960496
1539241089
1236971575
1444434625
947555983
1588041455
858817946
1684834068
1283570656
1232594312
1252186710
1495972797
1520043354
1632940127
731925272
1753571149
1267610700
1526584166
1384844889
1414679621
1512260438
797909260
697679352
1502838517
1502796651
950286048
1626572456
1769519525
1618413767
1749285928
256423994
1744226570
1265423600
1359761604
1761971760
261978051
941549430
1509300532
718757098
1603938411
1228466049
1549807956
1246588116
1098344895
1306703436
1319637621
1118029208
1652987365
1582514506
1323640422
1574061642
647649299
1152054226
1367234639
1709316672
997683636
1371837945
1727820180
1456782583
1442279144
1716600657
1027615220
1244815093
1307018843
1723923207
1638221488
1101490831
1625851399
734369250
779477365
1598449873
1499360079
1732076961
1188930006
1210229939
214313768
1626580728
1276947469
904121365
1613734610
1311573809
1212776725
1762507491
1227834275
947795858
890941284
1322041931
1738161894
1030631652
471988077
1254726171
1526893363
1452493337
1482226535
1661161739
916993941
829158141
1337597079
822739902
1650743028
1406860894
1567905332
1526570049
1508053793
1468687357
1701012062
1538234035
1409314242
1736193574
1717707051
1250063904
1754111627
880648219
1507641163
1726833905
1254044522
1306752913
845164217
1303120087
744807036
1616293268
786163375
652162249
1098894187
1289146352
1149785606
1376039289
1554243117
1440028884
264512963
1316666086
973965852
1505785754
1492679535
1674202390
1775535006
1407527094
1046997771
1766406373
1718113274
1728758239
1194590980
1289289777
1521740835
1373372840
1162434736
909388541
1560036936
1380564046
1237190906
1712730863
1551572037
1447801847
1115541428
1577672714
935356491
1091798149
1532273667
1048842601
1044782023
1406678657
1736326174
1652322479
1580358597
1463707761
1107800904
1471111015
1508360776
1790415303
1539698699
1558598619
1612954664
1531012999
640314882
677960550
966389374
920875148
1557809064
1775430559
694361104
728436471
621760660
1263133181
1638956390
1734061778
1348353749
1017577438
56091436
1454098437
1240235185
947965242
1201379678
1541803758
1571879007
1585748704
1399236567
1560390209
1063576125
1555091042
1408222909
764801189
1688901976
269732462
1597161110
1754414977
1360589672
127523858
1729524051
1575382400
1536645944
1759859281
1515285918
1157764918
1717307593
1529916227
1760681583
1588568546
534226595
1671387119
1594841333
1087922010
1497439018
1506125827
1774090124
1276151161
1422013324
1674191629
779134495
1777075871
1307578058
991144907
1464855093
1490580020
1662796798
1492883267
534087629
1322040795
1011654643
1708502302
487217024
1766051013
614158861
1143306770
1472077582
726132296
739648814
697226297
1370497958
1676267967
1006229281
1727637967
1380963252
1025212640
738495817
1747627630
872247797
1253187119
665092730
1608030263
255926121
1746050498
706806202
1230640240
1378650283
963894917
1620139994
1035166224
571934499
1196149652
868085751
1333018152
1611698501
1279718615
900575452
1333898817
1380279403
1347253243
1419474961
1479834744
847799613
1749585288
1751632771
839595336
203927262
1745448441
1734412472
1450800453
1685804712
1548996602
1401934682
977600040
1524950855
693190263
1271886939
1182072403
1280737801
970694839
1443887498
1615077469
1545128759
801530966
1441519271
1580728101
883332874
1084442511
1606247405
1217581718
826229223
828822252
204023630
929627800
1781224889
619816773
1493712965
689589875
152207770
1067232332
627654888
1359872828
1445902654
1063410241
1532955362
1073613909
1556503143
1403704196
1036665162
919921598
1273133408
1599047635
890839592
1575734310
1242319221
996316760
1085279985
1743649395
1208715418
1720162393
1107501781
947091493
1468073741
108336411
1783587417
1393927471
1311748527
1290493252
885665944
1429068095
1771974129
1418603761
239488054
1182102002
1568533286
1353371074
592860675
1194950347
1781530039
512368697
828934723
294689017
1113746087
570728896
665507165
1645429859
1671032511
1421851560
1316124131
1374269344
1301309674
1733386839
1283392000
1728039976
1050357856
1639579336
1572854238
1713496434
587654560
1238317620
976732107
1639810981
710403274
1060251238
285720321
1752745214
880082439
1714639818
864124830
681539658
1010221427
1408789895
1511914153
918202350
1522136287
1039688567
1164076736
1640167950
1029368751
1421281940
1188522357
1358135071
1499572272
1558036975
1507887159
640316949
1439058127
969904773
1317043966
1577283642
1703299300
1445763797
1682726681
1013991755
698880934
1754940555
1162646030
13307711
1572256127
845465822
1315736180
1547318670
1222161342
1562261796
1045428713
1108226278
243334029
1495490823
1408155313
1330719662
1176034686
1412860101
1207957375
1721411659
243818958
1441264429
1745511915
1119594455
1049928594
1351105420
1536639534
1356263342
717866905
1763654735
1530503472
745453666
1071077970
988671788
1229109438
551808702
1076101559
1347258321
1774731503
1103470525
677110147
1597294694
1099198269
955579681
1773697089
1077806731
1614727169
1177497928
1699690148
256404138
795064530
1769468040
583822495
1467322767
497811260
1189125686
1190329103
1071646421
1734317490
872464963
1411393275
1513296556
1301751503
1160839722
1502657226
241659563
1644664113
1106055301
1095490389
1092595133
1616261439
1432121690
627764616
1544830405
1571556363
1716988238
961247243
1525238257
1360585270
1532458050
1338343155
126047413
1638238655
1327700384
985068922
1365532949
938451858
821001884
1044477108
1326492320
1121197393
1456630068
904478109
1418090385
1650505807
707189669
1216644658
1560573505
845499603
659220078
1524288525
1609831151
1564144656
1685210314
1219552841
1731105707
1515894586
1098311000
1656120661
1790994893
736361955
927232280
1399550447
1474643534
1257141667
1109195558
457798462
1667080165
1718895193
1245897582
1505240256
1081332708
1193002177
1542620820
1348201815
108458570
1703786451
1720078988
908456153
1339379138
1723073773
1665622484
883125962
1626972419
1505975989
1483213614
1503390981
1200971696
836597965
961192691
1267000976
1531939505
930449290
1482142626
1723352292
1707504845
1255653082
1723953010
1619132557
1078101482
1469737862
1497548551
1213897928
1749657351
1693972409
1283162671
1509834695
732225757
1515893830
1730352344
200164407
1190612965
1055261452
573395240
1000881985
1724910413
1729328560
240517044
1249614450
842735337
1450936635
1418977425
707739929
1471241711
1661505611
1319960080
1523905364
1055350130
1593322767
1671509841
926602297
1756293460
1174490755
1234150245
1777251635
883822505
1759760416
1705699245
207433968
1498382213
105709069
1763621176
1260235763
1670791734
1338047509
1324951070
588787299
1491405995
1758673721
1489402268
1739472873
1538491250
971354214
1598154764
1571278023
1594091317
1149613714
751501285
1432127038
1315181693
1730956596
1705588052
1355234408
1494248475
868693513
1320717340
1290138582
1369132282
1712031060
1269785381
1354696669
1662330258
1751842887
1275953052
510614092
1713832397
911803443
1703310351
1761118897
631760187
1256425582
1561191977
1743869395
1071458317
630323633
1334892365
1222408808
1475527264
677445988
1737498178
1166542522
537238804
836170480
1531547078
1571981975
1248096574
1580969733
889861737
1680998992
1085171036
1192757776
509826571
1196764789
1499267135
1770453382
1621522023
1759128756
1685874849
1146121715
1555991752
1511723870
1663767844
1768662846
1427407033
1596288875
1747569152
256464609
1428948698
1633034888
1210675234
1255596820
828434026
1667595533
745718004
938457508
1717016384
1693328738
1579913805
479469955
1150444219
1245824950
1063528398
1271800330
687760776
1485624720
1689342775
1587450468
860579723
1131467037
727786499
1558049806
732078983
1682695313
1180243581
1497345898
1788567179
1664192807
1451656362
1255685258
1275440270
1561818133
840078578
1763852147
678326371
840823858
1734534162
538651809
1763302394
677643898
1715723527
1422162780
1085631572
1563999012
1160042302
988814998
1572470375
1646684079
1469384337
1600429861
1781789427
1229894424
1225370421
1782835509
1110950059
859665243
1378840188
1551047511
1577872898
1734484883
1452609883
1172799690
1516895242
1521173398
523389636
1110722461
926111844
1729256157
794558530
1567838660
1266661274
1483045910
1718543190
1377333984
1527078940
921544297
1489385115
1718077290
774931888
1746929862
1286166797
863593802
1639783761
1261521252
906506741
1718717948
1208721612
1388339631
1765664670
986498891
1632160258
1708580833
1440335911
810743885
1515472406
1528294138
935620056
781634736
1104343923
1223100632
1140617966
1223064760
670076820
1352851419
1275476985
1743045144
1587750642
764175174
1633969563
1677120417
1511007462
600334846
1598318929
970326370
1512737488
1490580350
588347542
690880161
1099994155
1229624084
1573196785
1765006135
1515002038
1261615606
862295697
1738781399
1606191325
1463779422
926270772
635757106
897489760
1535398961
1476600307
963792054
1581932745
1249773350
1422251664
1471462632
1663063681
1119537845
1503773088
1782157816
1665551544
210700111
913406509
1527833174
824592612
1413179567
1282833527
1468480475
1596014375
1117055596
1336914653
1352655195
1460199642
1330353193
1206571035
804821706
605912578
1101676702
528200976
1399548539
697439777
1018694638
1522217951
545665710
956433322
1648407239
996189317
1435700434
1048180262
1181432463
1366160084
718371650
948686062
1534256825
937183972
1295330591
180569428
1709983788
1137828998
1595735346
1520975960
1741819064
1588884246
1335402656
1490781815
1722762371
1569755757
1547888549
1291497406
641806185
1631772967
1661163107
812724549
1474832375
621329769
1675470176
1045209626
1132280540
1333199930
1464581871
1578442224
1195554050
1535181588
859052512
718957525
758084301
1014425814
649822072
1013158251
948087147
624673026
1475813337
1059076855
1221921783
1225047146
1287803695
1177024415
771224036
1080197644
1201735573
847922788
1772348011
1454571690
1164246215
617204353
1038193412
1009029712
917908346
604994915
1425890385
978397376
1172273208
964599457
1398576966
1042111877
1739842055
744419109
1029224458
1333303146
853227483
850591322
1297830059
1728646295
1587187449
121264064
1279000686
1732552849
1745156096
1416341296
1466018979
961102446
1023351404
1686100587
1489711346
1736397392
1688447177
1186428540
1704252834
1557770921
1757649693
783368707
1668207271
223389908
1694314787
1258081374
1582496663
1253680320
1114490548
1166944222
1096497267
1087917960
1645376675
1322459299
646884732
1504873972
825338528
1522049233
1518229513
1196315469
1546782193
1430837750
1553041916
724174449
725405737
1062669846
1568130903
1322805177
954333735
1630531479
1484765911
1504950273
746276825
1305928105
1186670947
465304561
1540730039
1671122411
1470621008
1029510133
1730783535
1713325455
1044195634
523829319
1716645816
1304026690
1081516911
1514828813
1275395542
821175600
1029237802
1054136308
1410222020
1552549145
1629312648
1291259726
1042194887
910488063
1568661384
665884054
1154961126
1492944867
626935424
1593837468
1582010239
1780229254
1567937091
1608586498
1780662385
1708088219
1708248342
911766601
1401629317
1367684094
1595018178
1534711945
545207232
1493439542
236597087
1734857925
1644570637
1144883241
1687822305
1697183884
1401076263
1263701211
1696707118
1784329727
1204894048
1766615165
1556959553
1272219698
1502045386
1311786461
1187871470
1014231902
1056330641
1242101234
1691990276
1151824818
760492596
1196063419
741847141
1322800177
1241364093
1417516169
635165542
1468287224
1793324531
1776804583
858692628
1511145604
1098702933
1179601500
1175201468
1578497261
1281115504
1428943498
1770953693
1671594567
1749398045
1450931584
1510461160
1178425775
1416933900
1265695864
1169477814
1409768640
1753137062
1592755922
1783588235
1705310997
1597633328
1161435572
1015397830
1725549026
1305997917
1249849354
1516638530
1774810760
998805335
1428723849
1688711022
1128495141
1703710648
1712821195
1599751968
1554849868
1450785062
1709646423
585582867
230099656
873540238
1778038463
1748622403
255442537
1519054605
1649399840
979537957
1501218696
1554933077
486558349
921951861
1559146266
1719231012
1642366894
1386115297
1590414177
672362605
190319296
1726787986
1523224548
1048417104
1292106029
1741603024
1575419074
1119857825
1587499653
1460865606
1221893782
776791548
1086300882
1727038096
1275478593
1508767261
811242284
1511415167
762744772
1530018115
1271048954
1597070889
80915332
1403332759
1671581654
877332287
1288618238
1100324010
153298259
1662877777
1381197116
1521225730
1578235874
1504985587
1793879585
1444465821
1033225739
1660546252
963313469
1291615521
695245121
699894449
489459961
1524291043
1493243758
1438947818
1575504414
480032201
1289379679
470852918
1557478708
715160554
1493853072
1608516431
857580829
1724318338
1743660164
1716541047
1339618538
768324683
712163566
948631246
1466122056
1414524530
1636283218
1721914385
730925919
963670798
1292293804
1528674393
1211672586
1687668471
1546402170
959981830
1456254414
1572493307
1094021411
1263876853
872239892
1790992637
1711131556
1660304298
1028744753
560213105
905839158
1402577021
621342591
1530730999
741932858
1026264420
1596618723
1418573149
711458876
1589842960
1234186400
1592948474
1234077784
1456242764
1605349849
107644829
995555733
1608246278
1392201063
1025836148
1547201150
1536076496
1298715084
1329643306
1327004200
920482879
1134732626
1595901451
1743228931
1304044583
1018846507
580737098
1750374982
1307911434
900907493
1076686914
1544895179
1333216404
1339126389
632706650
1644373664
1045765192
515896440
638845977
1149919719
1719087649
1555923536
1261483742
829505054
1768736293
739517446
1319920330
1384386848
1512578536
1409341428
1711085651
1121055347
692081705
1033373193
1525862834
1098137729
1030582886
888590166
1457816337
1460729565
1417187323
1195515979
1552323803
868556910
181102051
103305119
286825313
898372442
1173234270
1777341343
740762316
1213453777
1479021086
1587777942
1626015733
834561560
1498872694
1484275397
788568891
1063856988
1145610086
1606442918
719460981
1412369454
1398349579
987112987
1605400037
1023416572
1202750937
1770850454
1586278082
1076377652
1620723729
876923772
1143989378
577598106
1769550265
877631675
1158380330
1320764435
517979674
289668277
1286145197
1655596830
905075216
1791660487
1392712415
1332785797
1096134278
1585237759
838637277
1267368491
1392046640
1487602036
1480097847
1136513015
1333979091
1760085317
1298020018
1785000105
719501268
857485499
1415619460
1020683055
1745475548
181287721
1152568599
1670225349
1257645358
1744826856
779133917
1433079823
1435986919
1707967242
725522784
846292230
1076959531
1196428192
1381052355
1214550368
697280827
956177752
1671492958
1444948859
76688117
1743502453
1076794657
1554840037
270766197
660542812
1556487950
1616793863
1546066593
1583085358
1412095107
1142856099
1778936576
1464267028
1087447978
1308774418
1410686158
252601030
1287339924
914648135
1048413056
1092471170
795226888
1780377465
1329362448
1384316775
1678639224
1422088039
1730023552
1704190753
819433749
1672906536
566052309
1776584522
945582583
1022415915
869344503
1668601104
1327748853
1210163180
1388315946
1009019362
1749053941
672657527
1528084621
1306018693
1580052257
997233694
1709549695
1313192498
994496109
1524321102
798691589
1219206087
1585087690
851665687
1544195771
1720701289
1540041419
943291656
1493315417
997073264
1568141322
1026626341
1230237652
1750021649
1757450052
1268509145
756730656
1501918028
1731959700
1524333761
1770902437
1760897067
1265188798
1597268135
635446943
1401457346
1660566481
817940571
1639605822
1388594595
1033397575
1151678582
1185075105
550616641
1757864529
1200093632
892233010
1733624788
630629662
1262064964
1447002144
1706639749
1751858392
1281323160
1284309452
1689307319
1576969809
1298093552
1671555466
889206386
1263213284
910630555
1443541102
1696891826
1224844406
1206985294
1720591269
889100889
1537278799
1310389483
1649125215
903639712
1169798155
1206324377
1398203884
1417739987
1746585368
1566794205
1465419622
1310231184
63270534
775572302
1357323315
990790088
44213588
941237955
1332506974
1725429053
959596354
1605453875
1356904017
1234345481
1757141340
1794973637
162747253
839280592
1660469159
1553737128
979308940
1644551376
1044670191
1020462698
949763398
1134638564
1571511874
1675660357
739609644
227501781
1739042899
1227345460
1698539731
705859094
1122292880
699742602
1634164406
1177916949
841125346
1532206413
1686675552
1536864823
939082745
1603704183
847996205
1473572282
1579073747
635754978
1696609898
1187828848
680628772
1560701444
1493862590
813271843
1228823376
1402053618
1243094906
1445764442
1727291623
1440434927
1569518766
1016230787
1354193711
554401769
1519260613
1650462384
1715899633
101946212
1236950198
777331163
628994062
1599537751
1706690777
1753177156
1550018611
508827482
1683298879
1659340161
1537555092
1682841591
1669990324
1155780318
788953571
1749738321
1350983036
1402476935
1277167227
1340769687
1417783846
1076772315
1688716613
111715911
734008007
1312094193
1232468612
1572685533
1730188506
1535312051
1617890069
1019109125
1261853400
875392307
1338240910
1744962471
1128135011
1770402431
1473856071
1759933604
1255753729
653764849
762611890
1350796576
1672092759
1559725951
1767525780
1553753968
878041593
1697265045
1740944178
1492294860
1294406264
1458187299
1596920921
652882360
713105143
1260361121
1540470286
1325293834
1329645000
1370524432
1436750295
1415982004
250827087
1372358147
1303386912
1432232915
1761630637
1551847574
1525580227
1758576525
1108608804
1451540376
1360469373
840620633
1775142778
858567056
1337903474
1513667031
86116506
780386457
1003545607
646170348
1522097848
838392367
1747294699
1605999932
1567352743
1739112134
541330122
1447673113
1087178104
999716906
1763670050
1475554613
1326035936
1302690920
1133516150
1535243470
1499820541
1654095910
1426969833
1758013417
1272240610
1716523556
1577685022
1725573703
1638942418
1743833789
1129602385
728054235
1635380708
904315315
923078782
1350039922
76019383
1565296352
1767530592
1588933444
741501600
61556559
1653978977
590793216
1484962526
1517569532
1271312125
1235353936
1716850020
1240901167
1693478690
1496240529
1474031670
1579823037
948130067
1546018856
678187097
759424312
1581465203
1215590201
1626745159
731416321
1610390101
857656352
1545303924
1340136457
943273163
692967147
1746918605
1754117768
1665163733
1713197735
1231992470
741578747
74578192
1505701145
1718333944
1417380828
571970256
1539356190
837354814
1481551752
1458849848
881910203
771647955
1637670128
1302551527
1374902013
1519743835
1246843615
1779040998
1282350455
1509989106
1075016258
1620975558
646872813
878812464
1553658948
1647574588
1689282910
1041644294
1499808529
1688775990
1415052889
680733442
1278838251
1522476452
728370517
1324365072
1699877236
987078777
1001029767
1757489078
1441667604
1552727270
973679904
1206061072
1729439550
268111796
1205495424
1577093885
1279518842
1542059444
1619223455
706341174
1431201038
1320379876
1359463798
681919524
1033549630
587700596
1593556886
119334864
172200022
1251571697
163227877
1039277044
659818701
1735344601
1087385349
1124403561
973243905
756576963
1461962676
1525028349
1674544112
1500789389
1404729394
1120216589
921300448
796779035
1071474863
716141726
739541976
1570736282
1025255714
1418842687
778711991
869958795
1361481555
1117171552
1174303201
1167903762
1738243625
1669553382
1649824590
705858532
1615804316
1073825999
1050421224
1387100298
1775734932
620943326
1566130275
1735322135
1296536781
620429698
1445045500
1390578761
1712669804
1666778706
1754308750
1704918362
1156880870
1008525043
1560517184
1533032771
508400191
1001345808
1093532994
1102829246
965398037
1229041346
747070034
1624344196
1453383629
1242177192
1541656449
1383197417
882668026
996594396
1398574473
1733104081
1522307525
1223540732
1259740764
1633211062
1539359117
799826188
1373817553
1431792539
1371187610
1682172940
1083712787
861550188
1766879473
708629954
1412952079
1497222432
1426296438
1536242518
1068681400
1699903715
1688955089
1604402653
117280317
1119512291
980894084
1574053609
1561963056
1279674225
1690148385
1574853388
257334315
1047636447
1052929925
1582666939
1095177530
1466012517
1471105889
1384076810
1101150839
841190206
953891411
1493175027
1221409289
1742906151
1272859630
1488252009
1470564590
1754342089
277545736
1769609251
1560576358
1260091763
1166921870
1782510383
1221659978
1377043174
1425208056
1321165573
809600779
1084137022
462588586
1719809628
1395015835
1458018444
1650515432
895957191
1532093832
620914966
1497115251
559975765
1656902184
1744551108
1250978253
1336502143
1305762497
1204169422
1397215357
1654024357
1385963325
1011148511
1141798793
1330164426
644273984
1411607417
1275355790
1416445486
1667281532
1466836778
1087396173
737196713
243603313
1513377631
1698244715
1575158072
1175463486
1036602655
1734442513
1069794239
1399430382
647414547
1138583712
1344682136
1328800651
1172799054
1724945430
916364831
386843058
1273046552
1119535474
1573685605
1589266621
1287800276
1036488235
654350167
1328131357
1549347775
1499538912
1395811012
888411658
1203417117
1023782707
1630675514
1675388661
1609595738
1208838226
1590508252
1610911717
1568417582
1264842731
1522921008
1650369348
1782392721
1412888416
1093018095
1762001250
1392287474
1229559074
1689613357
1022548429
1112319549
1529110825
1597270929
1049144212
1740077749
1738111057
1434307273
1402780628
961432437
1343370475
1609908769
1280694961
1451228812
1468027602
1492491394
1270486644
855133670
228837689
1338512721
1518124904
1496147593
1579438404
1339556130
1115644557
1485027711
1515577687
1614810709
153172672
1385967415
1751997476
866511818
913838797
1490722343
1395962053
1271604597
1674951097
1559880504
894700685
292444223
1532950332
1505632912
1565374668
776935411
1468864988
1538086179
1578331055
892170288
1171308219
618619481
922357064
385959154
1084034769
1070454818
1090652557
1499907250
1708707958
625962272
1729102031
1036033736
1653108405
593385588
452301908
1227096718
1468862390
669143120
175112061
1725898601
1755741581
1127271757
1586942387
472890641
1373765976
637289094
1489386330
1513251654
1254121971
1065707368
1327473290