1170622693
1505692748
1235867933
1511517070
1750606459
1598529949
1776822266
1739372542
1505638716
1723135829
751554129
1303376613
950596000
1776043696
1080992355
1758251546
781277946
1660413814
1104363782
1324358663
1664710932
1654408578
1784493273
767137578
1685649913
728923605
1238068614
1626035152
1451345715
817852699
1174672011
1686494526
1311218293
799068156
1584556517
1323947729
839443309
1674242885
1660412408
1025346677
1478626021
946880133
1541539143
1672097560
1256544647
1490494031
1719589586
754921923
1488974687
1657265520
636219716
1619674110
1609294635
1555664781
1481114078
1441102214
1680162185
1495433198
1291675701
1557694816
1290565648
733358108
1047609159
1598100994
1350082243
1608427626
1660409980
1688259691
1716669273
1391579101
1272046053
758789823
1593478100
1331275403
1706685169
1326893428
1218348756
1664068656
1461649616
1713885834
62160434
1706960624
156710691
1661012711
1346235317
972112795
1470596047
1674580513
1335580324
1678611890
1787317237
614623135
1177092716
1463078958
927311642
1743150882
1225689394
1738265461
1305393215
196623621
1539376261
1597227106
1304767099
1617643798
1719795960
723007731
697049977
1662542418
1686168546
1350487666
713515729
1739417438
1519815839
1569855834
1736684972
1254046022
1682964980
993616471
1680188639
1700284855
962909171
480542616
1378165258
1228761032
769664086
1463982297
927496798
1238331123
879889094
1492731998
1449942466
1562070184
1672098508
618845141
1654522311
1670856758
1627836344
1566251783
1443237395
1104868628
1598604365
1361738698
1757590842
1662228102
1258108814
993219872
1655558273
1625007974
1727282247
1626934578
1089253438
1516359361
1664420652
1195879878
1629853766
1066125193
1510000977
238914756
1701899827
219895075
748587263
501254727
976338621
1782905327
1783277761
1655563017
1016276042
865046711
1203967676
1764371742
1254695045
590543378
1343838700
1704708505
1442130581
1341800623
1572504646
1562765071
1106566988
1478229419
1212249824
922553517
566218600
758005843
1053933782
774963410
1745078079
1254536255
1054615137
1530359923
711881205
677273187
1398492628
702870459
1270784947
1313417807
954705342
1782340168
1195853082
1413753292
1187419530
1678057807
1410647359
995757770
1709921465
825713211
1310164593
674862166
1784353853
729263218
749362667
1016429428
223349800
1519815835
1565462864
552297860
1722396385
1304104093
1027555569
259210137
1413897628
1709160146
1691631280
469931002
957217779
832996773
1462952048
1674141215
638891289
1071479649
1487657225
1743503160
1744352798
1537454958
1658053055
1030399691
1290720380
1334643929
1597328310
1307039217
1520015671
1280295376
207929682
1153428351
1233649761
1460516592
1186619077
1462492173
1206046022
1791908183
1475698020
1040751869
1615131270
1405356457
600787464
1779486722
1438814720
862338819
1184163155
1600958605
1224348636
1644164773
1550494623
1427390355
1673502542
1742130113
1366832476
1543753810
1659968104
1349677901
545673804
1361854113
1566519495
1648747963
1248820681
838013169
1216446837
1130174887
1678615505
765081754
965211146
1709005364
114993129
804245958
1629855040
730642902
1662798710
1494612055
1782339498
1586757290
965142168
769662916
1441512817
615709931
1714330647
782150701
1644005885
1361836328
1399015345
1346915553
1460490528
1505638720
1571789961
1153437036
798837643
1557602494
1183987797
1258018997
1582787356
1208948778
1251704870
1499475204
734840128
1322128164
1713415660
1409910571
1628076414
986457895
1760663441
957246694
1560599847
1499735036
664038748
1381972099
1670376947
1272831946
91794823
1382352374
1686707216
1173874113
1579900218
1108655611
643248777
182843199
1076113722
1107188805
401041293
469740462
829370483
1782057269
1703968659
1594379407
1462001346
1491145089
1550829912
1493910868
1548543833
1277829888
621662844
625112531
1658639069
1737251465
1302373242
1109089187
863907119
1705201943
1324698486
1684571274
1137963348
1445504639
1721755090
1139786933
811115875
1511356677
733775610
1288068978
615344255
1228787375
904480801
940320605
1782332172
1514599099
1592447147
1738639430
1669389306
1078119595
1529184658
637007616
1495029667
1788528529
1698908872
1402322922
571529109
969212674
1521982087
1733070523
1506576837
763727398
911417731
1489884909
1538028419
1313022683
1770156938
1765138003
1616155827
1130196626
1581557928
1645818591
1324910887
1295189621
1783831589
1422963455
1486506110
1765429286
1492177139
1530359533
1586078260
1208944562
1559160614
1483396805
1512147844
1710106791
1271468884
1432893296
772966512
1578936937
1520675892
1467253000
934497908
1687172684
817977570
1576244571
777947504
1766219087
678791158
1428412463
773215762
1390751162
1689631452
1677408347
545457421
1688079536
194718095
854376230
1347341430
762514566
1655557526
881697182
1463745400
1660413408
882560720
974261033
1630839668
483365009
1599568293
1326913070
290263151
1341753593
1397330694
1448355639
1707107340
1419542380
1392230084
1500592143
1551166450
935894981
1748681013
889205238
845276072
1393161245
1194595735
1128579394
984729474
160831219
1120188771
1325802930
1476103640
1753935277
1063409629
1566714213
1529004533
1262678531
1699690831
216390150
1022405366
1588714495
1413127258
1375876952
1272467402
1556323771
1076909538
1701627468
1446524145
1260130254
1628208079
1770289796
873597756
1414017221
1752138382
1164714864
1611144617
1666509496
114993786
1548079156
1580874524
1662431671
1390074272
1701186202
1671694708
1585140574
1376729638
1564037136
1786355197
1447298606
1644146135
1441466261
1545616505
770413997
794890641
194659288
869224548
564077333
955799257
1713493915
1525172147
892059558
1355706249
1333568285
761987831
1546547641
1337726571
1745677999
1634377159
1544375826
787079797
1530358657
1748829117
1419506195
1519815831
1628270210
1042069288
782502715
953356524
1068384970
1739879175
160528714
804006359
1773551023
1467130071
155989594
1726086983
1751451846
1320132168
1775076071
1743404322
1743379619
1356008991
1533659894
1493870078
1173901220
899553037
1180909459
1550838279
1313677325
1771019813
634847122
1711246692
1106503495
1441219303
1241666786
1708827221
1515764415
1670245561
1377947944
974812270
1689487978
803412736
1118204532
1772996937
1554553833
1397208910
1694325937
1429162928
1686270655
1527275348
778921284
1286702972
1290258054
1695276412
1768923629
216903150
1701613877
613346432
1301357075
758510133
1530357077
1141135382
236207981
1238255927
516120233
680710762
1717690762
1586093968
785520338
1705021392
1786490719
1659207501
1657522004
194698482
1106427734
1542073427
720006297
1748216812
1784489637
1278926947
1488972609
1482528982
1636329128
1610595558
1698584839
650768673
1653389988
1777330452
1765485583
1394348298
1508042383
1301093024
611336878
1241424702
1757995536
1277364661
1205894724
1757733005
614387437
828240253
1651287901
1738269005
829340076
983034717
1493137700
1227246200
770199129
1651084647
1198395062
1489888029
1763066409
1446538373
608963779
839026952
1755965181
1408364634
1218344336
1540480543
1479825614
1497192062
1788024727
967452550
1588631873
1748651506
1492164429
1233898228
1606115941
1783358621
1519815833
1019442360
1184755165
1305439355
1373197085
1398030530
1337387173
1562734134
765696829
1276446238
1762314285
1242904759
1077925237
1153494533
1061952117
1427257466
1137950188
1168295881
1730960032
1232709068
1704021118
1696267905
759964176
1730449013
1385307785
1727730930
1147355198
1408935101
1482664693
1207316673
1619121320
1738307880
1411417777
762513256
1740645862
1760495472
1466033053
1423291293
1748591979
565943426
1252591002
1631498478
1583653060
1774811380
1321381098
1263564081
837192104
1311845079
580986707
663677048
566094661
1680880520
712862243
1472646056
1434167808
1749833122
1163678398
1587425676
1505638724
1692823926
565941734
398692599
1701265400
1723064470
1143478535
1037606717
129001967
732517796
1568140802
1563860286
1282035472
1429673962
1088655022
1150571021
1265130305
1155871656
102577455
1744915785
754898890
1761025222
1323280940
973842514
1270250761
1354716403
1479194520
685313909
1464444118
177872456
1241710453
1017758549
1297417927
1286170562
1761145871
1750202029
1791532121
1393249272
1205591732
877608448
1658053805
1761986847
1313418311
1721873822
1685681080
703186075
1313149295
1700763783
1357905028
1469206265
1516180414
974478780
1699701487
1674152953
1411336245
1643040353
1713855972
1357563906
1305334068
156794484
1580476703
1451040457
1651839363
809186072
1232999418
942491429
1318001753
1404023820
1588256016
1435877654
1522500209
1780477591
1723607993
1448365223
1760342479
1684835274
1660410882
925402212
1521016417
1635862558
1710000346
1655263522
679670986
1561738726
1215462392
1393053772
1515814228
1703188987
1020234247
1603341798
591189120
700743867
1507894830
1510176656
1781777209
1728188218
1774080344
1103692993
1597692206
1586316414
1540486072
1563307310
1593488118
1602530967
1397192944
1497857528
1313412443
1443032360
1365389312
819382890
1703957952
1705490762
1784491049
1462926050
858254847
1673389008
1585426856
1593280287
1434176128
1087950363
1400842351
1763976543
1051832559
1762257911
1690835766
1744229324
1229915644
1222487540
1455770075
1151618570
1762340844
1259002132
1719935801
1429756365
1437632232
1595903611
635022274
719946163
1260234526
603061477
1742811244
607321845
1062006320
1607208757
242108212
1590592261
1678587185
1153558020
1168208976
1233446079
1255486194
1433812830
1680533857
1790232871
1384101285
1790089791
1575980611
855155450
1709333462
1590568929
1475827607
1722394049
1035400447
1660019170
1144444170
1434159180
1425236174
1389125294
1569972010
170932009
765845527
1183704829
884930433
1187196802
1473412285
1584362674
1690352683
1471230997
470267063
1144357164
1780691690
1758560329
1751461678
1764177649
1031529584
1437149332
1735090045
1129370693
661601557
1463740680
1597584348
1645680471
1760863708
862674800
959026689
1484054245
984557255
582927740
1085584002
1751044284
719105522
1363378705
1398049967
1046824732
1039404985
738529282
1061397067
1433809550
1755010739
1184330064
1670770337
1754484395
1410598195
982017206
1285475464
1520391172
1519436066
1393930219
1752801899
288794629
1751744016
888395129
1702944429
1045378728
1515581726
1172025629
1108890265
1576397092
1219929793
1193494775
1179685473
1184657274
1393280459
1414525084
1705558029
1273425837
1576429296
1351976970
558977490
1766994180
1629320631
915666699
783545511
1259592540
1509753206
660813376
837190340
1784159605
1178308181
960850663
982430294
1300786907
1397653544
1497150808
799102498
1780179221
1662424753
1747416493
912299553
1457667842
775691684
681532535
1722155557
1168812571
1530356791
1630284866
1644162725
861961794
1439235413
1362713943
1413469642
1096967309
1792776621
1523848852
1126753364
714565472
1695784449
698629570
789426699
676673424
562018111
1633705964
1066675723
1550313468
1579081869
1543372761
1604483934
1591669314
1461871756
790132914
1646672499
1164876376
1733891620
587151006
1750356969
1792723993
1141813105
812934582
1272499293
1654036971
1648849749
1715112971
864592709
1597448182
1669599949
1056450010
1574482712
1628026425
1742895563
1723631382
1704487669
1189758641
1459696868
1659976714
1776356777
969831133
167472396
1497609732
1461966367
1076975499
1656743910
1559995630
1624019643
915298823
1491955395
1743454803
1787830711
1550437514
1483527922
1443047462
928682265
1600350771
1384045524
1681323577
1235864887
1780691034
537095980
1733915129
1581961780
1063967083
1515582288
1624283443
529254467
540429014
1740351316
1492571552
1528310716
1447945173
1588673333
1609327938
1508313847
791375322
1182569163
289322913
1356878206
1742928382
1355230136
1790908661
637494640
1756698761
1224845108
1112085785
1133799771
1654290760
1323400928
1396381227
676310402
1723609869
1463751044
778909788
1222604167
709836082
950506609
1132809299
1286852707
1120219345
1397431816
1701569301
1386523687
1185194656
943175976
1656549531
213509353
1644697449
1447949363
1741536000
1246936242
1562389914
1433740100
1566215178
470041689
1445149426
1530362125
1424840920
703857267
1559829790
1747972706
1769148200
1685851477
1442206173
1700023127
1505435426
1303502975
1515594962
1280442809
966093449
1491035281
830828326
1695717587
1720937593
1034258599
731218171
1519815843
1526482205
1485419337
1336076634
1075950611
976373669
1476166575
1791863041
1165775238
933109912
160830877
1575552195
1296822045
703875718
1644489971
1514968089
1655447537
1251670127
1719998924
1597333058
1293331996
1129412990
1530360205
1651846026
1385112672
1705764941
1703362268
1229429204
1327838526
1585269252
1666933410
1021500243
1584664449
1740535624
1612295320
1396314982
1709460262
844689608
1393338095
1214883772
1615410053
1625540956
454253502
1530355069
1323159313
906456519
674601380
1678249921
1715966982
1025259215
1782339906
1736714178
1441625005
1135356210
1719589150
1656086210
1658769875
898538371
1777813976
680710519
1746788480
1696178337
584817878
564116340
1675524263
1502881851
1566495211
1202844846
1330568045
722284715
768165162
1564192683
600818966
778855651
911081281
763065472
1639310862
1210741827
1506751863
278433248
1493945966
1346041501
1570944575
1565470033
1479200298
1478545027
670853524
750419029
1734974834
1022430943
950066850
1380186345
102777638
899748316
1633972898
616069689
1668040253
1283887009
939394313
1183816958
1492574864
1610315587
1572425489
1165758138
1284823376
1543428893
1105685250
1599778806
1730184461
1552598840
1611555049
1302962003
1321408241
1505591923
1644916323
1696705621
540870650
1437571579
1700251694
1714432652
1158275218
1720937601
968915753
1761476304
915992060
1625143700
1734923931
1771733713
1537337168
1787202799
1695646632
1678539133
1213069028
1287919183
1502223477
891923127
680791934
1427192696
237041683
1662945624
1684696396
1073368644
541523971
855678801
630303256
1442878945
1565467641
961889077
1185448654
1677636091
1379830470
1685308287
1182300853
1480883515
1040207437
884618465
1714340833
671813090
781756146
1327513249
1011634621
1729120848
1290698596
814471022
1417807326
1572951770
816305071
1366544506
1614009362
943594615
1043602122
1294256248
1418334570
1221611198
242486810
1332533730
947173955
1179735455
585800231
1655536064
893530152
1390260643
1270151567
1641318136
1512219752
1631069855
1796541383
1570959298
1186520707
1406555982
1178273726
1518410848
1718869011
1020695877
748157949
1489339491
1062598048
934997044
1515470600
892944442
168342777
1193601476
1479208369
1400111920
1540672508
699576628
489320392
1651008143
1666404870
1709740561
1677712084
1556363366
734125228
776388205
271449454
1481833639
1797679253
1734278934
1419125667
1767324543
1410023906
1468316884
629212903
1759849596
1634082376
1718562743
1038571558
671458190
699331116
1595223230
1049561080
1735911669
1462116906
724580172
1655675685
1111401216
1650725138
882649908
711362038
1021562271
281335656
216766961
725790400
725694486
1565248511
1734418847
1066282499
1511859024
1412161578
1710342322
624963288
1688530834
1658371721
1294289713
1767407818
1655975199
175662940
1478638540
630305106
961184214
231626006
1443465184
1791524123
900205182
1043120224
1676353104
1150160902
1685313066
1593068349
1771943720
1048614404
1493288847
1216470012
1687170886
1144496727
822909276
1729208899
1169645892
1033490160
1774160998
109203001
512337049
1181290576
240496122
816411044
629776458
1353025686
1233479494
1086830145
1435162006
850178248
1478402462
172957702
1205841312
1344957777
1620747944
790361087
1744654066
1659035725
1767409085
1670032838
1361192884
1590220533
938890070
1105002991
1543053492
107167429
1340742128
1020454370
849706275
1366263730
1125854019
1233681043
1419018908
940666773
1629853118
1247441708
1025570811
1655973351
1713946648
1576166040
1227096682
1552238487
1753971046
1644026675
235768132
1690533092
1657871885
625173391
1384769670
1414826081
1076463442
1512805813
1420074132
1581454398
1493178130
491801332
1294115592
1705094669
1766622515
1263162487
1688582136
1562884009
1179702751
867620383
1378183096
969649091
1271246049
1757498032
1741815445
1547333723
744496755
1609395894
477211387
1252562304
1759944739
1114500509
1703661827
1477168457
1201278014
945373619
1736195170
729654712
1789631123
867599975
1729452790
1614042906
1224877050
722027432
1167767989
685059468
1781305779
1787194153
1687456866
1082346082
1156379040
1064530583
80036161
1642240071
1599046973
1757583916
1452712623
1474880070
1651184065
1757189154
1585377695
1224864761
1551269640
1290328892
1497217656
939075206
1573046034
1375564477
1770286828
1208213242
1792772899
692339200
761831191
1403760261
1023250211
1183699399
1766582394
1665676710
1746358372
1536314691
1068675808
1283436845
1217367215
1771347901
1672898967
1185642815
1351229671
1790550583
1478012815
911424429
817368790
1243246679
1251213255
770191216
1721705863
1773787806
1689081071
1253306177
1179724355
1747611996
883770212
1681100687
1241797935
1572343917
1660474742
1674143831
1676695425
1256392159
1696776915
1180845899
1586660929
1732502397
1719372846
1287633836
845609944
626127206
1380765639
745109802
1148189470
1260907318
1013045721
1374846869
178471071
1493794968
1162071151
1549049931
1766259292
1686191654
1163704745
1558425012
788388265
1424224993
1492569662
822146762
1511577680
1427974343
1769903812
1144765139
1181654963
1198108783
1693236789
1272483184
1553969691
1730953544
1384231354
1285000458
1018265062
1330199427
1368291603
1751978245
1506751179
1734365153
754991411
1480222009
1392896273
1023597895
1388917707
1083849640
1761781606
1725407650
1530354449
1543061273
695407313
1150417683
1768116257
1429230664
1589826101
1636646944
1410026846
1750962534
1277699775
1538490065
1600277143
1700885544
1207881510
1108202356
1795414003
1124718491
1442300554
1615969473
1759480766
704425169
1036373642
1696625033
875641560
908449928
1602326174
1283399662
1319152040
1656956462
1622164753
1767006999
1607265638
1582537738
1744230177
1777387791
769194134
278854366
1655882720
594074466
1761808467
737759676
1387016065
1428066204
1492568508
1492574132
1389125808
1742882752
1271769901
1013133922
1698796590
1239484573
1758582742
1041019335
1714168543
1028304587
1417027072
1721526506
904734513
1558011223
661494174
1770097961
1780726386
1609029172
884434213
1412838729
759965512
534878740
1424220735
1641347461
1283208850
1290737802
1581975849
1237666561
1646084996
1271240659
1508048700
1555826215
644179831
776390129
1685481915
1024043116
1760367081
1471223874
1766046102
1680319280
1470261717
1017681288
1395104337
1230305744
1640123190
1435404132
1709715393
1598645392
1057200510
1497187594
859573951
1557743467
1402951994
1661012787
830340524
948635620
997451697
1116389952
1491431974
1377713954
1314597005
1558642230
1404159702
1778878670
231285092
1409702811
1528135011
939930221
996996570
1024568801
1746783090
1649908921
1733603642
1589964194
1229678326
1759934996
1313418687
1596189485
1442828178
1125375095
1751951787
1770293180
1771315685
1700864202
756406493
1670259363
1479148743
1305045394
1487167353
1753197198
1666610835
800278153
502577989
1277192512
1650067821
1496597635
1786937963
1107935003
675052488
831014951
1506757617
1506755897
1795956397
1173345551
1369710794
192216574
1410020688
1332672886
1722896893
1388094498
767755198
1706565080
1176498400
1291793161
1180203907
952128394
507746875
1734183565
1366464103
1734375458
1627650196
1494306343
1170243350
1641337077
1408341125
836085292
1356892133
597956318
1225795539
1732498690
1774579992
1592272047
1260419832
1701356387
1119438427
1051685388
1674582823
552747551
1777526137
1262283287
1344317336
1395605335
1582519712
1685023737
1560955836
1693588303
1772839084
1272470562
1381669832
1572515248
1670759070
1554073718
1255468812
1747031034
1739819643
166667222
1556006724
1582683777
1745975254
1639037896
175638838
1679288040
1154210937
1479352152
1739157075
1057124813
1451598645
1348127577
1440011281
1056672985
1281171579
1473510669
583031848
1157170966
1291250501
1398010786
1758204840
1390994108
1653361224
1289195495
524324143
952772472
1332065416
1648384675
1568903376
1246432222
1758549354
1225570894
1747400749
1728328902
1396219832
1270583637
1116324807
1749441231
1707472506
1795857157
1194972646
1587502443
1502786067
1690067520
1533731262
1578112333
1676418130
1245301632
1793309991
1759055532
1564907536
1771396038
1755230604
1087123613
934709047
790127876
1290076856
1286848067
1655401173
979236664
1533584677
1633965151
1719987344
1755313276
789998403
1641723643
1655308210