1690858128
1592593894
1731892635
904362042
1716210090
565739723
1703311546
496814530
1732229963
1367160922
1092044481
1665561272
1513271129
1568273992
1691570913
1271859657
1622780047
1654795579
1687031597
1077617238
1239495666
695085571
1359640087
121699313
1485480551
1091236820
1239490338
1701372101
1660400074
969134705
1697460867
1759992446
1541344167
932444928
1698128468
1236331178
1222799257
659924297
521804267
1483724545
1577824466
960663162
1183751127
1750142314
1736624263
1408306799
1535177022
1183659639
1697814745
1405472032
1757229838
961257620
1571495814
1753814530
1088028356
1040452362
1254498856
810801238
865923091
1672011376
1346530640
1089861781
1736735882
1746778380
1626754915
1300623577
1500060015
1771465315
854761992
1030065743
783067454
1052716871
907056089
1661800105
1544948586
987815990
1615308203
612223313
1399362232
861616817
1786023489
1648443820
1572538917
1266013088
567283818
1236944678
1477033613
737600974
1719378337
859629500
1641173068
1014052424
1666617877
1400719355
1264039744
1756214258
540044015
1483791148
1423422744
1229055144
1295797534
1034070349
1406794985
1030028155
1597070716
1637555116
1710760762
881384203
1681869928
1365072009
108240494
55330111
1093328137
1203565206
1668640141
1662801486
1342807139
860260303
1311648502
190738184
842101146
1453526994
1462422061
1483817641
1643976944
1574805058
1217200018
1343535395
1485014085
1465282513
952476646
1687228900
949544325
1583101470
1664631788
1774151543
1276369791
1244760327
1049486386
788269764
1325746473
945538035
1779849049
1513787602
224295141
1587255217
1227234156
1256542276
1539002847
1647943305
1527406729
1754778998
815007909
1086351941
1715522259
1477614784
989395380
1493138012
206358480
1754038943
804388294
1249279476
1516903009
1006773349
1399526258
1335679048
1529221568
1341813214
1559785625
882014350
1457425388
1175648062
981191526
1485385575
799259651
687827507
1456700914
1274539267
1511128707
851733878
1617972772
1386304186
1349731772
1295932692
1660206666
880346688
1457582668
290928521
1732287969
1473313217
1055361453
1295056600
900652939
1602333031
1187682432
1719715505
1220304475
1192764412
485326066
1205768543
1334636101
844982794
1659630911
1714422563
1252820296
1730375191
104914964
987552234
1219207904
1302579461
1535015346
1314804395
1396897446
860725673
767970293
1639481477
1357410617
681527462
1109335163
1706492166
644299127
1572217055
952654773
1674047598
951916788
1606703312
1252802688
1664540564
973087447
1271476589
1240177699
1320709162
1397535430
1773598923
1743159537
1466616989
1380829628
1176077606
1288574869
1653739780
1602403995
1211265489
629879428
1387665270
978888497
1417209419
934086620
1525041840
1571459685
1054484346
1189694092
1731956216
737980331
1419908915
550545157
1244399713
747076572
1195032971
593052642
1427788329
1705372339
933820447
1228404836
1447691639
1295003493
1414408399
1770154621
1520051684
609283680
1011021297
1192106816
1070531457
1739824130
1586373718
1127162540
1653136065
1315904216
1175564970
1026873612
1670928337
1392448030
1577791206
1656789523
1657245825
1785354095
1613704781
1736297617
1130880960
1729957652
1540407619
876043273
1445444506
1786528931
555708098
1598540809
1471048791
716990607
1636899354
963942405
1487437401
1247407115
1118525265
1596178647
997861619
1273760410
1341344870
1546323342
1745462219
1628521782
216465447
1716139874
792000631
1666603651
1226490154
1287794633
659270180
573021452
939190448
1300286856
1117973501
1607246209
716309848
1764216088
822561690
1729382025
815735641
1499463862
1689217329
1244739429
1655199482
1408587297
1759804948
1292026655
1756338382
699286825
1611009693
1543606544
1646683384
1606872023
1510189189
558661886
1502274243
1759169213
869210369
1756278007
1777462433
1781877495
1183100708
1666912824
1729391791
882024187
791078903
1659604643
1757762774
1509046711
1786015063
1574943202
1758723180
1591913815
1103060223
1726242036
913162048
1254497698
1678383484
1734897783
1406778974
1346743264
1680005873
1095119727
1720108227
1564780591
1437841822
1273069550
1463229064
1549146137
1714247436
1673901373
1168411103
70334894
1738014679
749699576
1337423802
1039405290
1517288259
1661365684
1169851396
1759417708
1504812873
975206027
1248892684
1646837308
905776123
385983606
1052061939
1417287544
1613908510
1293182538
1317427049
1176525424
1083363828
1176321548
1124277693
810235613
580538188
919454837
1450664879
1678703090
1472429983
788179047
1631628095
973663549
1299332845
965491792
939915755
1677413266
1667372429
1351389337
1721361428
1656359055
615282946
847186499
1418049857
1320272451
792349221
592267301
1518740982
1449716706
988928280
1529347444
1754159900
1415036922
1160774080
1751180490
1397198433
908713909
1557984594
946842679
1732870104
1584142283
868590891
1284208545
894551843
1685823064
1520299706
1607708925
1712000861
1271197263
1677320049
1240668165
1087590175
829389279
1389095400
1193364968
1754722681
1754883831
888037657
1735869346
1661959097
706986919
1736778422
946040794
1141092415
1269217305
1685579523
1438450059
1680523761
795719945
806705812
1285330904
1065515571
840894870
709418016
1639668740
1364327376
996011773
619244368
1013758505
1664693634
1498194792
1551421111
1698309769
1015883491
1039448432
1354246535
1770376945
857560346
1546128664
964256670
868871947
1713701670
1462181422
859865288
1705599758
798425954
1452783794
1719845821
1662243956
1720610666
1661767719
1255642393
1452290133
477823996
1139534943
1376911525
1414247099
1499802089
1753031034
1523991582
725757896
1103983247
865608425
853092996
932350308
1661840146
1756214470
606799304
643627454
1241601969
1432112521
1748423488
684627386
1326942681
1339688246
801187432
1242984417
1394216402
1258022206
1617236357
1583783065
839070451
1407470048
1485495971
851113886
1030025737
1713452633
1483033456
1754056712
1291257626
1728454161
1506959534
1397028343
1725237083
810793135
1171822847
1214094784
1065034746
1733179196
1383916425
1647424306
1250697431
1490556699
1598239217
1711546326
1725336703
101631063
1557781445
1060426045
1111931223
1538640979
1692092422
1151967161
1574215996
1341390953
1440744435
1588899479
984110206
206140105
916180922
1049005846
1776706513
1504544247
1469483995
1673841283
958326438
991324365
996577418
1505397308
1451489239
1446762426
1708656756
1422131215
1310703094
679585954
1564828885
470177014
1264151960
1646836174
1289175693
1540758415
850257266
1678863442
1445706116
1052579730
1338937194
1293826140
1414232780
961887417
1517478682
1460274798
1677404241
1589988845
1388016671
1226249520
1756801622
947685940
1768519041
1767947485
1496816711
1506101104
1502272269
1612472741
1307585670
1450640279
1514961796
1253318359
1757438533
1415983287
1000226385
1014446819
1262331041
1455694667
1580471169
1690464767
1782041391
1288271631
1451127696
1553395129
1623351451
1663607503
1185080411
1578305660
1507053262
1423438425
842145883
1213730531
1594423475
1283585580
1380426132
1685142717
1165324805
1512701279
168840896
1653082981
1704339293
1485831436
892994957
1744337139
1016764355
1297886163
914537504
1598556070
1537408323
1640977357
1166290137
1639309583
689437897
1711024724
1457824619
577567211
1336439359
1743161285
1166855087
1465058999
1636900842
981475155
1220205262
1696945550
798199589
1158232313
1735696556
1702253346
1692941879
1029645858
1761799871
1036920355
1594178253
1654053973
1493417361
1210382002
993232854
1655170188
1343440034
701444144
1552757062
1508355876
1765852987
1613653495
1059988505
1401758211
1547826004
1693712104
1384083508
1277368014
1769846975
1703571125
1505059739
1495423598
996442688
1710755217
1197048065
1726909776
1705431746
916616678
1746888439
1299562121
1489964300
1068434724
1288555138
1376911270
1063197125
1645454794
1695578522
1376210737
1003426685
1287696383
1543596548
1620576811
1654565965
1775146692
1679480109
1619209306
1177572304
1204213400
1439799705
788179959
1538442723
1761533962
1641190266
1602768165
1535637062
1743796706
1334696753
1474291069
1483240065
1471804723
1165157346
978526215
1627569709
1219549881
1557784083
1726501381
1737928136
630139677
1737889714
1582897907
1304559347
891652112
1732102761
1760169939
1331204727
1319455371
1206220121
926603248
1595045915
1743211708
1661345392
1660874026
1777853244
1524495722
1755571533
990585001
654840109
1413425793
1523907858
1697408190
1578313470
969722320
1394387012
1589932613
1769268971
1438722497
1745287993
1734083652
1544476088
867519917
1439119083
1470546830
977988214
1777603625
875067144
948815884
1302645662
1099071105
1720516588
1721393365
1557776813
1675513258
1022640761
1010984111
1761443446
1674076167
1097861398
1548827086
1582869873
1493257675
999783454
952655669
1006746033
1734137331
997737367
1770513272
1453581156
1557769357
1722793474
731228193
1568188344
721019824
1542384053
1068635731
1426934568
1442770986
817056047
1658770347
1274380459
1784885807
1048853010
1070772336
1684353425
1732615272
1406115627
1724524463
1770819784
551303211
1387151977
1003122398
1700919509
1772369635
1460216108
822624301
1023817054
1782071657
1732254159
1072422804
1255405475
1570659181
1052250470
1791074081
1028235061
698879747
1658322166
1091577875
1684441022
1732069925
1435463755
1000147259
1638965954
1287620165
1664933470
852041445
1156804114
1303040777
1737766290
1493561277
852601311
1542358571
589164377
224743375
1008290149
1067032185
1705329570
1532661232
1684726989
1615810840
850567222
1087844243
1498095874
1090180375
1442868707
984688089
1572042746
1215984532
1277969276
998629593
1557844706
1449840019
579677713
1237024716
944066389
1564161813
1170860659
1547259759
1312994464
1728458889
968039033
1763635281
1295635991
1032715206
848942219
1036137637
865210791
981723716
1759985420
608747028
867001935
1427627300
1241987417
999315067
1170601874
970078926
1516521467
1518850645
1700917601
1782822645
1193362363
1097863044
1550733018
669659661
1429271585
1424247240
1539248358
784464450
1695742341
716437611
1743521618
1676606983
1705658615
848766775
976698267
1570437118
1428021210
1701059122
957125465
1221300732
888008380
1727092415
1410113822
1792116721
1690944178
1115889998
1288940003
1054783602
1365787339
821610220
878456532
1364800167
1343458388
1709543636
1549940324
1047441649
1681076169
963778070
1787752963
1705820185
1617340035
1704654278
1178412749
1577504249
1461584696
1545867576
1110889784
1790880453
1705273792
1660863070
1046904008
969052745
1499421308
1748997476
825784974
985876598
1765942015
1666811472
1552960734
1204098454
1779313203
272472340
1734709820
1556523953
1681549696
572246404
1299338561
1736206839
1754786832
1737406354
1756594311
616476191
1517022616
1604093925
1206423222
1063117631
956798926
728381004
1035380750
1779181526
1622671188
975785567
772292216
1073682505
1529930678
1103058641
1308775789
1558000546
1073076522
1379563844
1586461685
1472891964
1510455800
1713691712
876545446
1226861086
1585255746
1681874453
1474892815
1535293547
1641005139
1742984412
1728888196
1687341645
1655740807
1520525641
1728739059
1370122518
1670493537
1762003319
862508028
1752712535
1619278519
1428174599
1566869249
1714152657
788415245
1003296673
1591970767
1262328549
1575178099
1420882148
1658650122
1477926063
1793380497
1457426784
1660848363
1507164116
1755752701
1505965803
702884796
881349077
1661352306
716468556
1212633012
1683402340
1694862417
1737534580
1189744028
1632750531
1708222078
1126581255
1481415080
1706446177
1753469767
1492355709
1665898870
1506220182
1569549704
1653174367
1553996752
1524068087
1522923560
1259385448
1747853399
866738648
1639146920
1728495656
1671492231
1717994968
1747258891
542499894
1369996037
1689270513
1628303782
1344027922
1545468950
1654692795
1676703770
1078814848
1745557820
1730186667
1708952970
1498198161
1657244581
1690296699
1408283544
1560528639
1744405854
1450490824
1712194019
1783661503
1182299725
1517833592
1480791444
1754788228
1546803312
1694433625
703146636
1696832301
1734504903
1671459104
1495519300
1052592647
1213814791
1705439767
746773833
702688068
1569770424
1409907584
1504896936
1666609223
1209320051
1002535900
1064290928
1730424928
1184882162
1284927986
912933708
1476296661
1225259745
1356768495
1721021549
1731272563
1699877628
1325920763
1598127792
1696749149
1742598785
945402082
977443322
942188491
541095676
1571207453
1005537384
767239796
1740748016
1564156821
1711341782
1096618909
743093717
1782179379
1431650891
1698368754
1505299825
1761367722
854813917
1370950730
1539474967
93412670
1027941812
1727128595
1122398276
1792537233
1431773710
1617356015
1324572668
1460754216
1220374063
1700079911
1333245202
1150452876
529380377
1493773067
1043950465
1748386941
1496950776
1719173971
964852497
1778244904
1424517334
1726505917
1758390815
1412766482
1207745176
1577843831
1685725865
1755668078
1355328862
1269011966
1404959153
1567302884
400480213
1549342901
658694334
1497960137
1147064137
1445336144
1492644851
1469656083
1685070499
1066667049
909315663
1468396202
971489336
1773894049
1450024138
1472039196
1758669139
1667856861
788309961
1413391082
1307363124
1669776199
958982745
1714955519
1682690126
795860985
843731362
1198841787
1644416008
1253487499
1737944845
1175518565
1747145857
999613346
1192671727
1316014146
1364664245
1743158283
1458276058
1483724911
1252289266
955754824
996062017
1246776769
1345990685
1492445604
1467396112
934714084
1570784590
398135399
1403132853
1440034958
912938980
931643942
1038217471
932162592
1644024758
1702596726
728517481
716551750
1081003078
1668261599
1197058203
1704022006
1658856076
1672605957
1544875417
1469840597
1772899020
712126555
1197231423
1187182396
1189803239
1257152233
1080261061
1204597736
857385152
861615600
1261248634
1722684472
176908433
1185702518
1739949284
583066661
1184871436
1596049515
1696638247
1062830957
1668939620
1719472742
1586847701
972948953
1677518789
1663411608
840302045
979011270
686377868
1648604991
1739762928
1264150822
1221312116
1293026701
783510211
1697228182
767377215
1175796910
1666505989
1021130295
844758779
1693134549
1110245213
1371757771
1724963919
779776162
999450374
1672625663
1452563942
1552293210
822741716
1613810593
1643291743
1738400026
1741050430
1699313870
1411844292
1303754459
953246073
808691181
1650099757
1274563260
1527417820
1462397226
1665495313
1767063080
855634339
1684850953
1680128499
1710765498
1651375218
695266253
619693838
851647424
1226460681
1548872531
827745453
1750493829
1060224396
1411311577
1473453153
999929967
1747369622
1749576668
1761056727
1719735696
959179750
1510538297
1456650382
1772570192
1662765490
1655359535
1594557792
1765987894
1717869698
863820229
1028267249
1719615800
1730607495
1315445858
1674162652
1409359731
1543590808
1557416430
1511935873
1711974499
1729833256
1395923475
1496162455
1678955220
1707819485
1466369211
1717706913
725269388
977840774
1564866414
1763754040
757937816
715278957
1407001421
1677669036
1247277583
777187054
1690132786
1240790773
1709719106
1585581327
1394629214
602868589
803866257
1781537153
1771052596
1469725171
1393276060
1594799763
1344265132
1162475189
1179390592
815244738
1712336852
1357215659
726966041
1543708228
1399494730
1337090701
1564144789
1785088325
1093203623
1521549509
1747718303
1446908424
1303012130
1242483454
1775634453
1485421669
1506756525
1743984411
1319849778
1759140440
1775138169
1562478764
1617935298
1159951331
1534495301
1596086710
624690830
991255014
1483741216
1109368366
1186660961
1475449074
1754003049
1715540259
1700056239
940098900
1507086104
1712340644
1179614879
1598314867
701919664
1335678958
1310913618
1754569991
1273620777
1767611744
919873738
1690130047
1554908156
1596375059
1717910648
950445627
730890632
1164548141
687250376
1761518585
1165327265
958667535
983779654
1660846710
1707985365
1702622472
1712749103
1623029876
1333347161
1292678230
1750887029
1461067309
620527142
972538326
1177573312
1716643369
1683678973
1721798890
1756276007
1478391517
1736353466
774338297
1345648995
1367813824
1260158313
773796390
1756308635
1480419889
1093842633
908440762
1638674267
1658763907
951609107
846708594
1631706590
1716223086
1756976479
583063125
1742669527
770370899
1625392366
1137571139
1461373602
1565174117
968024414
1506318260
1695887278
708962890
1703334398
1718301536
775318714
777289607
1310841408
680441573
1358401471
1449404150
1492495208
1038440093
1521707532
1247050421
1667924323
1580966888
1029404081
918387552
1288904429
1717732865
1730725887
1734651985
1755606308
1445110450
1056312561
1154449051
1050005082
1747917815
1479617354
1196909881
1720911001
1563425052
1300579582
1113873638
1751109117
1028377513
1704138009
1751113417
1385097221
1740484854
1725909573
955274324
720712050
1648608005
1127178505
1511475433
1718667178
1440360491
702027594
1030307481
1085071442
1206383536
1763919674
1494851314
1614981055
1484058905
1594227139
1694458711
1681895426
1527704656
1638524311
1573839410
1758576584
1360445535
1716679086
1711722572
1726579579
1433071249
1781730084
1271546858
1088667655
1744878184
1752646003
1794458873
1643995170
1153739965
882201382
1087846127
1740182262
1210370236
1590109089
889301607
1094137165
1371671802
1507712848
1718309708
1674201892
770140860
1441095992
1047846822
755829060
1754363071
1267911770
680579280
1662823259
775206331
1675880339
884496188
1627172715
1059285080
1326373046
1752924195
1191679559
1327628869
1405405766
1727841018
1734745073
1666072064
862637193
674766644
1433435612
1423585513
757829895
1535926078
1466302398
872564916
1429598392
385985450
1762584748
1469701535
1135032345
1758853453
1030392979
1779127739
1162364433
1348816587
910663174
1467851467
947492486
1777750616
461166250
1018543526
1446829525
991161539
1092055307
1684709925
1419686467
792373382
1464842432
1696556068
1560711502
1681191627
1774803392
1796683539
1609035498
1310447037
1055780979
882582140
1187174997
1190809734
1371650329
1571950107
1682353293
1029787448
1717013497
1167635623
932081994
1127401859
1724111933
562531989
1041493981
1512129417
1738146354
970734938
1750644457
1515710777
1757531238
1710262922
1412835238
1587687679
964632238
1641982599
1119063654
1681433502
1648068554
1484102976
1755002936
1333276543
1756389131
1701387503
1470633906
1264293079
1779484454
1438415939
1217277353
1707483041
1619288807
937047219
1086274432
1317673892
1355660712
1552523660
1100788389
935147077
1717158765
1282292030
1499067292
1123281624
846049328
1693125077
633200612
1654520600
1515228527
1255809412
1539701688
1695503601
1049250030
785292540
1044819916
1425391887
767096018
1472410653
1056942809
1443111847
1727889605
1305767520
1209138659
839358198
1692668736
1034340371
1024844893
1641917954
882459452
1004331536
1697890133
1475439750
964875077
678207422
1079336586
1001613170
1477617013
1032314529
803112875
1232817264
1427329996
1524359664
664428718
1678190472
1134533130
1422072587
1685977242
1635283398
1024564770
1773117260
1504283134
1739665647
243825159
930940770
1655817260
1683371888
1434529795
1762950265
1205870484
1218046913
1746585488
819316474
854246884
1760972249
1520306278
1735579846
983871074
1392930709
1675930792
664161327
1454898389
1445723856
1570726925
1655372754
1422954896
1092946689
1569071312
1639909220
1659372542
1494069797
1252193906
816580297
980228416
1741785313
567729437
1180675788
817483033
1018352868
1645358320
1153163619
1446354091
850930685
1787843891
1502999156
1536623670
1670748394
1745145792
1358797244
960835133
1648287242
1567808788
969297862
1685862798
501745379
1426986821
1404486519
1603898025
1301288694
802198337
1617954536
1189545682
1638735259
1704170376
611985170
1013232730
1497223020
1352989390
1029225679
1282033940
925771022
1276454720
1732180765
804306894
1507691865
1383404166
1641086690
943285040
1735731845
1571170325
800870265
1710380921
1219811375
1727998086
1450133311
1343136124
1401776053
946553138
1039655355
1704850688
1119256169
1613905253
1560964408
1467966539
1672698525
791274636
1492785569
1517684565
1241516557
1616662324
884152611
1215770257
1741247987
1403131530
1667336064
1142231578
1631110730
703760798
921222510
731497298
1776873509
1641442114
1656140207
1598745052
1479894406
1724529143
1747386679
1523883330
1729769619
1174705995
1738795366
899143264
1334678920
1668816939
1221585070
1006956678
1255802291
1720721168
1652804604
1682296190
1741425098
921412193
1687304274
1479455973
464494101
939723097
1056393711
1342955817
1456139723
1194114831
1362913016
1449409109
1264788696
730317341
932844912
1656727959
1175846476
1538051557
1104839513
851303512
1412980617
1108510849
679875064
1540766613
1437881142
1043295480
1639401536
1678243097
1758183256
1011373577
1774771171
1656406659
1562037964
1022766775
1169471453
1722891782
779015999
1446575302
1591636279
1707420834
1770506363
1377167326
1774172040
1603081818
738781468
1667365930
628654898
1595853570
1543588454
1711838759
930282844
1011380060
1487459223
1248893262
946705474
1471954632
1569778612
1766885761
1752077095
1777871495
1451483185
1068504568
1064220605
1130276979
1468183928
932870926
1428971326
1718726361
1067227857
508155442
1668610077
742851256
1044074928
1582868979
1753702121
1545531358
1462305689
1117327198
1034682704
1213635100
856930500
1027825770
1677809507
1238929357
1694828056
836785862
1430489902
1230563283
1728430305
1692223376
1425297812
1358170494
973966267
1755631620
1666375648
1610078806
1704940621
1696220154
1526849258
1695411755
1548540458
1344649156
870530798
1567723720
1543630711
1747006094
150069672
910317912
1289809712
1555256451
1578819447
1481774072
872813180
1604442041
1581219456
1471041479
1653707062
1015767184
869770879
1715608006
721933125
1702331751
1725289562
1360567763
1676935004
1742806923
1551706683
1753669531
1639769816
1582870089
1760338207
1692356331
1511918626
1662228881
1739604497
1641078520
1633141865
740914980
1658226153
746791923
1137558622
1416846358
1397514271
672875073
1717019678
937923162
1551135970
671099895
912919698
1158712209
1580193751
650375276
1574659848
1295091542
629468693
1705723249
1756280322
1610262928
1758569717
1774018523
1361596191
1670678784
1412762414
907925125
1772195992
988508864
773797208
565878986
1683954361
1797434357
1762560636
840358203
1020682886
1737359156
956614423
889053518
1480680664
1762298444
1128423012
1016910773
1790452023
801335217
1209491872
1739243778
1707865251
1467729181
1421629887
1744661567
960712595
1702945220
1244788922
669334268
1580150081
1307205493
974134171
1152094358
186541301
919023383
1701904953
1796121477
1348279180
1040212834
1775173471
1485766057
1613965352
1327082232
986795179
1715037636
1059631833
936860690
1594239035
1536635648
1740193596
1292572780
1134023795
1791967785
1043401053
1001504197
1666659935
1343569081
588795457
1583580603
1782808817
1398987983
1624299863
1240614894
1452933292
1430215013
779059555
1440198650
1555924905
1366470342
1745160091
1506298600
763489386
602386762
1753175256
1723066083
742281533
1096051943
925354336
1466763243
535612028
1373433598
1740529860
1687192824
1540640954
1782931622
770589227
1686322924
1037714571
1683604715
1530023258
1678879895
1367438280
1163703745
1699149751
1456294774
1626043846
1460348895
1323783093
1414317209
1602375536
1292181737
1549802403
1765019747
1608611010
1694814657
1213017350
1232922506
1595744056
1567177519
1696273569
1574556178
1437330414
1646145943
1203005992
1542476475
648353616
1529800734
1774468172
1520515587
1762174115
1705775861
1050836399
1257848256
1626776352
921372642
1134933670
1671444065
1729149675
182313542
575513764
813237430
1248671131
1074208506
1653077925
1784474663
1764673094
1722786321
1712045696
1742114466
1351848595
1765070724
1274336636
1796847783
1513749125
1725792738
1710977431
1349986997
1022321250
1608844135
1711885087
1725376106
1642084296
1712344384
1163137235
1216348968
1203786649
1296099136
1290073380
1514614632
1013370721
1660610363
764188481
1385705842
1453310940
1472941051
1677115873
887927691
1661598390
244404034
1229895411
1555643859
1507350670
799326404
1757144511
846336877
1515450373
1743936795
569738836
1569338328
1387547008
1468279799
825414991
1440151651
955797278
686786175
1078130405
784824133
1765898436
1717692355
1703731085
1645997720
1314071685
1576757381
1586143703
1248458909
1458393028
929643340
1049541064
798087450
1049955276
1544612872
1767506118
1224347843
834832755
1517990164
1341584349
1736588954
883674456
1712360341
960976185
968057456
1793133237
1724722518
1226708326
1244453274
936856558
1621158199
815293374
1259076539
1036981169
1686395898
1767073481
1122245139
251243856
1163483769
1754632329
1593079340
1565766198
1360539839
1522334050
1169234863
1303970645
1545048313
1146764304
1757342659
1687454077
995182350
1441865571
1710581471
1563516022
1684994676
1304829543
1474378285
1727137685
1648758793
1634297382
1495604257
792293925
1745027400
1334378993
1088980504
854768185
1262105058
616659716
1246455932
1518817056
1337788005
1771453169
1455867064
1427763487
1715225976
1685149961
1542740663
1433450216
905383945
1268803526
1562957082
1513121987
1466603383
862958485
550514926
1782671739
677324576
1008262738
1430946213
263678786
1761200575
969101359
1771069309
1445013114
1752594357
1183259927
1161751898
256716141
1337954456
1110886142
532799506
1292027571
1745604476
1190024953
852613663
1693668480
1541969121
1697200159
621256647
1454236506
1737478891
1206288121
1598368463
1446593826
730383763
1653896199
994364986
1585656056
1015728380
535240177
1597709044
1757148816
1273601066
1775552326
1039823730
1042032584
1724472816
1149535833
1541762940
1487834740
1455271556
1648620141
1688154439
968299850
1419841627
231619117
748950600
1292643654
1672620191
1487722147
1748263265
1723352330
1772249526
1735448141
1280726817
1757898784
1664926034
1651365626
1772034418
486830674
1691741878
1180364777
244736553
902023278
822562460
1577813976
1610927638
844909454
1497739461
1719026458
769514947
1107921469
817963263
1443655966
704507181
1689433526
1669301689
1723429788
270251303
1775855890
1696167225
1420773145
1247535401
1289696492
1697454661
818503366
1612424126
1732867422
1731347767
1082445147
1430486354
1536222318
1732202586
1363371404
1761106648
628110796
1568688080
1747317917
1743083061
1378286961
1264681701
1604886075
1756080395
982780046
1453428489
1447913610
1323902839
897354427
1481775312
1685641228
1341811906
1727795136
1575755894
1665182326
1705568358
1764301787
1186928203
1643995808
837666804
1725440173
1757769525
1687802863
709561900
1635556256
1740574361
1575789497
1664261253
1375958562
1021839958
1330700197
841346995
1098603103
1525372947
1657162963
1694435574
1723355536
914374323
1140116495
1483656150
1656618376
1123438221
1381840978
1180643600
1155450684
1388644404
1727903096
620746737
520091937
1412739745
1227075177
1693255400
1615704237
1264840395
1716903516
1409375972
1411116855
980189188
654982098
1737139568
1220407671
1351274844
957168370
1664965999
1487598300
1450556680
1504254234
987975529
1059279676
1265223531
1303574800
772016471
1795193303
1693118465
1781734804
1433255415
838072728
741116905
1254672678
1660903772
1436661554
1481539368
1740167592
786199164
1368214422
1393764792
1653329211
1672576552
1037342190
1417276621
1795174783
1202323256
1416542410
1362369355
1737458169
1283990216
1664587024
1503728136
1163467024
1701663041
1609042358
1739017440
1215438836
1140094404
1428900342
1662801007
1528420867
1392765377
1712398434
1748535088
1730019126
1295486746
1174330710
536571457
1548300864
1694513150
1026206385
1687302350
1314391214
1775273954
1794459253
576700838
1546402435
1771174704
745487325
1582868617
1654656170
1708695151
743504577
1669383879
624553126
1468156707
1737911600
1762002452
1303946010
763136957
1686201110
1718990687
922909817
1428608754
957121845
1056017268
1760256954
1212724295
1695049364
956612845
681787578
1450784211
1697204845
1738858865
1581671861
1167862516
634599546
611689114
1475694905
932309089
1495491327
1072600826
753747380
1446128143
1649804434
1357017423
1488947661
577583069
1477749497
1014286882
986790115
1738279864
1765973196
873999268
1587362662
1336211874
1650065011
590761175
1489014572
1766064918
840486974
1380061727
722604431
798654653
742283278
1771643291
1001658630
1692710753
1658702326
1157645222
1364919858
932268885
1073053862
1407859922
1588166162
1777530330
1093247499
1460587799
1106653315
990904653
1746636587
590746351
1675313635
1213584855
1423728937
1464377177
953168543
1439060321
1783006663
1130569487
1635944528
1578178870
1772277603
1409113582
1738684269
1053106033
1067714044
702026760
1342738218
926791862
1148785993
1336316904
749419375
1034520727
1571577762
1506431493
836376202
821910479
1033827006
1622697284
1463530115
612766843
1640158073
1773336067
1372160020
1600310768
783990567
817797415
1545320042
1129775431
845362896
968997688
1758607106
1609769168
1565960268
1291449432
1080256324
1764943622
1246861726
1221130531
930829741
1522729419
986936127
742389307
1724038015
1183316471
1308082767
918388172
1634505957
1707152400
1455502715
863164819
1765085828
1784812905
1585774885
1429192149
1516635138
1190952254
1232488680
1066465828
945135134
1541868240
1249493000
1760819525
469755686
1277549808
1585401529
1504637175
1738453169
1755068316
1013141657
977405916
1778934152
1762212889
1167175175
1642150402
1318244101
1296321937
1040079639
1105331742
617799024
1441142176
1732293791
953682617
1495701477
882134660
1713039471
1200686952
1738695211
1543644838
1226218674
1119505959
1564499093
1316322249
936858252
1723645668
1747988722
251413590
1684949264
1690371810
1420025979
1458953142
1021899081
1159360823
1434284672
1007136720
1702760164
675413329
1546405264
1262662565
1023704148
1741744631
739523477
822409385
921141804
1347352451
1531682038
1069402401
1108796265
1563661130
954216187
1436143195
688324159
1427082281
1693741527
1676174358
1499873522
1613576231
1325971499
1735547959
1500995616
1482346727
1581474754
1417463774
1179428722
1187866101
1604628590
1088122558
1593419185
605345637
1069847076
713045538
1486249367
1769885861
1345686280
1780348303
1097754904
949568423
1066174437
1762103542
708131967
1676716369
965662384
1584801445
1649929256
931323532
1486139445
1251736573
920466694
953738744
1775982481
1689428446
1629868300
917329376
707347053
1501346765
987607292
784769367
1548581387
1657904123
1715681272
961158154
1497438847
1725092967
97679260
1686729033
634496764
1580387118
1691469998
191792070
1206299969
1413929039
1538048611
1213574445
1468313530
1543954549
1436217079
1567460220
1736881292
1054141668
1560700017
1031583001
1742178700
982785570
1022155908
1140860737
1777789538
933795150
1342130567
745357983
1778360916
1785986815
1574146814
733510722
1288033785
1708954779
1730467387
895242489
74904145
862959057
1769004103
1780835508
1715419736
1087854801
952764761
1736553428
1541510381
1400614457
1672318240
1547129849
1395219557
962217494
942380160
1078557705
1296749333
949140426
1550520022
1265282748
1192238547
1283809801
817892897
1481482098
1724984539
1254658021
1453560368
672687766
1561243644
1504635175
1261555470
1763980921
1738684940
1497104910
1133780224
1762011936
1118208506
1734271747
1780092855
1698108609
1584334671
1690601329
1678184342
1490507214
796100542
1344745168
705497700
1522571687
1025521200
1064266955
1697806223
1539661891
1723348556
1073989816
805304942
1483359504
983868046
1482510067
1329424882
799809168
1523267682
1679160009
1590629472
1550535966
1776690632
911706009
1739265562
842716946
1348817557
827742615
1094139201
1707878985
1546521015
1598559431
1033128990
1703608670
1744815454
1359315979
891639268
1653769548
887926465
853588901
795347486
1748705980
1766737304
710371334
1134814350
1754223358
1138969182
1156937234
1177872158
939925714
1525815219
1506750884
985408169
636981959
1420572467
1162447733
1469335377
218493042
1766977870
1199782707
1487164388
1443669992
1545859247
1557774929
113210220
1643546289
1534959082
1308914856
1729000468
1616483975
1228999099
1147202153
1724667535
1675518526
1100859407
1418708573
1159876654
1427186754
1250615977
503937248
1616053420
921403951
1531822297
1760763849
1091756111
1462247950
1529958106
1242637655
1737890734
934601028
1353274449
1142119176
1712683350
521653077
207413056
1447653584
1021894289
1744266074
1629695676
1629959003
874218206
546530747
1152093354
1394374238
1219001045
1433696691
1737513231
1488199861
692498038
1775004715
1660792403
1751086294
1277193117
994055214
1524755278
745358557
1752225220
1689398576
1057442806
1281874545
929042793
764189427
1079914138
858635827
1590915350
1762636584
1717185980
861528608
1564698646
1335342697
1326029361
1063380873
1641170278
704946191
1201268351
1764983292
1482936320
716264456
1241503382
1285305664
1602996504
1763174940
1553003103
1738823662
794539919
1252525718
1391901776
1680851522
1499155048