1499961392
1530681230
1477125351
1659675877
1589986966
108994786
1537872144
1159675367
1631897678
1724881472
1760878084
1747747016
1670672561
1587360093
1059213032
1487959467
1033225669
1774829659
981356249
1030282596
768929935
623537746
1781224285
1644810038
1217043349
1770253256
1397730310
848494847
1270206143
986411268
1217110993
1216067266
1079059378
1628207631
1682158339
844339785
1193735728
947414096
1790434685
1711781570
1267066269
1625500848
1174657223
1197126535
1002207565
1575862477
1748856561
1736798346
1766879497
1765107391
1535667010
1705365934
1428171787
1647986784
1572041623
1481389341
1626766157
1707205376
783822924
915177354
1570412123
1003964700
936172374
717634890
1704865933
1715204510
1684443177
962924854
1412853491
1722828882
1292152530
1603184710
1512533100
1704626485
1060875592
1580449705
1777729237
1772734150
919497606
846217061
1691098073
1518567290
1748154397
1515449239
1778596989
1344945180
1614600092
1409877706
1212753483
1742621993
1690931661
1494280178
1431753062
1760062282
1404027393
1095997655
726498710
1768408305
1704657463
1763586264
1739818092
1169432327
552768636
1339603403
1074291765
1614881372
1214287745
1205182532
1706511493
1732658979
1796589863
953893530
1659877255
1669120017
1780633543
1493318544
1318002394
1550919533
1048699408
555571633
1200325093
1199812706
751410173
1188294411
1662298192
1650136440
939443246
1780237501
1543547027
1182031923
1587154266
1657768857
1559255543
1143564869
847441957
1719539939
1655945362
737513754
1754984636
1785649627
1434574691
1579177526
1581684654
1726198068
100438544
1464644738
1703254356
1741819096
1258450575
1108385909
1770150379
484828289
1556359303
1199566031
505169111
1521662076
1480955419
1736016829
1709218817
1729750355
1614833924
1768945643
1676622664
239783880
805656458
1495804003
1625511198
509366742
848878762
1748491994
1477143128
1080030537
1113239875
1649317698
765124880
1393688134
1760852862
1362558247
1337184025
1702398140
1026345704
1589189542
742688891
1183638057
1704120366
1089358929
1120963740
703485965
1293490070
1758900137
256751389
1557139347
1748750830
1572985586
1651955178
1001758191
1084858576
1631425500
1342425197
1659338035
1683709455
1542270813
1214587045
1428726588
1499101777
1202032448
1307982758
1781102122
1559133176
1480885870
1010902111
646524620
1395519202
1760175541
1284801710
696299654
1683117700
1241803962
1550349807
1433166301
1346086563
1458000856
1415245224
1218256231
1627571705
1689663149
1029310104
1765965505
1598855414
1654413237
1653447026
1272559747
1703800611
1489253007
1512857788
1584117458
1751838269
975858435
1223013983
950356374
810420034
583339709
1263580826
1559087295
179556714
1690248787
1101615692
1253811114
1245217818
1756927887
1499153885
187699982
1172516856
1716436805
1717482115
1273185559
1180625579
759640203
1697194992
1662712273
1536409202
943625337
1548602908
628930928
1765565961
1495080097
260726134
1262388525
542478758
1739216909
1027371088
1239801708
1650313467
1739917650
1038185253
528299877
1729416034
1514071595
758945766
1288037270
541827622
618174687
242054232
1436152696
1552834543
1725972350
69043098
1769218606
1504586686
1628077361
1065252254
1432655140
1599758810
1563425820
268945713
1444239488
1747325488
1266793667
1495708569
1501295342
1738351106
1399827458
858328323
1526747312
807609300
1768386192
1756228996
1400353184
1074151436
1763329942
1114271150
1662395788
1717332663
1673663748
1691321624
1730283734
1645773442
1517612215
1316927457
1472447905
746473586
1752753877
1334573069
1273643103
1632592365
1678560665
1591875874
1760290551
1671631518
615312510
1546824947
1270148211
1039827031
1519195632
1318626522
1570823417
1555138058
1675740808
564400352
867647807
1715059720
1613907049
1780508284
210028521
1036909591
1496138312
1551902935
1555755128
1678942643
1340498411
1730508136
1679743559
1458747007
1760612549
1656303887
1762975189
161636252
1713690472
778385449
626918643
1081007632
290332205
786978284
1752724579
159511358
1519125247
289026017
1030324900
1363777402
1648292036
691963316
1194275252
1640513015
1440388201
1512613433
1530933529
1562666734
1758904213
1394071402
1728028970
628779614
1589074615
1360136116
1758668805
1476504298
644231163
1068596566
1320802574
117829334
658462717
1575666705
1252999261
1568550563
1587372662
1733577813
1787559773
221595026
169744611
835240171
1000456111
1561771736
982446121
1314686863
851534393
1253465980
879770112
1305862456
1197544455
1726296491
1790602241
1563601765
1146613107
685565693
1069726030
1552409750
69568449
1501035130
1747917824
1597674675
1046767301
466129361
1679965378
1200145546
1763581236
1482986516
1358391922
1403950339
1778433823
1044766176
1627848491
1077198320
1531197445
1715144451
249569497
1791963319
1085500348
1402383607
1283287311
1158788834
1211857414
643205110
1411598245
1690417258
1755633188
1332124852
1528562350
1593473102
1744254114
1530087523
930388758
1196737024
1690785488
889571186
1654646516
1750902082
1684555875
836162912
1767468967
963238391
1506565701
1642901934
1753549610
1659465296
1772812907
1644698896
1035172751
561837415
1171465024
1612312819
1266958091
1560924398
1292836049
1446989311
1110722861
1216335956
949966836
1267557531
1737361262
1649012895
1538713196
995762883
1748226656
1758936427
1693302223
1789635909
1324609898
1669361974
1513069759
1433637147
745589261
1571125501
1518493755
1552234808
1586743477
286509319
1490498848
1777988766
1745657173
1230007771
1749522399
1212929425
1681641260
820114715
1663762159
1343233152
863286271
84147150
1330526529
967167649
1566313056
1695175356
1516968068
1441620252
1587264667
1755093315
1050937207
1583638797
1229990265
1637085372
1712640622
1660855785
1668079743
1691954402
1439710692
1121493059
1399848746
1755852343
500494301
1769490911
1776498158
1729410738
1697889538
977519718
1474984486
236335435
1747489718
1523001058
1100276024
255402027
860952038
580875945
1595834146
1106715519
1708596812
1779113015
1496578733
1656104355
1138438345
452066138
1069862003
1741061396
1497874818
1407789472
842402888
1779800687
1193843456
992058483
1763307534
1603577578
1603576808
523380675
1506844722
1783136755
1758295549
856438121
1679549162
237252308
1486503266
1227106870
1005724005
1461405224
1623991859
1427600673
1693471065
1020662131
1610612924
1265872731
1223876234
1644544989
1075768725
1759540527
1592216036
973917179
243310201
1714020081
1209553663
1680060606
943209940
1536416964
1688213029
1532986101
1480924487
1666211907
664254923
1694385857
1265677216
1552568359
857478469
1739891157
1749725023
1362289615
730035467
1468403009
1267217946
1760387932
1700018430
1109609416
1750710828
1035552720
1592223697
1784004869
1105530780
1488570593
1512547273
1485054896
1626850501
854999172
1776125869
1770124114
1572691290
1730893915
1538997147
1683686676
1123575716
1572742028
1715393548
1735289288
1568795436
1313299418
1256532739
100439138
1292071713
1635802273
797439759
641653356
552322752
1558690277
1591989729
1315072100
1081435158
1759433306
1569753605
570742948
507033964
619727781
1505038002
1512022854
1228235439
1743145110
1598582338
1525545078
797071279
1681072806
1680992566
1759616490
1532793838
1752834104
1459587545
1258669042
1488169797
792681967
905727924
1700296713
1546846669
1210444876
544657292
1733165742
1146495951
1691325821
1529366326
1746293882
820483529
1415122389
1519661745
886370239
1701591101
1726342818
1054644511
1606057617
1358342198
1663931442
553877187
1635623933
1294446050
1707240071
1600104583
843459829
1124405135
1313655726
1454472421
1640279421
1646946221
1274419165
1758750868
1181441612
1600932003
1475191789
1403442724
1780803625
172159052
1288210379
1747070076
1791213429
1769278872
1423714114
1578213345
1171391962
1035684640
1060757620
1750725754
1384817513
991095918
675719133
1753011416
1597251547
1309947597
1370168715
1713581141
1490467566
1608405205
595139764
1683462277
1723115509
1575412683
1258314718
1792013119
1565203938
674044787
1783742145
1411609914
1399136398
1419112203
1689974653
953039183
1505189358
1709975945
1675917968
974822210
1741993538
99270102
1122443195
1513401267
1514790096
1258082205
1697790550
1366906952
1261606024
1720926074
1079302131
1310219035
1420539423
1727376766
1777510582
1335758466
1396414210
830425618
839522917
1312470877
621105846
837623552
1497658021
1774911396
1769625983
1166573991
1772514487
1051516352
479737320
937990632
1364525449
1706284664
1686662019
1649413331
1194204630
1386439201
1282428783
1574393931
1624917423
1768415684
793718545
690416710
1373529058
1224240516
1716093243
1645763890
1576995606
1753661684
1754093132
1466980562
1057131997
1195032953
1780496842
1735593504
1056524579
1293127031
816232034
1484282208
1558099114
1496451421
774720762
871244018
1768521064
1531202581
634018925
978240243
1687691243
1757409090
1507830709
1446443142
548206116
1079086418
1680059121
1740301518
1507764143
1516769594
1740015759
1370016706
1298918942
624528202
982859307
1190525667
973411310
1334182650
714963014
1224784498
1521363841
1555659829
1744344713
887625116
1012719896
1525286604
639741057
737716494
1576359597
1742894091
1760299851
1254270504
1406981622
1561098260
836552385
710860341
1716411279
1762349949
1083857353
1313922997
1517136791
1741508657
847439710
1159234855
1631368082
1221554682
1647378355
169726946
1376296732
1778918018
1259670920
1575769606
1097779310
1505441933
1032476930
1243129057
1676874586
1568136990
1656839038
785183232