1469662003
600172528
1295142668
1521829143
1590389763
1757421002
1077645048
1734265601
1670237747
1709057825
1566287331
1552097091
1694747605
1563970265
1715310494
1651727286
1550545417
1746218848
1475367249
1178087626
895836438
1704565385
1536578754
1670766239
1737376195
1475932213
1301959869
1761611002
1467330482
935386132
1698304115
1473970428
1411548172
100241636
1704102868
1782725547
1705439801
1072881399
1688705239
1042101342
1688724265
1765216057
1319042497
1684456664
1760062715
1771579953
1646502096
1704427250
1739726230
617910425
1739842055
1763985868
1478356605
1720078446
1651074999
1037333998
1625591829
1781282879
1313003358
1249804868
954797812
1318979687
1685983784
1022535527
1751374496
1080834665
1027377716
627381660
1019520400
1109962495
1558106140
1632492355
168938226
1606579126
1579862416
1033899118
1575571050
1127347613
1748482257
1008523962
816615406
1370949206
863294970
862147072
636249314
1603052011
909602807
1766233967
1019546706
1031941451
609808205
1045448939
109006184
1436561083
1340238456
1561582569
1541705859
1651724154
962565326
1760411436
1771962730
1752386943
1570036933
1731610150
273032610
1655725769
1698841336
1772429609
959481553
1762421982
1301764100
1440061954
1640186046
1436559673
1294123667
1081395155
1708070709
891058336
169025004
1782782481
1602203332
697725282
1569054502
1428973232
1695129816
1785169965
1480071561
1666010792
1128495141
1515776772
256364642
1776052375
1598075068
1653742999
1638956390
1489518559
809110333
1752494409
182676087
1349130577
1715684661
1616254106
1507535170
846465699
1711264219
1552999412
1695701444
1685804712
1000221513
1738231293
1748871768
1707596635
1700151397
1568519797
1766725420
1549970321
688350965
895828477
1537956552
1772418980
1715651129
1324488857
817043188
1293059723
1017592780
1732675259
830939497
1542734629
1695828569
1770537229
1221437854
1772435508
1698950007
1780801682
984281775
1718249263
1525877322
1097149272
1749375427
1030436516
1556291883
1212040691
1759178032
1629769691
1760733476
1634401799
123961274
1189609109
1084831529
627943783
972195823
1705760660
1473198186
1654691656
1719682257
1368549447
1668450013
1413902263
1731709010
1560124315
1703055699
1711082709
1462988803
1310413262
1698864794
1539797382
1640164813
1524397533
198943244
631858224
983072844
1550546755
1505785754
1220531161
1720721789
1653221561
1691804340
1483408591
626378499
1648727791
1604533835
1422401214
1442695955
980414026
1644962521
1693636369
1721615274
1492557714
1734264043
1715823059
994140493
1200336078
1497477124
517891688
1777259326
1484858474
1761630637
1705474674
1739321386
608149313
1718777959
1726440998
1769411672
1772587315
1704586258
620575936
1475735247
1711908534
1766411230
624326215
1550601663
274429004
1766344061
97538463
1757648313
1031529948
1687488021
1352694457
1695884858
1708538576
820543119
1336667669
1272034663
1778630588
1737863874
1692348159
1758589872
1464155236
1671740177
1195511161
1145243578
1479901309
1750244146
1031295644
1693318178
1479605884
1417571099
494979460
1530656042
1553037710
1730381457
898779761
1543256317
1525928834
1704880575
723019223
1604477186
1682421624
852916288
1592926058
1542583891
1520697095
1437817491
1766642726
1195931619
639346601
1718785669
1525003081
1426694806
1741492118
1775535006
1676660490
1179710126
1487590993
1737566200
266002492
1251568763
1732868959
1506285420
1488535559
1193692849
1758061910
1306381956
495000528
1661508455
1399760262
1194232543
744782163
1488178381
1567192373
1488175637
1223358605
727451138
221942200
988100119
1722453220
1742122484
1590785008
1772608771
1236054819
1204446771
1239520603
1597359100
1456677030
1014761031
1773697089
619579158
1696160082
1712387866
1772153384
862580546
1781183475
1579723492
1747434502
1718186876
1791912937
1710057639
1489924432
1737124488
1341763742
733977815
786163375
1482463443
1537910364
1113015082
1428349321
1450531545
1482699097
1664800964
1419600413
1546902638
1775783082
1215400046
1391861230
1451236122
1688701831
740520661
1074507931
1646245859
1782543252
1732861819
1540892251
1234426624
1080794181
1498635268
1618282515
262853827
1287327114
1300271645
1497380717
1208822372
1783941389
1770204835
1696218808
1465309026
1489518845
1305738868
1536518360
1731424353
1360595805
1740293481
1708541812
615135463
1703286812
1571701257
1510239678
1695567300
1689869833
1718677472
1722075254
450616930
1752032294
1748706465
1363322163
1035446781
927332785
1705194667
1775698692
1748628090
974576286
1609927222
634467230
628556558
1315136510
1766589185
1719127295
1728761439
1749665345
814458323
1552776228
1019379521
1517402324
1784124623
1565687243
1729416622
1732213341
1568527069
1303120087
1738616069
1781675742
1606089731
1671740383
1452643538
929620026
239762090
1716086907
1736360997
1771103777
1701465645
1743205797
717055832
1495304600
773108307
1640736761
1707833469
1019261942
1663020178
241157875
1464152732
829834622
1780317419
1567207597
1019386330
1182413587
1768293018
1489518905
1440056436
1610594235
1748638066
1708557254
1330453110
1053498037
1415642281
902803075
644015256
853904923
1576985368
925298268
645001300
1623265489
1087877788
1452685872
1702749179
1548681525
1479269081
929663062
661143958
1225470183
1528104192
1720229302
1187490258
1002148954
174794816
1768401296
616998469
1752035127
1521129408
1720077218
1694954838
969068707
1633367969
1770031564
983740506
1681320173
1770923181
1576629713
1690769983
1443306662
1610588383
748529386
631836832
1258027032
1794034065
1634508783
1696905128
1073959004
1315718241
1488442288
1682801317
1739016624
1784333815
1364414783
999524677
1435549780
1599607621
1752033233
1739285498
1756190144
1331393221
1745389447
1591211811
1161565902
1732862897
962564208
1591213447
97997056
1378650283
1319727553
1232621076
1780799318
1438490153
1708760640
1770081991
1506726117
1795103831
1367017862
748607122
230251473
1005242274
1710356218
450442596
1022601752
1794670467
1679374061
928785928
1777274651
1741577628
1659722786
1535629027
1392739599
1182788266
1673899351
1318525400
1598075952
1191048179
756420213
1768140383
1694523234
1034228499
1758880020
1660182406
894418124
1706488565
1752034147
1567208943
1637031764
1656120661
1782303590
1271620694
1575229581
1253531319
1689429652
1755927644
1704560649
1452916000
1313585622
1735413292
1373461835
1734438247
1768554561
1774210976
1708766854
1741129125
1779628917
1659719256
1452098199
1740917342
1760601797
1700381468
1268850261
1752052096
1543237963
947644499
1334813460
680552751
242799048
1760609642
1284925889
1440006582
1755807938
1664850865
1752570783
659190572
768488296
482739841
1436636311
1644945193
1703287414
488182176
1372565746
190735595
1719034680
1750287751
1767433977
1780959396
1508499478
1774390203
941993224
761785278
1743283195
1613106153
1709365383
1051615615
1781689964
1769282921
1607773736
1718735636
1097274168
1782078351
894700007
1695181668
1694148269
227485308
1255616558
1091575041
1707049255
1780345814
1087075021
1450367635
1708921386
1466173372
1713814657
1075729401
1538499096
1748520865
1688911303
1502629571
1774152085
831022189
1765042464
1685978104
1392000703
1723600518
1731818985
1531000339
1463606970
1337149559
1738808434
1362954589
1760593716
1436119226
1087856564
1728026756
913521129
1606317495
943598661
1145068710
1714363568
159813779
1533361163
1790524267
1795722489
1756589981
87649254
1724567371
836162212
1772792002
1458209149
1510410953
1754602270
1223120493
1087859806
1555209040
1428679852
129787069
1679471070
1221192841
815070814
1581612940
1741841570
892065814
982277135
1430306434
1192499217
1605406333
699786633
1710173196
1791471823
399583323
1780625565
1255271073
1475664912
1422386262
1729240414
570932453
1751321417
1723689678
1590477344
1621182732
1727349750
1772594509
1789325651
1676794637
1724913272
1044274068
1252285945
1747448153
1719896007
1704104846
1763311904
1640893156
703915014
919596614
1636910636
1743460488
1397156032
911401482
1388154120
1701500454
1532175636
1500051207
1522428681
1722257514
1585653789
1210425147
1786730255
1760398286
1255779140
1528271158
1710432186
1752998539
244514135
1654354837
1425789887
829835340
1757315306
1569634550
862081966
1634613964
1774391868
874344510
1508506426
1786389417
1455834525
1756048118
1425206053
1296459572
1446676194
1505956139
1728016327
1757510838
1776925326
1173292456
1578538700
934874628
1647788097
1795471009
1681241150
552069568
86879649
1002734333
1466475804
1709068973
1777628022
1695401372
1346439585
875474365
1553025736
1605420689
630470454
1399927799
1642924713
1708215248
1697336949
920094487
1473648729
1391883090
1648728483
211598218
1774947536
1404631276
1466982646
223540492
746537466
667205019
1760640651
1208727185
1772240424
1682799869
1061093213
1709964218
948722696
1715563434
1324482355
1558250652
1760099653
1733002754
1731419470
1281934622
1351646742
985598490
1704578883
1372258075
817975492
958805998
278948878
629566827
745856737
968671693
1587859218
1645414980
1752110927
1459810563
1656122627
639261194
999533541
1580145109
1781996583
1044161395
1689361085
1338872989
955370054
1687018534
1464503583
1692755998
1553028610
1778632000
1671802858
1740681932
1468783955
1736395900
1528137867
707256217
1699874721
1769493563
1552973083
950512674
1706143445
1770636082
1716241766
876561988
1105319782
1716851059
1704399019
1739774531
1707419005
1698993840
550698474
1348372410
1429569284
1590509685
1668847531
1078601143
1189370321
1748695641
1149158240
1785825887
1377328334
1718862394
1460597896
1752336942
1751118726
1296338407
600639065
1671986663
1607171632
1208643130
1434097394
1721588159
1345035767
615144661
860215304
1461264883
1747687678
1785274593
1584419734
1048413056
1591250308
1051598296
1222582433
1746318736
1731072501
1767083724
1244928150
500525441
871807501
1431067412
1549378082
593311921
1487163428
1710073137
893249251
211019814
1191700353
1685598062
1725873117
1304303810
775273623
1685987294
1771875410
1727897526
163334033
1636874126
1525273239
1621886085
1253776631
601153802
1437813979
1774522447
535767682
1611418690
1772613513
1264259716
1261501492
1111126936
934206592
1780447449
880547791
1518806515
1742911097
1715381845
1603999355
925994547
742348010
672029521
1406085443
1334882882
1511710159
922682202
951870897
1701501170
1449749130
1705682442
1169810883
910577832
1703950117
1033341359
1720798394
758246157
1560804364
1634560418
1784224063
1397937568
1744643290
1767653252
1410750460
1383614728
1709390799
1692153309
595966666
1718778015
1093709817
1694984404
1675807176
1666149423
1127271757
872906169
1489822614
1041007590
1498291407
1745165350
1793150739
1781949609
1275100601
1423998232
561876862
1664125800
1783868555
1740969020
1702897243
1757503602
1501258040
1634558158
594888502
1735537688
765748499
1657782619
1559611073
1777586692
1696297252
1781741890
876571337
1761718002
1465079704
1244873907
1730396445
1630768926
1692925973
1513712776
1783024416
1445246091
221470897
1619539377
1725545407
1569918731
195574631
1372602082
1768243777
1392346654
1653229470
1554616456
916496996
1437827241
1405961834
1774430382
1667901652
692515532
1742009067
1778166703
1538788632
1212350317
1755437510
1695984214
1459994884
1267581372
1512851350
560219077
1596682786
1468638748
1706386871
1505553489
1422384134
1740278845
807596669
1511423027
1155161398
1773517512
1473649413
1563184746
974113990
1643927432
603844612
1482463547
1763461024
1782490220
1200999758
1758827733
1182485983
1411959141
1493136826
632293871
1766189237
876301398
1687284386
1485602831
811659797
1415943587
1556236264
1783660373
1575943457
1172527859
1664237170
1704583426
1760649971
1434838038
1793186011
1696683581
1791344923
954759438
1562442905
1358382365
1616920673
916531418
1075927205
1582981659
1720199145
1640720241
1308158312
538441817
1598073460
530179019
1736397392
1672627392
1760538434
642381883
1706980946
1549116372
1717478475
879721581
1713706184
1209533369
1469786804
1362758932
1448510086
879141209
1734359058
1473491805
1551310971
1114026848
187766852
1659224587
1757649693
1648731327
1621107735
1433794609
964580999
1430055959
1475254744
1301775180
1683757277
1762439816
1591039895
1663524178
1363313517
1707048136
638589249
976572359
881400948
844518978
1253714180
1425433180
1722325504
1190631688
1769207776
624804177
1169692785
1358918185
1498557658
1652170606
1371247886
811727088
1482449995
1778383514
649800593
1643082366
1782308601
1757042127
1707545146
523166866
826663942
1248200921
1446273293
1496177281
1780505374
1042978464
962566146
1290972702
1695405085
1750966875
1730318652
1270805300
1725514905
1777134450
1676612618
123679149
1193102197
1693616324
1339621171
477682218
692296184
1696629193
1699806510
1683610688
1028170886
1677287402
718451044
1725566475
1504232648
977265621
640425907
1444629953
1384945861
1768237443
1736508316
1079134819
1571280109
1785128159
1228331040
1643717010
1117171755
598265148
1401533177
1191099217
1315263556
762407655
765487338
1778732978
647232344
1035593455
1675911070
1302903275
1528116037
1425818590
847255004
528054554
1176477497
1228497791
1734436615
1741553596
901588454
919608680
1476286094
1760291132
538539612
1307804959
476351468
1465885174
1561634877
1760621189
1052733637
1743645555
1327761872
927774478
1036916606
1148767272
1650155838
1278904348
1659637801
1760330330
1605607268
1773422562
1394392652
1739982318
1686914890
1413730956
1782545095
1717568235
800195125
1325979993
727671367
1746600638
1736890127
1295167675
1772304088
1026923504
1297972615
1602217960
1689646995
1788280693
1168878931
1601551201
179939651
1727604214
957939777
849288429
1297830059
899591210
1711599652
1697335119
745294451
1479790303
1077355987
1184721243
1585760172
1416986706
857589808
1379926503
1731873697
1770874863
1677732990
1438981209
1714975336
1418865562
1435609342
725301600
1327844067
705661796
1698015686
976536275
1179094530
616618517
820683242
1732239147
1179903690
1495580708
1740024884
834819020
119200291
1542254171
778064387
1407859829
1797667493
1396959178
962567678
1779629266
1444395312
1611084197
1590304344
1253034175
1511380359
1647646886
754460869
1048543722
616686010
536983099
1794870327
1625880561
1221539449
661584729
1346928023
1785822651
590339962
1063543272
1338154481
1664793487
1723940382
1611113798
1496544693
1729971227
1432070325
1227333681
198412593
1637945428
1413552320
1694567715
1018740668
1714534758
1046597966
809849769
1504074909
958219726
1310640984
738173260
1735767174
709126331
1213240323
1303170217
1724493476
1500950100
1399950589
1101509521
1546053712
1713591868
1177539905
1789693111
1032853925
1728374943
1715334619
1031753170
1785731733
674693622
811078299
1401322039
1778402548
1315603999
1425317220
550081969
1698323687
1593289296
1527835583
949744054
1133312813
1154042722
1709086137
1679034494
1634687057
1480204096
1638019518
962554496
268147836
1718523720
623462171
994135249
1474346412
1494519571
1369103107
1706614713
1463790570
1041444568
982274695
807254619
1724314508
1383214426
1720775892
1483619589
1759531924
1722023572
778080963
1636213949
1662148634
1780733864
1454562442
678943923
1785730979
1399854176
1227273274
939133176
887757769
974479106
1504028089
1718315718
1708078179
728595863
1523503334
1224696444
1195162326
1090161284
1172172255
1767785388
1757964312
1738781488
1111547817
482093777
1786106259
1121381661
1310770753
675492082
1769078207
989584357
1659666102
1577672714
890724675
1179435901
1562908058
1718185276
1497689316
1643377794
1463361752
1219798059
1591182927
274070220
1646911948
1490083921
1509987515
1417288755
703202626
758417389
1433616767
1532712518
1687450923
1064518509
1471762194
1371638108
962566616
1541384125
691238168
725863644
1767971317
1067359536
1784141934
1368145317
1419015263
1271420019
1777630845
1780867504
1582181751
899305649
891105028
1689890623
1706913989
1647083282
1772014604
1691138566
1695402927
1794108073
1363321340
1050037720
223007534
962600982
1774190323
1677717962
1531588591
1350140573
589952473
1543781724
1758018166
1159008705
1251236466
1677633310
1466021444
1685988032
1462978626
1257692138
1485324443
1741133967
1766411354
1553494224
1331724985
1519239843
1720524605
953501959
1217569482
1742105355
1598801801
1228000632
1029488503
1306992652
487502496
1681927616
1198413890
1229542876
653190869
1482732054
1754705750
1502327532
1479325882
1560390209
1470703700
1732195703
737763453
957047911
1489675431
1250609096
1507967884
1678176740
981213981
1315804853
1745497649
1155006127
1778959742
1751631029
962284211
1198083868
848032058
1634855798
719589518
1751376914
1685101085
467125714
1628594433
1778399124
1020599798
1716346234
1768073642
1228553694
1658936983
1739668781
872714232
1338280529
1066218625
1634556154
1170569007
1669702844
1690418283
1685397169
874490766
1572007836
561290722
1076900216
1483364364
1652368611
1757399290
842165117
1199953877
1073735374
587382841
1157706065
1701550510
1450046276
1249430868
1029028311
207810579
1777383278
1684905454
1417331452
1760799514
697720302
1780386222
940916464
1782854970
1387099285
814775634
1597478470
1245768656
1597172149
1700783928
1730296232
1481695799
398527085
1702307474
1780832510
1789589315
1661257463
1779600486
1220827960
704342162
1797002355
1578778080
1735985385
1481741489
1030027162
1593675603
1174709957
159340815
1327845031
1715363124
1518382683
1035881187
1675252336
1717925546
1406210681
1177194576
1443256970
1640745280
1618953346
1000773120
1737497817
1528128271
1770361133
1189330522
1659715164
1759037442
1612233547
1736644717
221950805
1702354686
1098477283
1718937538
180248683
1132282866
1493091312
1245242910
771750248
512006016
1759229846
1246029631
1749064546
1045477788
974083437
1015067016
635976190
1475250734
825727057
1091672694
1734654394
1774767990
1409550264
1791207175
1700115165
625861415
773175414
636993164
1715684095
204661033
1143741061
1533149369
1720372366
1675974912
1508854451
1700836573
1037650718
1776613887
914884267
1650714850
1454520520
1790249417
1715351797
1696405687
1676830048
1337976805
1690114016
544588886
882388759
1686849882
1234800741
1485697483
647741652
1462826178
1524984935
1455133361
1493201882
1631711516
1435744684
1560320334
1688447331
834406369
1489518661
860870203
1101456048
1741308827
1317759347
720278277
1404503749
1790882345
1729173925
1796537319
1755358033
968265702
1288176105
1719605520
912605019
1749641788
1793122629
1473278635
268275051
840362150
1478304641
1700150233
1775562981
737173723
1759114569
1650348437
1238853566
1061956552
1192249083
1199720537
1346977173
1517707412
652796917
1693706413
1768830520
1747750680
1761386392
1567220456
1739164083
611010305
572679384
1175658382
1717383276
1384050552
1519054605
1097932042
1309369397
1216673178
1686721992
1326970889
1630672659
1679533456
1760768761
1248964878
101251705
1298761075
1759650805
791787796
1528986341
1732131705
1327860906
1671526232
1766922774
1094472776
1483590423
1069009111
1652575120
825627613
1503266994
1014654241
1750764921
818842868
1206865435
1796382099
1491834389
1719924270
1711402390
656912844
951059367
1179119830
1198923649
1437935692
1714318502
1765026222
1510859579
1596425262
897821043
1755344058
1064469935
1018897895
1308118492
1444638607
1523337285
1603769703
555663327
877791442
1433857187
618766031
1488448846
675932680
1673858056
1629812851
1184433518
1124777131
1719897231
1700673237
1308880174
1403245456
1727979104
248665064
1505804726
1266761199
1556627287
1655179969
1326104630
516605622
719243686
862096882
1658761336
1069641955
725633591
1438193337
1397602453
909991970
1064875378
1654368072
1732254239
687271630
1698299225
1656610958
658633514
226463389
1414027328
1755818112
1470531706
1585021474
1100326146
1652606485
1549359612
1279474357
1377632568
1777111040
1442900621
1670586549
1633860435
1777831807
240676479
1623053515
1749720929
622678933
1717478267
1770653204
971019133
834490848
1296273517
1144622958
1477273286
1137154328
1443346155
1580286642
1228285863
1660726928
849717838
1108220161
1381682640
1665558289
1461922803
1754414977
1710695481
543667326
1520490209
1673502915
1193824398
1193701694
1715679407
945300844
1231873186
1723709816
1767553958
1187694901
1736363403
242937605
1559767066
1781339747
1790350335
1483028004
867904007
1481924831
1743829797
1064061254
1332491985
1756485026
1728715770
1150647794
1668636140
1648011263
1782334211
193852220
1760665428
1504976824
1351754888
725750860
1526375413
958924913
1228795169
1550266719
1349234846
535270252
1253988137
988286082
1786452497
1685959404
1723687880
920709419
1220724532
1500284334
1513712291
150335623
765591309
653603077
1771442397
1119359228
1467425202
1620948370
902193386
1275116911
1000944671
1594007816
1724540117
1711079688
1788922815
1659066584
1223265712
1449513569
1792313173
1133312293
1077846978
1429576474
1505508973
1504830833
1716982878
1214664241
1576939280
1778185936
896401860
1465580002
1714308733
1317147041
1094560397
976524685
675614070
1193962244
1080802814
938321878
1087806973
223028890
1786489665
1749127270
1565296352
1474350266
1517583219
1796389721
1007305484
898951251
627795658
1215285269
1371898831
1694929934
1751059906
1700892041
1215805189
777743829
1014756733
515598320
813995048
1760055973
1695136566
577648692
174159343
1736355846
1191951849
1758576212
1271912742
1594835769
1758686441
1464200650
1778497613
1269420358
890167696
1696561027
1664439162
1248148048
1545786034
1513217826
1474387808
1227441496
1775624503
805381550
1511937720
977033157
1083475509
1360230806
902188826
1736713723
1771333763
1717717046
1612598367
1729224909
1774189155
1763397195
1141963594
1763969796
672050863
1161149806
1685702467
1746753074
1721754638
1327459406
1677463378
1753286380
1245027392
1125128312
1626331527
1769498239
795769682
1750334436
661810621
1791331033
1727958412
917811479
1673380940
1735818846
1396514656
682376003
847254236
1209099295
1402163755
530939430
1796023829
1657832311
247205002
1276290284
951490253
1707084785
114004993
1793386267
787622751
660733809
1092993896
1055411595
1163557933
1607888737
1796292277
1545169833
1162415644
1753994447
650839673
833996207
156861805
1766886856
1796999069
974273159
1687081817
653193653
933586558
1109672308
1179263522
976523049
1757353684
1290328167
1734360300
67737539
1725112017
1729257784
1670799855
1766907310
1045906204
1660721325
1776618189
707009883
1395195669
1720510042
1301776044
1752071779
1608321558
1682218132
1657895500
1775401684
1299851051
1758612785
1764993248
713984329
1760796425
1792959169
1729239836
455268446
887447558
1774886799
1729205566
1026575306
1553554813
1545789443
1163366866
700726818
1443862791
1388976858
1356235439
831844424
1327748853
1661498430
1564593101
1730089439
1469581970
1531070875
1780449533
1024163640
1178722508
1768242670
1619033663
1749829989
1222165030
1320341608
1782799758
1508063611
1763808947
1780624206
915718053
190560389
1485487558
1760654897
769524274
1472885287
1527826136
1615082814
1310917941
1086837935
1585586258
1178208146
1002992041
822914085
1762917887
1714932375
1755407328
1339514143
1074842537
1524713697
1083615962
1770243852
1177990051
1288876582
1074839726
723204100
1600827695
1425720306
1781795400
1733114469
1291901487
1360590247
1640694435
535569840
1425739065
1734061778
1426618039
1386479750
724223997
1188432790
1281458694
1724728598
1724928635
1795478021
152183721
1410719936
1490685202
1388044695
582297428
1481823348
1704487432
1526691674
1008827034
733068222
62388968
1274777457
1520142696
1660365515
967739304
1420760214
1693895203
1771623422
1738662785
1441346291
1770043141
1786602233
1469153387
978628861
1557126972
1737144998
1784683641
1633155596
248558361
1784354312
953703825
1743623244
1634551936
1735672178
119056906
1774194945
1499063271
1757171037
1577017600
1404520364
1411632690
1743445552
1781193065
1275114787
1728713152
1698023756
1723947558
944985814
1226514160
1415679321
936023005
1545961286
1794425405
1183844362
1589814171
1737991971
1658030779
1532716229
1678018159
1165493812
1506125827
1295263753
1736342632
1712523619
1726887815
881387050
1773286477
1746946482
1522502699
1407314639
1415847116
851947705
1546049914
1783047231
1145077302
1759489214
1442894297
840770689
923141857
1741119205
1794192693
631753112
1401128043
1334256155
1273441710
570613819
1329227129
1516403868
504548027
1386554073
1507904288
1594432161
1403597882
1735886000
1444411491
1735994438
1690181479
1773928800
1462841936
1155043979
1532099426
1686531498
1511963739
1009253748
1666335971
1420154312
726364887
1751566533
892997382
1629881617
486558349
1186716064
1674074345
1400518339
1779468589
1535734554
1639170558
1772792234
1431136740
1396213341
1377551159
1195262660
735792631
1738797509
1269826224
1654513416
1433026919
1728376195
998142943
1185387638
597806374
1564646177
1029036179
622373916
1573357202
1605822699
584927705
1528321992
1744856228
1766434516
1020976206
1300654446
1748041605
1390284141
1195931446
1266958064
1346078418
1717102604
1201238937
1695127585
1687705114
1548968915
814450578
1550424818
1335660883
1521351923
594027963
922715613
1622783351
1193308703
962567316
1692822770
1784480041
1606093076
1573519431
1623861677
1755448989