968404581
1719937129
1643828930
1232542569
1565607414
885462320
694204898
1624857505
839582669
1734916058
605462354
1365415990
581970757
810661784
1611321901
1696623186
1496692284
1348895981
1666219488
1156540930
949011094
1602634472
986716493
1204582429
1143213980
513292052
773946867
1554699594
1681256535
1570669465
1106421100
274532654
668073136
1452232343
662414901
1789458577
1677192717
1741045115
1004226556
1679776245
896099188
1641148436
1271926886
1565583530
1749113767
1707523319
1051593800
902734118
1658574511
651722179
1400644318
1417328153
1089651922
616536193
1594947859
643908028
1748656084
1244360867
1200827782
1769635477
112628582
1268683507
1476522055
1756646429
1358902682
1679698004
678620201
1564867008
722368569
1693977913
1377496616
973725848
1090475992
1339248436
1551063358
1741416263
613748875
979967430
1747616138
1357389201
1121951471
1399567319
1744014599
1237153099
1244361039
1554154336
1193702811
1219252683
1730151070
1734810048
515611792
980405800
1775565753
1621268363
1521832656
1627672239
1748213783
1324324992
1510868251
784194776
602700334
1705104688
1756504500
1683634544
1596114468
1090650477
699269667
1388370499
755108955
1600594105
1576016184
1157084146
557011669
1589458715
1767533237
799029099
1592331125
1679599021
1213808359
1774164418
1643783246
1386785294
1723995495
572690705
1770698061
1158741216
1364058582
1347912127
1610683796
1752034996
1721045184
1708659253
1770840988
1789597001
1611489540
1165543053
704652895
1238862493
261511359
1069525657
1500585722
1610683822
1365418316
1782477442
1588568968
1707024217
1560050390
1516504484
1672050840
1556473166
1396131115
1604485086
993312159
1774854968
1366512819
690802584
1750090535
1318662511
1604447771
1280754682
1773363916
1580935111
204491459
979912858
1598655755
1651704954
1789892383
992869089
1755941224
1406508365
949419218
862120518
966883920
1163696918
1349438899
681290266
1309508032
816126542
1760542119
898974328
1220508869
741465773
1300690303
1543838787
1111697771
1773152034
1196174239
1086877047
1525436385
1750130953
1371155033
1672173229
1659589428
1059809198
1509615019
1645731538
958602432
1466534394
769345436
602700794
1180035010
243040268
585393450
1782796342
1372890681
1499903832
1148102980
1539481157
86055934
1779751760
1713037167
1727100907
1451028478
1635631948
1760311775
1741229155
1737846554
1634425413
1067768339
1575754562
1621129030
232090477
1354752909
835515390
1664803886
1232587884
1186179925
1762447867
1406505467
1655081286
616363471
985547634
1502469929
1671770826
1719298019
1689276364
1612347327
1611489484
610553898
616885652
1194169789