1548588515
1738665722
1470875573
1772883578
1664803886
1326255974
1529811829
1704368811
1570056065
1741541458
1754710764
1552474401
1310939784
979172672
1704112697
1547941160
1064262579
1764450689
1513330370
550993092
1717753380
1733282730
769345436
1499442779
1015813591
1614924851
1777780138
710418564
1503724074
1525548936
1569938633
1257318562
1740029896
1762650714
1656996326
1575754562
1615665637
1543838787
1613010182
1279608166
1474602797
1753967576
1757120499
1759726801
1158741216
1417635586
1768777508
1771659354
1485090891
1658968587
1564284711
1544658814
1713454744
1230025683
1744558258
1082340202
1686874350
1654023276
606088750
1558396843
1580722158
1735895292
921177572
1300795259
1500013227
1744285999
1055305219
1758541230
1765602215
1736915084
1422430726
1785350341
293505989
1654023712
1667689431
1551776585
1780884837
1699440524
1750664955
1570088928
1192827963
1599129678
1547003936
1606216304
1768802368
1581970390
1746917060
1600523414
1673497317
1535646023
1624826732
1764419753
1733877865
904081305
1734660364
1751205396
1763108370
1668804671
1776984569
1756457045
1086746190
1769519525
1778690405
1504759997
1086466200
721120455
1551359278
1599036253
1278166958
1742358557
1761197024
1576465762
1571338731
1543244504
1744475926
1592983091
1284247005
1339797962
859047830
1084411301
1211672586
1194054256
1752824920
1594484708
1720881197
1742870546
220826331
1781726059
1594523201
1775190694
1761928141
1553543865
526452692
729580107
1759663123
1280142674
1642029082
1508667475
1715625026
1556418749
1020185754
1674702877
1665772693
1715748862
1766331633
1007840205
1429484693
1272911305
1601041613
1586109625
1335026857
1427477922
1752570427
556537598
1729058774
1447861238
1516248388
1767510992
1788819317
1249857234
1506318719
1700632589
1752399757
1578325737
1242642579
1563660709
1523347698
1542379682
1645617205
1183109815
1755224075
1680497189
1758538796
1612347327
1144107204
1555074992
1601124238
1764276139
684900300
1626361088
1376952155
1595085286
1701645047
1731128354
1111983532
1558146764
1661225942
1626371642
1322934396
838198735
1672915848
1377304833
1516700244
1584872524
1433540022
800630349
1561834099
1516107222
1307944154
1718009989
1546415069
1403805709
1579209194
1607102180
1612163287
1681353540
1174928695
1288739091
1508891800
1753093956
1549271956
911912150
476027398
1282801074
1745108174
1684281687
1657061753
1788105025
1556563299
1434024584
1081534170
1635519270
1275953052
1640327170
1260373830
1313667412
1649743223
1284269618
1711448712
1787787259
1581654508
1769579581
1688461765
1780398913
1782324127
1654712737
1790946439
294219195
1747836943
1781527131
1380280688
1730148068
813797308
1773083300
1229805598
902322868
1689070382
1092510413
1562484368
1731597044
1555778874
1770730515
1618540906
1762061358
1570245424
1434134131
1399507690
868849971
1548698138
1778357876
1750534818
1770016585
1495573106
1272063120
1764677187
1750241293
1283377586
1754555252
1323569460
1277225868
1757949850
1554939135
701760422
1526019626
1763933297
1258176510
1777529389
1465927860
1535948086
1501991727
1792334577
1440591846
1516462286
1745442300
1012781619
1483944016
1637131872
1180035010
1387213046
1761852174
1654675888
1361320707
1554249235
1654027176
1443508979
1320801249
1421637303
1293908338
1760744650
1770177983
1669638837
1541975434
1570356788
1707457790
1163887384
1200751513
1736481086
1076772315
674511769
1267557531
1752034996
1063107612
472644216
1637258223
1400633036
1661291673
1295407380
1592884880
1601530566
1447588079
734489327
1737730547
1774060464
1305547193
741977656
972780941
719609484
1513716795
1769362978
1721487871
1731896327
1280234936
1719844420
1524596642
1743408605
1097718109
1757380416
1548733818
1539242604
1661388966
1751939494
1538871138
1675511849
1537710666
1400637464
1319868258
1787785747
1091755869
1740577293
1777590447
560450738
735547168
1284521485
540262969
1532829800
1396565408
1534642345
1607091645
1710258428
1104179591
1613388787
1274460765
1761193237
1329957011
1577465596
1621520147
1532794330
1567105928
1439640020
1774644663
1201293760
1306296084
1524250307
1769138571
1706887626
1526961541
469547449
1790969051
1737567464
1698165965
1698875022
1554005829
1208819908
1427352729
616817336
1681009243
1764386471
1777028660
1655399070
1488515363
643651054
1546022935
1526202160
1739975531
1756026141
1471801119
1514116498
1552547980
1692473990
1109537433
583888955
1244734084
1191499854
563698049
1779019844
1309508032
1710127954
161142254
1430158177
1521538850
1195885441
1559634787
1761142325
1766770490
1287278968
1474342532
1786010997
1558873976
1539078914
1345209296
992430248
1761800306
1695549081
1679633880
1542475829
1784028435
1269309644
1571574784
1338649661
1046898211
1430407659
1271558246
1563887703
1748471346
1306446689
1706391186
1477556066
1480485239
1496891067
1103960820
1775108550
1568669268
1314885702
1554822257
1394724388
1220906654
1566835163
1466678598
1537559657
1274535870
1282261542
1527334318
1758316102
1470986810
1559300739
1638503440
1322822680
1599111175
1548183731
1516645353
1057783748
1686817999
1781447030
1631732457
1774631360
1768632356
1713708227
1782083727
1684676595
1144710724
1531447761
1781745661
1517587867
969481854
1698708179
1513995382
1499839155
1467237862
1770364358
1759090302
1491560162
1786379833
1736130063
1540600283
1288840240
1775175572
1694044054
839145293
1776167312
1135510710
1595825599
1751073687
1490417643
1733303762
1125962591
1714310159
1777865848
1607483373
644149606
1156477177
1299779974
1499935945
1490638515
1771937421
1515664682
1629808503
1209749301
1664752315
1728789281
1773897958
1665778475
1144097640
1076420936
1397446100
1531389245
1318989751
1390182453
1270227797
1752535625
1456566335
1564741451
1543767296
1565276075
1576972622
1759870530
1753544630
1457471871
1581441067
1595722734
1716804264
1701313499
873951218
1141148565
1114680439
1392605913
1104507355
1580496867
1578630022
1580021622
1511413389
1492648097
269253445
1460274681
1631846407
1777333351
1535654888
1316788086
1739492861
1514145647
1756149130
1292701218
1689885866
530902175
1620238514
1652722895
1541975660
625704036
1684055294
1489637365
1658214836
1525750434
1225185726
1530256889
1772409596
1732981191
1557293297
1550051946
1616827732
1272865055
1565563779
1531542654
1778615179
1758815134
1532101439
1736551530
470813063
1777737376
1708062595
1751016969
1759109428
1058993356
1322880981
1766056120
1199958077
1125104169
1769148506
1740653815
1336659461
1655499766
599312387
1666661254
1102048100
1062138690
1773925873
1769483557
1528475151
1677058319
480147113
1772557839
1126868402
1744468811
1767744322
1647123085
1097738373
1574023277
1258904412
1465286902
1491022432
735153255
1754376385
839886300
1512194564
1530489880
1601044849
1554970393
1121938719
1719349227
1564792013
1765520444
1734040604
1745725388
1377262432
1197605943
1602415743
1658736771
1603264106
1404956088
1762173154
1607087849
1516202362
1552121319
1759925427
1273911500
1764881412
1778851541
1751337690
1688551244
1163696918
1530743604
1266907924
1268352017
1331191918
1765854859
1151691713
1566832668
1526486271
795412393
1415605215
1512879001
833951145
994752487
1280216286
1312571689
1534650838
1059809198
1674387669
1732721391
1483441719
1447970614
1293675905
1537300117
1339744474
1021006625
735073757
1654777526
1696031996
1580345738
1765564444
1468093802
1115982175
1284552926
863342753
1522712250
1547537447
1769334876
1512278847
737784529
1725979885
1730888980
1525178087
1386993513
1386749626
1083611821
1762084345
1418052554
1369567188
1788951359
1219771420
1550618671
1766299194
1683120528
1332528297
1709038074
1772722265
1547625134
1548118268
1217510353
730926509
575275526
1520251010
1678801315
1736987531
1252158246
683103483
1572922559
1699624519
1225645630
1778498561
1745171805
1780469221
1775189224
1428443946
1750758286
1487534923
1754603443
1560638419
1522771803
1784011673
1597359658
1598097294
1278144072
1265748824
1759272067
1289389800
1493986445
1764647418
1779047321
1758647566
1725419606
1699624673
1732431472
1073342699
1766366162
1562611804
708093469
1294269423
1427938489
1696693904
1695434438
1786792611
1719332614
1791138889
1530427287
1766123197
1431531834
1561357591
1095461941
1675922904
1770435202
1609441672
1555491874
1783358685
1332764127
1554114147
1681758004
1514026179
1123180729
1543049450
1555740947
1740373413
1726684642
1690624657
1331352960
1763170294
1762687705
1683270326
1775104220
1781161899
1567662725
1707562338
1586670549
1184474421
933885795
1741804575
1765664766
1374723764
1002274161
1742656472
1527676041
1526925504
708187476
1673874417
1770996944
1708687769
1190449950
1659585114
1456123660
1632308317
1754078389
1668190123
1765808656
1715788007
1660008778
1127676923
1516504484
1637995811
1777127526
1767141607
1297856091
1647846203
728919536
1776232625
1711430480
550469467
1407670657
1532923940
1783313677
1062323628
1787237499
250299414
1312839492
1654027992
1065079752
1436933211
1543276731
1712550468
1570834450
1050540329
1761664789
1328619016
1263675667
1761814779
1774397843
1593780003
1668324545
1631309046
1793987123
722745288
1663395775
1744014599
1755107710
1646939660
1264039928
1554474867
1755737680
1144228964
1763274770
1300979580
1275660107
557011669
1777334939
902091488
1638436844
1295763374
1652918886
1715711433
1267306484
1789564923
1425500951
1775720101
1680289524
1740277462
1721523639
1778706031
1724448524
1753714267
1535721210
1705229020
1777597325
1710066957
1522276933
1588543855
1778993892
1382399623
1528675884
1269190108
1285277571
1581267856
1534993982
699828042
1270514043
724884853
1396067843
1780640081
1767533237
1735925614
1783816371
1771462548
1485869565
1745869673
1562830556
1182448597
1516694026
1698392272
1344377356
723090852
1468373591
1660427629
1567283204
1515156642
1770322989
1642595119
1568096876
1399505566
1750333968
1545457130
1034474175
1528343459
1789299847
1720753649
1063623257
1688857824
294732579
1540191033
1653968806
1720248290
1764108028
1686070711
1714092718
1416572169
1777280411
1573519964
1400520133
1602719783
1314583708
1538888853
1781892759
1772388260
1361386336
1503434901
1205243533
1788613035
1527824592
1552415405
1777540119
1582851567
1409814805
1309644443
1272264098
1542598136
1689796050
1050537245
1289162669
1426546589
1755488426
214052944
1720971066
788347711
1770141198
1722688299
1754939568
1743448915
1527821392
1593996798
1635563226
1587594973
1721141639
1732085994
1081624998
1174695769
1740169662
1205370121
1519467448
1776223089
1614795057
1282157630
1335198987
1555678329
1501255724
1730074743
1106733471
384944612
1766533421
1572166896
1725567015
728353190
1286752830
1760274364
1758467192
1698553846
1688154501
1443464725
1581153236
1768160226
1245518226
1582331380
1736043732
1040785321
1403853119
1773791859
1717671288
1237688902
1676163600
1561244379
1635147869
1502165253
1510397505
1722255869
1500713084
1766047086
1205456975
1270439511
1517075344
1734488835
1399512422
1034128647
1785258883
1762756445
1791418643
1297286763
1786862937
1736944599
1757995460
1779078025
1747846485
1764230704
1252367691
1336653823
1556557899
1196479580
1534412848
161208877
1155243458
642005909
1739026472
1762009990
1769185028
1711380799
1771244893
1678826408
1737613514
1688727929
1751759549
1562159531
1761099898
1100357418
1206734242
1223360255
1744367381
1246872068
1760566272
617288407
1783856945
1776307499
1346156867
1597051588
1096347573
1577523651
1644407688
1740034572
575838729
1759207249
1242138516
1500062991
1296056035
1555287962
1659006431
1517375005
1131493519
1762578778
1544930351
1704654647
1312691237
1714382592
1530208198
1578047661
1284680332
1542006659
1094148431
1239708216
1749977234
1689993597
1294174392
1675344437
1588756928
1554698643
1762845430
1768694397
1580634443
1774997705
1795094561
1267173890
1170202915
1629124433
1765022143
1750735828
467896556
1483248764
1588367678
608739488
1729519438
1496918259
467326060
1100322458
1239169674
1403122176
1742289835
1565629366
1770051526
1016840496
645459109
1074181762
1763460408
1542280719
1756654333
1380998746
1771218170
103266016
1776771733
1318046669
1789436633
1794112911
1167658185
1771261746
1294802888
1313860709
1591856307
1174779818
1770694918
1542775249
1496479725
1750720172
1768417819
1455611728
1778293390
1525241467
1593927212
1750033522
892149952
1500309981
1674303238
1272410040
1785325567
1703318550
1719241569
1761782105
1723815535
1739103600
1286807633
1723247091
1201399201
1785356521
1517909857
1744210596
1015558303
1644600970
1759237056
1768745942
1770587510
1490979759
1473575645
1777180600
343332484
1218195652
622065769
1554876081
1765202475
1747744736
1769590202
1766907595
1283390700
1118686601
1446046984
1780480063
1747214671
1532652267
1669134209
1769950964
1579368525
1297020941
1720362808
1786375967
1769509040
1332907986
1758194465
1063128917
1788417715
1267542992
693736242
638415691
1762715685
1077964670
1676679211
1220581079
1738607596
1686179813
1752598248
1777477626
1311825652
1403054732
1482266896
1354562061
718980034
1762516056
617981255
1692897092
1764711312
1466630111
1770768138
1465561608
1769310850
602770390
265209892
1675734199
717853065
1672698769
1665537669
1764876622
1420603291
1479186516
1666054891
1755440951
1229445860
1757741376
1083819212
1763007863
1751494028
1539859791
1087333933
1756121243
1510064485
1773626165
1295521761
1293905040
1550796466
1722735769
1737997405
1773048623
1460073610
1722166135
1089737284
1564633129
1593550224
1762723712
1070454521
1738567702
1787824693
1756868817
1580301764
1549875790
1381892798
1589323429
1421974126
1286813109
1607447110
955731994
1594938492
1415604415
1300594367
1234514206
1765406304
1081091090
1760995940
1700928793
1029657848
1560754589
1742515273
631861446
1771529048
1536676041
1769464520
1560681753
1752773595
1776828429
1652354075
1767430144
1533426775
1568267790
1565812352
1230775103
1459764494
887605201
870456029
1102361705
1082097292
1254893079
1751769001
1675806416
1116007709
956651501
1564061991
1580104206
1529820443
1131529915
1691368214
1469308806
1556252477
1540924166
1574133966
1659802608
1740726798
1699623965
1555676833
1772296060
1772169867
1309507849
723899398
1649753445
1767414822
1667535720
1500520892
1764002143
1454521200
1468114999
1312330413
1665138661
1757426524
1280902936
1325824726
1671789464
1614523641
1585546075
1755799886
1300784231
1769352528
1731483852
1506831860
1731679864
1668191671
1562927643
1486818263
1731292313
1761689256
1561795375
1722358475
1499476068
638925123
1764210500
1248660980
1760901853
1667328127
1572475682
1694437543
1745179147
1767595999
555831525
1299664929
1496502423
696365308
1784058951
1209213792
1747460896
1728396851
1265748182
1739550054
1139379234
1766006764
1749058743
1347037399
1796066827
1775266026
1337466699
1649387150
650831783
1410768548
1762498080
1764440930
1724981071
1321042188
1583526860
1777290623
1739523286
1744140956
1272674590
1752468068
1596356208
1745802382
1013200174
823576687
1274358826
1774564386
1448405921
1667409699
1243151124
1542006343
1706693468
1750027005
1565741891
1437674915
1073605130
1410931479
1060571389
1753711363
656170819
1584313768
555584987
1757529290
1222818981
1755264023
1550647291
1111298926
1756451234
1433837049
1719191993
1761836876
1400411702
1632736536
1283146969
745410901
168712317
1662317226
1782604365
1312323783
1660408416
1514145237
1686452268
1692450786
1559375228
670521395
1545765010
1120325984
1360567853
1726385710
1785888319
1638826776
1531397279
1777825161
1775788865
1550199613
1761262141
1136889360
1757903384
1587591694
1260370564
1715497304
1747070045
1507749016
1581761068
1659589428
1497387175
573444236
1736991289
1716729417
1285020741
1635247027
1766251250
1200573043
1542330289
1701767254
1754562156
1567159411
1742374538
1669387944
1279423707
1768225806
1106308660
1558323334
1675132406
945705434
1769132540
1766203031
1612127351
1789932843
1658798371
1664557817
1777052189
232090477
1726343261
839822706
1644919321
1281715577
1396887055
1245127452
1766653982
1624465896
1760157850
1763800953
692723906
1582498519
1753716713
1524255101
1735782965
491066585
1789497313
1721837508
1365323215
1540281231
1391279215
1557163633
725796535
1792403775
1781976107
1288923668
1262027333
863198532
1519060191
1486372836
531574225
1182957347
1062136170
1659702324
1769755690
903280675
1571783290
1745268134
1150649804
1576545396
1541062625
1668876064
1778507182
1744795146
1637006146
1540407370
1759161007
1148523576
1493483381
1783237579
1558291958
1546530838
1682529153
658301236
1493277270
1752493164
1500094146
1388813686
1336657225
1517481462
1793495817
1617115747
1276338254
1547627962
1290108772
1758421674
1669046072
1286166493
643651208
1273886444
1757403146
1509732251
1770154618
1510338676
1777580481
550150864
1704619241
1577721147
1753276685
1750172891
1756819086
1581982366
1776699397
1574688236
1247376577
1273571423
1384486273
1761387999
1787130665
1532185883
1501400488
1632812499
1007145706
1698296158
1557845110
1741768074
1506078886
1342396201
1176760511
1746379519
1770227658
1768230654
1510738672
1063331098
1754620203
864263785
1739072186
1066375440
1704207677
1558179419
1715400090
1062602235
1785167295
1787173933
1786871007
1690559925
1733807212
1297939044
725526008
782885308
1443201589
1766509524
1478349697
1736947714
1572286450
665263761
1556612072
853738466
1749907890
208734383
1396166836
1515892830
1575695109
969474178
1546068504
1758122116
1556474117
1621938972
1776161854
1777279380
720872017
570710996
1747306306
1741973436
1556192465
1773580072
1763216838
1498941276
1759183531
1664628307
1709593525
1737749765
1158289524
1517998962
1775750110
634368041
1692359668
1540995333
1642764804
1785158735
1765791540
1553287515
1561460233
1757116814
549131294
1565600058
1164993875
1655155008
1525276972
1518442583
1769308660
1281845568
1770704551
1714172291
1654689833
1707495572
1614590159
1771603800
1732533871
1502809718
1780189913
1343110601
1322975101
1577460745
1769503598
1774907216
1673422111
1044113462
1149668908
1507661002
1787743903
1770388377
1234806389
1137519365
1046830202
1681094515
1757469711
1294581794
1765538409
1578112483
1742952984
758585796
1253708953
1721899874
1724054132
1308497850
1529115649
1503798734
1760744190
1743273220
117107255
818578148
1082607571
1102205785
1796968579
1723268562
1367009998
1552159351
735196535
1783448871
711023424
1750206780
1741300564
1768781776
1089505065
1567702309
1441448366
1766045200
1733739773
1784985375
1320900991
1493186735
1779271573
1754390594
1721980889
1742576331
1762971299
1643160156
1508324764
1530112888
1668641442
1777041183
1686937784
191296287
1665772697
1650888141
1672992170
1713807671
1527426377
1266125589
1754631259
1769273977
1532384736
1477131896
1734744348
1279786252
1750543692
1775657826
1796993051
1778527543
797083113
1575904974
1525467187
1545205260
1738352931
1734797168
1554202693
1117284356
1119201441
1505716774
1556430481
1764244730
1349581923
1751367446
1623203426
1368203582
1074022219
1742584839
1750556326
1551611078
1787228417
1538660216
1539381535
1771248834
1055349682
1230594775
1472433809
1772176184
1789703761
1609298287
1558660220
1707994353
1767335696
1748298984
1772078421
1676645434
1663081636
1754666888
1433318722
1236527954
638777936
1132586749
1767901264
1778422779
1780739865
1777268654
1399353718
595012997
1770001888
1672833330
824466354
1781853471
1692076053
1542089790
1664146963
1550807956
1765873797
1173689336
1698491015
1780473479
1580208890
1441358941
1333345141
1506905344
1782849661
1153492452
1766513016
1593762905
1284329363
1766561036
1671979466
1630066618
1477789041
1729908394
1770840988
1530224425
1724855714
1620891985
1370635677
1568689519
1480018365
1117370516
1537244866
1065563065
1733188593
1402024455
1131889865
1527637746
1567533495
1660358889
1053497034
1474799793
1547500749
1541216300
1741268646
1653970822
1621634803
271823372
1297503583
1698457099
1657565345
1532952272
1214588065
1266059331
1772180060
1095690946
1303418300
767355079
1635148092
1592571934
1301307692
1775794206
1078844397
599646946
1404143255
1613083805
1313857399
1769433150
1595678444
1783700499
1532151829
1771863912
734726373
1402363143
263860263
1154459410
1478151138
1756634362
1231917242
1753421171
605970695
1615169154
1762492700
1521022143
1652757044
1396565932
1560529531
1507040584
1391955945
1662640946
1325268770
1491245369
1444312392
1316257632
1584597043
1549892572
1196053687
1770860808
1745892224
1671956852
1789982231
1758829489
1438280361
661842610
978582512
1762314801
1391708735
1775010804
1254123788
1721011020
1561876050
1713001605
1777148333
1768654485
1692254021
495035436
1743769566
1738750959
1773932584
219699649
718511861
1006754056
1777137114
1604944533
913153221
1775182502
1410040710
1659588212
1774640721
1724690237
1279137566
1733387944
1767909475
1789494029
1729207504
1775467396
1778270141
600298913
1756305428
1318814944
1764156140
1772881239
1685380020
253195369
1273586775
1720792599
1768511322
480199793
1769283070
1101070155
1761935924
1782806230
86041891
1090370472
1770479208
1297226095
1769527773
1668194475
1356754620
1694172681
1516921154
1061008394
1649474150
1560226118
1788140107
632752446
1757678666
1772342464
1257352435
1782607075
1508303013
919949330
1555433928
1510576392
1746729091
1766954466
1749471304
1544525705
1534869631
1300265415
1413939838
1372598420
1623295811
1761918987
1743798296
1426692685
1755313586
1618650178
1760621972
1571243482
1782625133
624795058
1745456984
1789663599
1727000918
1765245706
1773548882
1117513381
1321456631
1771813727
1720281976
1570105415
1609259329
1634521566
1464902743
1742805113
1763544547
1660883619
1764648067
1241749702
62187403
1760618632
1271654591
1267311602
681154342
1440290290
1778945530
1743065762
1743300958
1714927232
1782409497
550060083
1748794556
1774933752
1681700481
1715496544
1165417587
1747987023
1584345963
1655619994
1243898171
1705246560
1781668338
1491114888
1741594922
1565783813
1777181890
1776852705
1542820142
803773338
1778942223
1782749528
1783610601
1588599613
1781937614
1778410005
1297312257
1768153927
1773128740
1777076781
941630691
664488968
1777966893
1552433065
1785796795
1330648029
1587547741
1276759014
1586175819
213626934
1308380120
1783226683
1567467117
1316099040
1323306961
1561615331
1617670442
1748760436
1732300768
863340455
1551922507
776643814
1742752708
1360565115
1742744338
1332852684
1484158796
162668384
810698338
1568362350
1270760896
1752058858
1678500979
1574328995
1548206671
677350108
1524410772
1665207875
1575168770
1468353339
1527357137
1548836689
1599775555
1589710150
1586605699
545476870
1575653603
777879660
1768221784
1536376706
1545965753
1795872073
1376551930
1747409477
1777577029
1563568274
1756597173
1507677588
1734146714
642422396
1508616346
1744983109
1733730015
1746894324
168813243
1719330150
1775226222
537953662
1746851604
1753916958
1592451523
1797049795
1382701186
1606093938
1683261804
1249345456
1074146657
1681378878
1291487089
1733832522
1785479351
1767481971
1391960264
1401721897
867191583
1537818364
1775025530
1750333120
1382253899
1540639938
1244928933
1705616171
1787369611
1654913210
1495957140
1291251293
1793268365
1770787009
1494397356
912339314
1309593671
1583714381
1198747142
1569827758
1226636839
186994340
1563696346
1522146575
1753963023
1713037167
1241100766
1788587295
1545683686
1782352681
1529235444
1541976272
1791336979
1772801534
1775964876
1740401913
1269164796
1761320801
1765871490
1481628800
715086402
832550176
1775974802
893921017
1735189971
1391590039
1615447682
1323853302
1733697549
1182717521
1056889259
1689745737
1537445752
1365360210
1731166649
1535003298
1756977845
1777527683
1199250092
1709581657
1579483724
512248302
1285401444
1614257008
1729075910
1767479172
1756334510
1564639645
1440030870
1549788105
1586188153
1770569146
1484022345
1732818215
1754265060
1732350391
1395426163
729226455
1388849911
1688424877
1454361259
1423730336
1791474245
1453704224
1476817391
1789563197
1404539242
1771926804
1770842532
763389188
1775657834
1491733677
1752909530
1556177008
1066471439
1776936116
1727903344
1076341803
723108766
1751356860
1717605542
1206210726
1505614379
836814027
1774585990
1670677813
991999154
1608273442
1505597786
1753726629
1748438550
984880517
1643919690
1737151901
1305140865
1793182651
1267080974
718622170
1541513316
1654681878
1557329789
1346724061
1797357733
1305428554
1729411019
1421802875
1749647323
1784777695
1767497587
1729259508
620665359
1575602691
1593115978
1763143166
1760924640
1749585389
1338230579
1561098416
1595663276
1167115464
1153637492
1573344642
1636853675
1762062306
1065418016
1395117311
1108892922
1410812511
1776046907
1317068379
1619162574
1777988068
1738192750
1442696609
1766820763
1058395904
1500573262
1772290293
1061217530
1770698061
1377961548
1717175182
1408167395
1723042086
1059737196
1598295351
1705070920
1777281908
1773414506
1354200215
1794058997
1148250701
1441597882
1570436096
1585919378
1677449901
1701322593
1582021377
1266699079
618777154
1769502798
1775117325
1768137584
1664647967
1780751599
1781298496
836965892
886074953
1055870180
1164169626
1730911130
1648143018
1681654892
1539060508
1525863116
1719667673
1703874951
1777537995
1744108672
950282194
1657476291
1294554213
1413847014
1781684219
1791606617
1754908192
1588570134
668431184
856884116
1765647832
1781062358
1779292777
1198380080
1742861163
1281952299
1781956649
1772965130
1366119011
1668378167
1753721085
1742772676
1258904926
386249614
1774334382
1776730119
1556762052
1777802698
1453707376
1416076196
1535201997
1284984475
1779224286
1766577948
1381571687
1534422614
1138659754
1762015374
1589458715
1583207123
1464450548
1762114633
1736453747
1752420375
1580082916
1282538906
1432091227
1768066838
1288116499
1735870490
1775039300
1737987468
1663935476
1306724666
1540924143
1399192833
1778769653
1689212474
1536160870
1607720008
1094632580
1757664946
711315096
1657255103
1605884977
845237490
1792186597
753132757
1527675337
1765929279
1731341136
1780710727
696447990
1533322510
1556500038
1734109478
1779081859
697401524
1592546221
1328463326
1747260734
1774250294
739924361
1795065217
1690365307
481377694
1734587958
1590768432
221285904
1654378400
1724199563
1561879236
1726972162
1544608973
1743523931
1243367180
1672808827
1693882852
1784326967
1512571381
1601269585
1783497694
1767022190
1045453804
982465058
822616752
696516206
1796933609
1510596164
1766884606
803360620
1706971707
1687906135
636319011
1575265623
1716619977
1722901546
1323786849
1723400770
1544918028
1764437806
1655907272
1066275813
1777943617
1769171847
1783804779
1783977533
1454596504
1533060101
1531613527
1681800720
1521430514
1094227920
1785784045
1594110753
1306863121
1771162306
1756196280
1780207919
1489672703
1140667055
1509639458
1581640687
1556980461
1494920421
1753163434
1565389985
1426518961
1529084597
1541314006
1551036670
1753070095
1463627500
862297579
1712355005
1740814728
1585907346
1643950714
1469555001
1435416950
1315002845
1766547878
1543143090
1726370386
1795558979
1117508104
1751468150
1683772890
1756348109
1690117992
1748005130
1577245574
1774501331
1516362780
1762452728
1757419777
1298435958
1776241408
1320601044
1756058124
1345286051
1651970481
1719875400
1791358577
1416384978
1787941463
1588535271
1531364568
1750184316
1081201421
1684122512
1600905448
1272004518
1755390506
1244932716
1783459511
1727035727
1734636302
1796171519
1450735159
1100666143
1750426704
1778710885
1351226980
1289408347
989216659
1502161237
1318681914
1456153473
973666657
1514861468
1665772739
1591424803
543797523
1380196517
1527613137
1738214096
1121039768
1569018678
1757148222
1738595756
1773433014
1331614531
1635318894
1303387115
1331472789
1555728248
1707292863
747896219
1764298914
1307525112
1309509504
1097263945
272805224
1769226789
1676855080
1749976382
1708085941
1327223640
1745027494
888121179
1594741245
1525216429
706817990
1388865342
1773378119
776281397
1686655270
1545285146
1484012671
1763209987
1566790989
1749752935
1776957351
1483430773
1729575621
867050824
1073684462
1774318436
1776749783
1481046392
1317459275
1736849954
509713989
1682888114
1776981226
1658019957
1547580468
1354128496
1272072975
1296417466
1280975746
1743251448
1779070565
1286122259
1709691612
1679171551
1153096714
1770122014
1751957538
1059739786
1296198869
1765114928
1758133290
1194865881
1624220156
1668190939
1580868203
1572580754
1314443170
775312555
1639650283
1727439703
1473058410
1770217864
1506339088
1371726449
1721212459
1703683952
1784074959
476271086
1779409193
1791966355
861354695
1323998040
1547438615
777654760
1335570703
608739022
1046094984
1674227417
1768696976
1531394718
592292634
1774007256
1758263787
1264318696
1749784017
1559883323
1557846629
1754215834
1783595523
1623743422
1542759428
1741826006
1410732671
759153841
241152230
1493344833
1539362856
970232784
1223815669
1541339126
1759728530
1104200217
832448425
1688320809
1752890649
1669103036
1728980504
957471225
1604304947
1319784148
1052967576
1695004046
1590123271
1504848275
1553086727
461614028
1394921428
1612391171
1553151358
1766913605
1741688685
1774490444
1605184496
1765519980
1552182762
1744378424
1770073584
1729861037
1768524764
1775725776
1790114939
1651966205
1503745662
1775257267
1389164703
1772128047
1736471179
1391582280
1422654110
1653359514
1438782257
1544037965
1606511163
1777170048
1696223720
1673694405
1674844505
1760539533
1767679022
1579552872
1619019328
1058214408
973316830
1631356891
1768764388
1731750317
1689480378
1482273680
1258367978
1211113772
1740294173
1270068573
1054474474
1424265256
1661603335
1598267716
1632255597
1536257249
1287363359
1522633383
1545517459
1416702937
1547440307
1509792141
1771641248
1608970110
1795439361
1533530320
1666559738
1260030574
1514637332
1328183206
1732141658
1639485893
1332038768
1753308507
1489873303
1004312272
1590227471
1548103098
1667959346
1206800904
1776477795
1761455678
1519646955
1613185394
1106951701
1686114566
1656029859
884534056
1320247564
1745236279
1496216403
1377506618
1776253348
1771154120
1709361793
1687906129
1792725547
1294974596
1718199153
1007627242
1692039939
1718474394
1619179709
1170387843
1676788642
1729879105
1717709824
245597493
1778295320
1727939820
1578448488
1662849599
1770578004
1742525211
1550375054
1768139073
1782813769
1340773120
1770332887
1661590720
1708862727
1771551581
129624771
1748237201
1777448520
1531802290
1095564463
1755796670
1785221489
1764661196
1718303404
1709351208
1781362169
1766504002
1526535215
1734774011
693826243
888968334
1775759024
1491408268
1499144107
1709878873
1574098691
1284018818
1541024582
1536161167
1322309159
1654021306
1738884836
1355049158
1444099114
1747899093
1780779136
1174801993
1749584979
1793696841
1748982869
860798453
1161260439
1704573661
1757044572
1756488172
1702434892
1778878763
480850209
1585300163
1781469002
1757900472
1771165492
1619015398
1608851508
789276767
737377873
1585461794
1630359695
1176182329
1265725080
1610113660
1425475656
1666629159
1426354137
1665777005
1481391592
1580940588
1559264636
687914363
1301229262
1067700774
1771214762
1439369153
560197245
1755953431
535918274
1538926017
1260499154
1771900657
1292755041
1293280285
1770079847
1576527208
1663643073
1458459432
1705898012
1753119695
620729432
1748180118
1682878567
1690771929
1774095158
1720612527
1072711167
1786083563
1783715537
1297287851
1504691522
1538690408
1502116008
1540178279
1791171207
672571730
1717171730
1564662424
1288128763
1768650664
1523946815
1100279924
1091619708
1734450673
1087833921
1594411321
1769558159
1743075170
1591389766
1206959840
1770353655
1790847457
1754309007
762356798
1727306482
1711837316
1530908067
1673733020
1407284117
1274303133
1745024395
1549228957
121641552
1562117746
1110143399
1736327116
1096214396
1035590566
1557974821
1779469821
1733326117
1754678749
1754093223
1790646983
1723345891
1271253768
1781168968
1625591934
1784809383
1756413282
1449800080
1764679894
1378758136
1331791444
1539217071
1587927069
1528010963
1757451583
1091684537
1650855020
1759143386
1720883477
1770651522
1657224925
1131708412
1459595872
1582242632
1558462308
1564658577
1682476263
1644833508
1776938012
1786891183
1766467956
1653400439
1795600693
1276902417
1285184858
1781664430
202714389
1615187571
1519037808
1794671209
1257351073
1776630599
1415940924
1764031296
1744315819
1251041831
1547074109
1261328326
1784519035
1489260426
1775499691
1517482346
1597521742
1076917195
1712788824
1780765503
1053166639
1447844992
1647553383
1726465878
1752324161
1741145210
1787288533
1709791198
1485482584
1770720566
1724720904
651060563
1284944281
1675199016
865927212
1774805469
1318553174
162844527
1548742025
1176439415
1782773200
1566440328
1489855953
1288671769
1646134121
1563730171
996531041
1746223480
1660439219
1784771957
1770561232
1696691832
1756149976
1782962143
1766227093
1086444648
1539595487
1339181394
1747277674
1690695127
1545716044
1766578330
1780382501
1647531852
1451860319
1734542755
644141000
1262889560
1785165819
1645374288
776784198
1701309678