1578736715
1549337798
1588368215
866438349
1543957479
878377103
1746114176
1043827217
1531564307
1573461041
1766441038
1042622578
1749822061
1754687518
1763889136
1527366922
1512512738
650623391
1777925210
1756773961
1307096471
1503247890
1757380547
1737214288
1308576381
1552460119
1565374668
1321327733
1543274228
1508543869
1518739921
1764818342
1730175992
1715946959
1574849411
1711974516
1781759769
1051589406
1771514014
1321441055
689027531
1745780946
1271832828
1708719753
1062719690
1739737133
1518886565
1580622100
1676186176
1513979168
1731693442
1745009569
1273577948
1301509647
1499537378
1542397791
1085637892
1075954450
1770114062
1559941936
1241613238
387096826
852730988
1752640967
1767359479
1758626484
1040452536
1061645081
545193008
1518340177
1575388259
1304532982
1544332369
1303494121
1094218783
1561989015
1730043728
1554690379
1303905087
1768121580
1537225054
1293491253
1758816314
1575621369
863747312
1545663826
1699704577
1764625592
1754372124
1557792293
1567366476
1280844688
1286587052
865843996
864724395
1568489114
1579271865
1292210159
1568213133
1538752516
1552578585
1759181115
1318697969
1582777593
1559286328
1768170725
1776295737
1559290497
1584532903
1769930967
629464834
1283919598
1542932386
1304090007
1772024651
1772189721
1278621530
730926909
1082895853
861186904
1244595394
1528198192
718480256
1554824864
1541651399
1288638617
1055226498
1059422720
1756740475
1097112629
1541681185
1313313663
1543939913
1292579770
1772066758
1778683209
1745844614
1733611038
1549616869
1547191347
1789797807
1538583251
1290359835
1570277192
1758172503
1774226888
1771247171
1287984142
1758878663
1755673776
725525753
1055930438
1258153405
1545490889
1273203720
1765845374
1582695765
1323330487
1742773814
1750649879
1766404112
1577872898
1073341117
865883076
1521651417
1737366540
162407384
1556571812
1579916757
1771657064
1566671155
1364232377
1081446739
1536455033
1763959466
1568125257
1303829097
1536240243
1547076352
1537394896
1794327551
1778311603
1026406186
1538850096
1286525906
1561888523
1475204083
1784606105
1191551675
1083855409
1306947936
1772074273
557371481
1525388426
1283702895
1009758441
1759715425
1543647741
1736454956
1720521137
1565263575
1785774815
1310011123
1556823464
542482344
1269932871
1735718741
1778358285
1541385404
1505577534
1066214901
1752024419
1780872271
1760290238
1544105260
1564290348
1560126598
1529141040
640432319
1780053149
1767876309
1318348057
1292047292
1510235099
1299229223
1775806876
1590980350
541512098
1521304931
1565062746
1757753525
1758075912
1447588124
1753060596
1721379584
1551693635
1576941755
1568564159
1786639137
1759428024
1247280023
1743199586
1323116887
1572791459
1768779247
1022724596
1282094358
1366906952
1778987107
1560696865
1568776507
1254715782
1540442915
1560132407
1773823864
1755817056
1289046059
1782021701
1567236506
1550974840
910628298
1561339054
1281566278
159461749
1276215089
1252635662
840231632
1270559194
1765127248
1291765715
735463715
1782002521
1650229560
1775105500
1508832886
1745856373
1536573559
1778718543
1292531994
1516414383
1554402786
1766208120
1276200392
716059154
1753526004
1728028472
861550188
1560381328
1774333128
1750857120
1782510040
1291216418
1582981749
1787791133
1284299792
1533507340
1265243788
1596112669
1571104327
1077224938
1760433949
716874308
1554086950
1785956011
1083038501
1593255379
1754133057
1211182953
1752587485
1309925117
1534256825
1492840900
1774421651
1270896498
1751859105
1282877013
1760956673
1072655172
865121446
1544804313
1543959564
1789304647
1774910064
1309176200
247733822
1789474621
1095523825
1241681334
1089336759
1308183854
1767832819
1310613007
1788994765
1557054502
1769368323
1758535418
1609496531
1757479383
1765187865
1749495892
1767513791
844856746
1735762544
868802085
1748742448
1296864766
710345282
1506330201
1557432025
1293032113
1760033938
1302009443
855256459
1281198259
616068310
1516133785
1789918681
1743633898
1757267090
854225943
1645013959
1257433224
1777059004
1766607931
1778347843
1780167033
1550991758
1527457465
1718121677
1785000105
1754577919
1520403962
244522533
1301714925
860170214
1050469083
1248106680
1525858626
1524463763
1276360424
1318672213
1761362872
1790241909
1757695254
1557054150
1041415364
1074933218
1552756875
1279913172
1767452635
1590439915
1266571914
1761447527
1527837857
1148593780
1521118203
1735084155
1767828317
1535344950
1521369837
1344323978
1758812168
1304112016
1734636270
1093486599
1740113908
1034886028
1764011854
1794085597
1770234480
748958781
1060699271
1304320247
849378560
1496127702
862193123
1265008915
1770886750
1541246441
1552045919
1528876874
1276491941
1256542451
644974791
1763203639
1774084399
1494582964
1018003627
1542482415
1504256344
1052870038
1544414162
1523179844
1554657854
863716470
1741259416
1518977237
1314374186
1253020534
1777495280
1785883461
1079620254
878823466
1545945690
1519862758
1295015312
1492514732
31308031
740653651
1246613918
1773587260
1548130459
1537005894
1776786827
1752265841
1519506070
1325843499
1513456528
1498131074
1764046196
1765561449
1738505730
1770168180
1526652062
483270845
1278079810
1532584275
1764912970
1750001584
1278448664
1477068334
1294403640
1100947631
1283059068
1531604544
1325994477
1282609929
1043785146
1033677761
1769197059
1783578467
1577420001
1756760455
1517380824
1548106907
1793238729
1786943159
1688127284
1773200634
1739186134
854669717
1769229633
550975215
1753652421
1561262716
1036514266
1540332330
1778985334
1666716517
1193317401
559047475
1105266791
1313792225
1758646923
1545720947
1255326520
1085938092
1547991168
1090321591
1264602331
1590161139
1578087811
1681183423
1795629385
1776649707
1302742999
1773385057
1253754552
1068307922
723900884
1295195724
1548786925
1654352467
1269660092
1445740534
1506213158
1776483921
1536125655
1761363956
1522554525
1594645635
1327112905
842280660
1757236876
872671043
1758165954
919308813
785326381
1537317961
1548005006
1758602307
1288824941
1289749715
1301491425
1507522189
1070291427
1502520890
878269049
464037506
1077169989
1312143113
876280020
1565849036
1760246405
1556919175
1754522516
1565716237
1298025762
1590469069
1774257103
1285390114
1561037965
1550248714
1755903300
1107335159
1744444646
1108743642
1591960273
1506788488
1288506622
1765259955
1787423579
1080347099
1522779008
1771074836
1309617303
623063734
1518958752
1068085585
1734201231
1762918487
1522527098
1083466905
1739416645
1780625977
1196554202
1514964474
1759066552
1770062844
1568163331
1791094647
1754170822
1732452716
1069244950
112545904
1763526661
1059568414
1761327129
1741976420
1758256602
1562453357
881458967
73583069
1397720374
1298156840
1755572359
1552053170
1733265938
1319071293
1237028613
1060745326
1461445839
1558012945
1771186544
730901267
1765448337
738082231
1750312716
1773606228
716233171
621540846
1538234035
1755673280
1742686566
1731333232
1424099413
1443379393
1045952133
1545802570
1550286751
1773408276
1767627048
1073363538
870487484
1766876129
1756225996
1537633523
1291178909
1590831185
1583176819
1737920846
1266636852
1545908588
1762983104
1764059461
1764861609
1568136517
1557689275
720392845
1285423009
1788426979
1555364798
1676969565
1575451881
1571941400
1583747817
1275124358
841760264
1557611153
1784153417
1559628079
1562993394
1566513601
1509196182
716808422
1745129693
1568170944
1783834901
869745760
1289490648
1773850948
1583461858
627144016
1309329277
1537009523
1770160875
1516575363
1572428833
1561521980
1532028949
1253057338
969731331
1750289974
1553903104
1288624695
1305100713
1764675666
1293871041
1512260438
1788506339
723858348
1768879291
1521346338
1537643992
1055228778
816061188
1042125108
1267767317
1259749775
1303124764
596617998
1749292190
1551335255
1304243342
1767530990
1061058321
525616984
1522692523
1074679286
1765109824
634832010
882901475
1512002786
1573682063
1292339998
1308853959
1777555495
1537252725
1286738725
1293605728
1774436075
1624437741
1551145503
1528585124
1571841481
1738478564
1572551219
1782253471
1716857055
1783102167
1764236143
1552971480
1317028357
1656448918
1292561335
1074050985
1744950251
1508485592
1534627071
1713273052
532686960
1258579966
1750242162
1467613248
1582682505
1760094797
1782823287
1057779829
1766960689
741549679
1750274511
1544062711
1291093679
1535392370
1784581553
1057543188
1519261092
1546114767
1506648656
1783152145
1507047920
1559461759
1545302131
1099157577
1567058081
1558457543
1324620260
1589705623
567508497
1764054928
1532985161
1714624653
1533353659
1245701154
1321311611
1070178042
858733200
923941403
1760741855
1264995768
878755499
1553509876
1063557657
1755115528
1773403224
1099323041
1763303468
1530237966
1767805398
1510988982
1761789569
1455891728
882501839
1262259914
1769547317
861299449
612137686
1557312493
1527758785
1556446089
1778797118
1295046452
1767739421
1746337728
1304356270
1737394586
1582851311
1091811797
621730052
1289638277
775772823
1550437854
1495407381
1790498049
796674741
743007609
1308491285
1540975656
1574765464
1082110694
1575050153
1272403467
1770695786
821038386
1630744927
1763293677
1558234489
1744996886
732797595
1094389683
1762230964
539384674
1072586777
1099626575
632604643
1083409262
1523638742
1567584678
1274903056
1760116485
1772907845
1059338615
1075379234
1763400017
1765387962
1256121512
1564782524
859401979
1539645643
1315695004
1578965764
1563652971
1566209077
1089202533
1777828813
1042765623
1769248529
1278942617
630770082
736775273
874440253
1275299448
1790871143
1766936770
1556037441
1775149318
1514965609
1057325330
1555074808
1787921911
852530154
1529750120
1287189853
1755218414
1559166694
1515783061
472948994
1723091900
1538183967
1291982826
1781884893
1004226832
1081529589
1087169627
1774973222
1289117284
1529735337
1566194201
1236551919
1753797041
629924236
1777684420
1556122982
1533446413
1275967245
715982156
1060793428
848006252
1731507410
1689710623
1043590731
1540389162
1328026797
1518721233
1276636064
1543491232
1450683485
1558308522
1785754533
1501303783
1298106125
1552846029
1764046165
1752591444
855355529
1293831405
630995552
1770198039
1742283471
488273183
1332922639
1306820579
1067045334
1571996015
1791362429
1065658372
1774667123
1313694171
1565979905
1564212235
1438164327
1518496605
783663998
1773959925
1790135511
399353967
1566414212
1079794895
1092933595
1090913383
1618632082
1645576399
1545199729
1779909645
1267074638
1530164306
860475565
1751788503
1309413127
893002777
1758690708
1553503160
1502235594
1536478961
1771422139
1747095344
1313465719
1771935125
727597970
1541336576
1050078255
1742599084
1735973150
1543393482
1773474268
1506321832
1777766357
1521135580
1036303018
1560358295
1280653164
1322097683
1758877093
1752441105
1775732503
1429844385
1567299504
862852277
1066500656
1563341019
1545436705
1776870732
1306326018
880834081
1546511378
607105687
1057080546
1487906921
1541634659
1745531605
1552850956
112612029
727513340
1767627264
1304227491
1751860545
1583677232
856324017
1758517064
1759030200
1555549086
1770176717
1526433883
1771806959
647940375
1773555891
1767578411
1576903133
1579450113
1075552401
1762080442
1735284548
1074861376
1754675487
1065829564
1523641754
1580571556
1757027495
1790138475
1504831522
1069987661
1768806648
1516421147
1648067116
1072412153
1763314764
1296212913
1054020814
1763747324
1782194209
1525263421
1774484731
1564458726
1050396877
1261553200
1760730383
1078838903
1309284955
1741539420
1523435156
1429397410
649205129
1756623468
1750893077
1077158417
737362331
1079846256
472121461
1732157604
1328160029
1523479860
1776748091
1746034635
836112372
1702792915
1746310234
618532695
1521762248
1049863617
1550342961
1329638500
1543776551
1740201344
1523077976
1751230706
1276781941
1279463866
1537221031
81315651
1555286532
1049148836
1541947674
1793183875
1767885175
1784846779
641350973
1280696722
1536085843
1741151746
1501535974
1783340869
1578207851
1779894425
1759821256
1745037915
1307231165
1568683317
544793312
1543804210
1062335684
1510109688
1291270954
846903242
664809121
1782888687
1765067828
1261519942
1761396354
1786122415
866393410
1290777129
651356287
1522328588
1290964032
1779615693
1740094796
1562450962
634962544
1771295438
844973583
1724531784
543583884
1738623644
1779711216
1539918510
1075566726
1566018747
1306473597
1311976541
1509444524
1779675345
1568204961
1057124496
1726016616
1511973500
1157704243
1048361945
1530485240
1757815376
1758875774
1552312926
743050461
1538178771
1742022628
1521603186
1515194401
1261584730
1250074796
57792328
1499830798
1711500266
1237173800
1777253624
742405743
1509279993
1535421358
1755805728
1276333007
1536933388
1776918107
1698396628
861134643
1782052317
1080255352
1789788589
1544933950
649215592
1301487639
1786288477
1765190853
1518457849
1505744452
1500972010
1743783198
1485100014
1294242705
1743969680
1580303671
1505721410
1310753461
1544577337
1566485680
1545972440
1776536519
1565931267
1747449166
1176457872
1564361295
1538180427
1308048795
853999007
1762115110
1475435424
1510314633
872594799
1698730544
1273388500
1086200913
1301215179
1745339454
1553948556
1317383150
1742939682
1388062731
1775339909
1582059953
1546698518
1098727655
1308783686
1749994902
1306025298
1503667962
1755019236
1478636785
1565693999
1735398944
1751307465
1584187969
1552184695
1063631217
1525803193
484123759
1066400571
1560573651
1477752343
1741695246
1749994098
1312007236
1319510957
1035002128
1550463380
737113881
1782748898
1518721149
554047697
1310555902
1555249205
1506284602
1286832197
1084502887
1756861578
1718171964
1524481993
203162812
1566623215
1567426032
1747067432
1735742017
1530839156
1534599426
1070463450
1735436776
1546162845
1294402884
1740178742
1295407604
712309772
1760838884
1320455081
1779830471
1528667200
1531500183
1479848320
1063366354
1558327582
1342843348
1781155450
470900855
1734355336
869322505
1468636158
1761614014
1784738469
740314149
1560291600
1308309648
1768744660
1037132546
1522900342
1770268067
1746815692
1555674391
1467965542
1768594842
1558692143
1525579326
1778907672
726688618
1765416425
1315458097
1763680337
1781144506
107677097
1298708825
1774933037
1294826914
1522510138
887628727
1475514698
476690339
1762417923
1541131117
532149071
1761565230
1306121676
1271419657
1479108126
1310184485
1743127724
1586154251
1540585347
1777242198
1760035141
1776489544
1547104164
1269514069
1751788296
1260626790
1547498483
1561514679
1294494883
1562043197
1542185702
988671788
1529558545
1543901903
1577167489
1506286086
1755635920
1792604499
1063049872
1573073758
1775509423
1752017479
1778038463
1755545232
1770768778
1246296468
1531319077
1031861907
1048178577
1561258292
1093046850
1299765035
1290682856
1297858955
1760293965
1024252664
1758002484
1278221435
850871925
1530241611
466579812
1757762826
1774375201
1557431619
1787839097
1778970957
1761853578
1506868550
1550868628
1775410801
1571804797
1302126183
1774371977
1749012924
1747232768
1759452823
1571280961
1748040240
1263573727
1548936375
648155305
994934502
1547239575
1752417208
1762504148
1542116618
1767770582
1538661411
1535882374
1546752484
1297032472
1490765827
1289700341
130122169
1561201736
1758062372
1335579609
1310492214
1523812624
1248112380
629994186
1061069045
1086682749
1753842214
1659036131
1277820880
1786638897
1567041156
1771547396
1774797197
1761950652
1556144336
1093049240
1577459363
1231858843
1063026737
1316883834
1532642736
1562688958
80978066
1049414550
1774497893
1775651579
1531639563
555684625
1292018363
1562772953
1758179449
634349328
1513705812
1044637630
1584505012
1714414563
1774594551
1086450905
1753868893
1586757102
1527910608
1545404720
1574191896
1749453961
1066010399
1772662758
1300600438
830724327
1541929680
1565568545
1777044709
1761456959
1086580940
1785829607
1757120575
1539371902
1315634057
1563942511
886138111
1559951096
1754166439
1760521163
1564353396
1550805677
1787756349
835974832
248581831
1533160860
1538683232
1749646694
1774318603
1067457636
1318943535
1553278109
1757624031
1553303010
1561379505
179710947
1295994175
1563357566
712860472
1089097535
1271301287
1792774125
1073392729
1703065774
1080027903
1544859047
1496899961
1742473672
692786070
1564152753
1725411541
1782780661
1218374689
1728399051
1279121371
1294862273
1316601799
1763319685
1753692841
1765038746
1580440167
1266407596
1264565039
1273779223
1528371549
1538909018
1766277645
730066466
1775751995
1268965686
1314471209
1079333629
1567768318
1777178765
1103554899
1535746694
1745303840
1739240072
1294979125
1560624147
1469707831
1056404566
865879388
1570120599
1776938117
1753986061
1275524640
1755315506
1755021539
1541908180
1761372898
1300433347
918415202
1290794911
1770977309
1744692972
1739954426
1283827363
1764123686
1793823479
1213803062
1267994483
1766026498
1761954251
1232695575
1783936165
846710324
1761621510
1562625974
1067543317
1593693168
1551692120
1518122563
1468892477
1503527231
1479148945
1079788271
1771332703
1730844210
1530602327
1560850935
1527299850
1292159746
1260759296
1556374323
1537733326
1756125756
1784356515
1509289489
835979412
1781468417
1750502418
1555034176
1796708265
1158118338
1740270602
1778090938
1572119301
1794951869
1331644395
1285637580
1269101740
1752921652
1535301021
1397171860
1547325081
1760859367
865684772
1563982753
1579697051
1049314445
1769051612
1287443835
1049118434
1310139171
719916246
1550872572
1770089313
1320345847
1565590737
1555855111
1757778806
1549721923
1781758153
1769583001
1766189280
1557506251
1778353655
1768066394
1776950682
1311232035
1269266478
1315463529
710318143
1565714327
1330188607
625455621
1306667432
1772730081
1677632849
1750178678
1519855710
1101830273
1578536613
1261461930
1731244249
1075143211
1552388787
1059934759
1312595465
1554964249
1308277531
1084777966
1580807143
1294297855
1755866512
877983109
1185173222
1771463572
1516119433
1547832969
1779235229
1759866397
1769604988
723762456
1534215958
1075171525
1056662270
1762382581
1782298105
1532414457
1312714985
1035740954
1309241685
1515733738
634337713
1546000893
203411384
1013186303
1774816520
1429638820
1762456576
1050226488
1741943574
1795865359
1765440594
1083900504
1749237536
1560264793
1536100937
1608492125
1066349460
557980995
1301327645
893648025
1769566242
1412987197
854076237
1530398742
1538066746
1754221691
1745330690
1785481905
1065827260
1254224144
1774417898
1622946457
1537973229
728840546
1317913946
1546719865
1765602276
1507525777
1570791177
1289464968
1570241819
1313152628
1525370965
1566227213
1482695671
1792833599
1729275384
1422706660
1564181986
1444971014
1665783250
1535978399
1789621239
1279793501
1276633136
1726049902
1583608886
726871604
1578278307
1531331827
1534711945
1763624870
971808801
1563340478
1065082508
1540814402
1791736961
1635446894
1768603895
1101379283
1779347209
969730487
1279228145
1792856447
645039149
1529509434
1545057306
1264945650
793343279
1788466157
1301020887
1748944804
1264968004
1074037925
1528065083
1291731245
1774949166
1055034450
1744009166
1768581568
1783084679
1685934678
1764405140
466373265
155397153
1758343802
1570101801
1761166573
1071817681
1046168019
1764160066
1758005416
68430902
1277316256
1783552123
1743656519
1080057623
1303435075
1055517892
1728344300
750035476
1590999524
1284919933
1309075056
1763591611
1276509888
1566498113
1765457346
1090362876
1079630341
1771349687
1475430434
824509830
1533495037
1776309365
1563978311
879554008
1716094778
1771854946
1764501403
1282084746
734180785
1774705976
1048818192
1532550896
730709119
1376638340
861326854
451896514
1533230529
1506169698
1510142391
1764533639
739815505
714255454
1753673134
1279678717
1755916562
1521444525
1503678714
562451603
1733356648
636824573
1775514765
481496924
1777466443
1774752337
1774736953
1743331207
1737541556
1119682626
1778528255
1284432023
1299615145
1085322828
1540050991
1529399672
1440137013
727951514
1232236281
1777532211
1495678526
1272499411
855096362
1516112055
545512866
1472355045
1749875361
1552621097
1792864735
1502071214
1090335681
1521900606
1532074636
1322041931
1046393575
1547838869
1560979775
1737444076
1764799098
1773942243
1551331722
846449396
1746652114
1752244858
727014620
1781815001
1569518755
1521657323
1492924544
1741403404
1084691781
1756811272
1616130081
615815905
1755082738
1436880741
1549010513
1772086715
1736815234
479000385
1271168405
1547080884
1558418911
1306230724
1765385170
1085161523
1784809493
1247189875
1787462023
902249822
1072669524
1065633582
1274561492
1578163237
1581228339
1688669424
1757055596
1067880517
1290700266
1756614187
1764313188
1304398984
1779176467
1052856760
722540799
1515767290
1061166618
1576108763
643824385
1560022749
1757763340
1552686347
1095184958
1741097980
1493903201
1536826512
1301405698
1758983936
1771609331
1533751919
1718746322
1754075406
1705277747
1064137120
1757805356
1761500151
1589260015
1780161529
1059455618
1755116180
1557623913
1558499031
1762293246
1757597264
648181209
1773005950
1516780302
1748749387
1085875405
1772689290
1427679839
1536796808
1572970186
1284169670
1076602129
1555281213
1768231119
875011785
1730155986
1570373313
1775179031
1756604363
1739220379
1083938561
1743954366
1768264358
1279374418
1555314930
1762418586
1554079506
1282082997
1783789611
1772145356
1327127599
1774216547
1083629586
1773983764
1772354921
734579799
1306289596
1557211019
1742621635
1288094758
1771093163
1753123403
1551958998
1571914579
1296325235
1774014335
1788665245
1744256479
1763926798
844249406
1059108945
851365445
1548575054
1576096369
1377167204
1105470333
643548469
1336203627
1517039970
1286811336
648054307
1782069673
1564035981
1073304257
1758929018
1540080335
1308354676
1549854194
1761247311
1749523253
1557924304
1782310953
1299148018
1292880829
1292931990
1676767139
1544187985
1765182109
1573040969
1249032672
1761926856
1772778708
851201865
1783748943
1755683846
1744159296
1294230539
1776487203
1039917036
868169248
1311026239
632814765
1525113831
1750310495
1751039254
867245157
1316613449
1548471926
1763309516
1078149441
1285473190
1537881975
1773219650
1776053414
1536033343
1551487077
1580024825
1590207021
1303007409
1516683033
161092585
1788212975
1097477779
1545099476
1078547246
1753004598
1565086970
1043410104
1205494452
1269384397
1101590616
1258473794
1738760364
1770220763
1749059241
1780841809
1791130241
677925584
1781300593
1776631945
1551039884
1774556774
1444796457
1548778449
1511442895
1091529773
1085613895
1729092017
1314314465
649163387
1757467823
248081714
1520066832
1524271462
1259766866
1762004290
1535644171
1548439753
1759457685
1789110123
1282386999
1083039942
1764214566
1278169668
1465136318
1545322878
1291992705
1311098968
1663698564
1058670420
1749275798
1545181903
1284464067
1764071995
1746487504
843030142
1767007903
1760974775
1529485100
1061634009
1772769634
1746544380
1778952310
837754514
1100692693
1775018606
1750250935
860400938
1582531899
1786480233
1304156622
1541672278
1779314849
1290980375
1743998944
252470610
1529461722
722909296
1779997011
725791592
1284096543
1543413813
1568596187
1567419333
1166053616
876307521
1524486068
1772760981
673647106
1772929908
1728897069
840205934
1082926657
486274827
1501449170
1761125436
1567963596
1771875306
735253613
247030682
1785391101
1749319241
1772496206
1754238522
1532185579
853567852
1732076961
1281266929
1559978832
1566357237
1016347469
1750214110
1315616855
1762768560
1284326830
1264759317
1080427100
1517984284
1271833470
1306944471
1772878221
1084194893
1553455992
877904367
1298188833
1750246553
729442750
1324725909
1517117644
1301899244
1778900203
977937394
1550040663
1778000783
1286172273
1785677935
1214407296
1748814396
1545048581
1040489663
1776245371
1569259809
1298622269
1066201944
1743706428
1589604037
1776160074
1311388540
1293444948
1765384383
1776392527
221113731
1087878239
470148305
561893149
1771768855
1749190972
1551955888
1107959175
727513584
1758390218
826027411
1085959164
1560711124
1049441531
1567130865
1783277739
1758679422
1527871936
1704769506
1544177282
1573494265
1599047635
1268013783
1705870894
1761058883
1775724761
1577642341
1557632391
1735772482
1071677392
1530591083
1226130374
1286043700
1736437622
1754594890
483162425
1570150813
1730099907
1782269225
1774746342
1529685522
1522598462
1564429235
1525410129
1297768609
1738279438
1294701762
1568542925
1789725493
1288262291
1739395014
1274962087
1567102241
1512351800
1781364096
1320244385
1757540932
1573376761
1778357673
1294049150
741466011
1783552989
1290056448
1033939199
557317161
860398342
862498106
548197356
1777221605
1301447100
1254884696
1045736917
1064702109
1755618743
159470173
1310298211
1586130839
1275325663
1775772287
1256107224
1544473185
1564378381
1275108344
1577986827
1795808945
1544436032
831978694
1306791874
1775281274
1536693711
545125920
1518157260
1551846165
1789399889
713429605
110928261
1772979813
1301985454
1556238626
1769998335
1763906868
557589693
1508472324
1528319736
1546221958
1285012357
1275548233
1292816474
1765722976
1764656891
1772725042
1762693426
737163457
1785943773
1737456685
1513548537
1792881453
1279275666
1566863818
1521056420
1777231630
1774977413
1764771375
1779719831
1280011597
1264193646
1286246048
1762649089
1543817974
869839139
1314558359
1774605467
1531497312
1544125544
1760396815
1569677266
1604228419
1784202525
1740144444
1067759274
1516322649
1524650874
1309315595
1416260935
878430447
1549672398
1755797167
1276184937
1504256316
1763656387
1579043687
1536886473
1773243431
1786574245
1774258435
1290018466
1474325803
1556103771
1495335341
1773144257
1752583291
1760058204
1091714286
1240202194
709116303
1780350701
1562546103
1566208831
1452910972
1766641483
1736963344
1121030867
1547999400
1555040027
1521553264
1068380645
1521572914
1451522883
1236132270
1416334909
1765009990
1520784738
1777180964
1782849589
1767068010
1047175964
1568366101
1777346716
1290556477
1515225344
1554272152
1750316542
1586427225
1479431294
1296004444
1073068366
1579411773
1263596339
1531580379
1287594409
1732451316
1305245479
839832918
1779643077
1270745429
1561532533
1780385361
1775438991
1048777944
1552660412
1782316178
1542943228
1787099689
1738449756
1532295696
1497500066
1764355555
1278181572
1294230154
1246355690
1079711195
1792118295
1051893947
1532765661
1764706310
1759192202
1254875720
1763720952
1549354038
546030946
221500162
1313013292
1232283789
1774016181
546350998
1495498036
1762855486
1554362879
1795974993
1791458129
1753571149
1574546244
1785134949
1320639215
1756360054
1314240279
1257127606
1738243746
1565966333
1304628177
1773842183
1283677130
1771986352
1759710518
1756220893
1773564408
1788631975
1531087058
1565946033
1434679971
1053336960
1408105054
1272116239
1034277208
1286047134
1534375220
1546572298
1777609029
241910610
1079579615
724148005
1742159820
1523243983
1542355116
1582332072
1264324928
1263371006
1564762994
1528998788
1027370194
1267977108
1251819085
1788919217
1777950090
1764101842
1301650436
1065920199
1775632545
1527507222
1552954442
726339966
1291987106
1747114383
485235015
1777965288
1773740099
1091805487
1761441295
864976128
813085178
1781108685
246513291
1043870204
1299642714
1762985202
1219187730
1044056174
1762666766
1755925875
1312960136
1282556095
1297916887
1436426711
1287132943
1503049416
1595361755
1738646586
1709869993
1545153756
621703266
223740104
58486586
1466492562
1268509121
1715258019
1301827086
1270248640
1795696143
1791680753
1582062208
1093506724
1551802144
1275118818
1312266553
1573058979
545731397
1762029317
1327490655
1577898169
1779374819
1012583709
1742181038
1579974435
1489869088
1346665953
1483777391
1544581961
1756843397
1419721506
1751890265
1259792160
1291600534
1751406074
850670366
1780047747
1291073177
1767954967
1780632209
472577646
1053334270
1287969836
1758548522
1766475912
1293563806
1777545191
1286113710
1781591737
1757453072
1079360220
1761268339
1791254851
1776041902
728827030
1779394907
1775273773
1716612337
1552712376
1596438993
1744609146
1071689172
1775677574
1525172152
1560959666
1506160458
1578045301
1561790617
1277534198
1558086536
1063414638
1748621204
1780214521
1749966072
1776763915
1306166171
1767258695
1296654831
1286096513
1073643490
1578026279
1767388640
1727816704
1767587031
1302379041
623925362
1305055415
1738793532
1769067329
1778520328
855582435
1775942540
1570418927
1272885380
1579543871
1560948439
1271604597
1515784156
1772513755
1734617060
1763478655
1763116453
1553598276
1739699946
1546138639
1535633320
1505667624
1541358876
1571253547
683166201
1690276264
1762586112
1304295025
1765877508
1776058384
1260362682
1051515637
1461451165
1778720390
1771547394
1286300251
1749059185
1139674242
1772016301
1587488599
1518022466
1267325742
1395280814
1262306914
1763125273
1536044474
1270133029
1300268735
699811190
1321756421
1780490259
1523289647
1552156908
1549690261
1162085178
1721585132
1776380871
1537730493
1302074099
871870082
1768027558
1742749957
1748140096
1555605518
1298496443
1238847885
1554607198
1765047047
1560462332
1274899455
1746692712
1744322036
1776668062
1278922203
1703650560
1600186413
1185944205
1762276872
1754618551
1756766462
1543713722
1497889082
1553197975
1279023263
564039265
1044558732
1544318480
1521647428
1549701756
1763396520
1765763006
1770274536
1515785780
530125886
1300482065
1778090423
1546760326
1704635787
1267165989
1066080630
491871308
1548979136
1364656068
1540400505
1752066038
1368523695
1296078099
1763803431
642102991
1517547141
1572162345
1073759714
1574824319
1756662503
720123606
1522766683
1073222491
1576884719
1322226184
711380266
1542658681
1034484078
1081754575
1765746286
1205490662
1747181136
1561615585
832826668
1732723071
1782885844
1565959880
1517083628
1083527109
1557785159
799550821
1772882465
872443131
1556989399
1566834913
1751335240
1789530941
1290836641
1782683120
1278934122
1065191113
1787647683
1542473248
1079448116
748852209
1753060242
1065520962
1764376543
1300564221
1767302644
1511721603
1770863033
1273068265
1558239275
1785402115
1767703704
1055109312
1573700880
1754074114
1793989521
1598848802
1567913499
1321454813
1694026420
1526906840
1751091706
1427249689
1777873425
1311996471
1545646891
1524108514
1783236459
1755390163
1284087089
1768326737
1269963097
1293759915
866571275
1575481459
1299487024
1540589565
1741062440
1760145970
1056239310
1548969564
1560125749
1100435103
1755374692
1719117588
1782313877
1773150109
1562964619
1275960296
1281572651
1064093377
1334678931
1556255573
1583571879
1280286647
1514187717
1695682674
1533476636
823456984
1741054354
1282231292
1547975786
1542511325
1301279323
1518434769
1290513814
1515963496
1764772828
1743396218
1770940145
1057052820
1554705089
1775192299
1766100424
1287990288
1749060979
1325068706
1283156898
1532151437
1728527860
1452568827
1577093885
1484396074
1764043343
1280112123
1748108338
1757161304
1753696037
1791592665
1553178680
1750513855
1265856837
1764306940
1734528739
1753230151
1779909180
1556838783
1297930697
1731843950
674434242
859350607
1778103103
1778483687
1655798550
1746762348
1265520744
1043956083
1770370141
1771245318
1096979277
1540210565
1067368462
1087613223
1761289513
1550110952
722621246
1554081769
634313376
1449354861
1743606058
1755477213
1303115508
1755864389
871879100
1762017233
1773440989
1246197455
1567482772
1048158058
1636330136
1272551290
1768063578
1573900125
1772706281
1539654573
1275325835
1768736293
1757766448
1576858691
1292445772
1657553348
1544791184
1531157723
1759760416
1587347771
1304490030
1775246361
1569424508
1785763399
1742411344
1545565820
878168605
1498088847
1273358353
1743897560
1744560802
1762761197
1779167283
1290927979
1735524310
1773629581
1550426247
1525859033
1735017572
1290181587
1537445142
1745409293
1754409178
1355549524
1074219546
1736304448
1727930354
1543954613
1754654760
1436915763
1264071062
1170630692
1763222568
846187124
1290940866
1290839574
726984995
1270690461
1784116227
1550469077
1572197067
1718458131
1753776880
1581872593
1540168928
1758471716
650999053
1082893207
1305367495
1758768396
1570683900
1558227724
1298477627
1264851167
1766885287
1776031351
1286253276
1307999289
1749201620
1304165757
1745773187
1283380072
894631827
1523908781
1311221180
1314229237
1322824881
1300537958
1256634629
1307940563
1085197163
1742631982
1773563301
1745005045
1753883713
1088454185
1550403203
544836420
1564590399
853982108
1705527484
1555033191
1255518395
1789783625
1097264665
1782799123
1059379403
1778012166
1571565663
1775107037
1071447181
1781132904
1158968799
1538350723
1756317552
1067250731
1552023398
1539726860
1752778676
1778614922
1762663698
1763378097
1526377247
1079558050
1776654284
887232631
1267204347
491170991
1561644456
1495126025
1439385750
1304224589
1760544429
539664190
1722818831
1272078987
718837072
1746120786
1078339225
1078019388
1763084506
1781412418
1732501269
1795957297
1586080201
1282370936
1099325238
1768351451
1530885307
737669313
1785249063
1548915552
1760970466
1575234815
1745526154
1768006468
857825407
1716233772
1310668131
1320704483
1314755030
1532753692
1517901874