1777336589
1772259180
1763254974
1790295941
1789525497
1784386031
1778065998
1776874250
1753669884
1757611806
1775871897
1775267943
1770212786
1760753964
1761146630
1768160230
1786971985
1759505304
1774135475
1772595364
1783100443
1770499127
1759815990
1776309739
1778120154
1774133768
1760004912
1750845636
1769949183
1762264448
1752260926
1781295597
1776996223
1783139031
1785420375
1790074369
1777318625
1793156497
1753893559
1764429982
1772086118
1749339371
1774211147
1770436761
1767201331
1775780116
1784491539
1792683207
939252836
1774288675
1752596754
1776411376
1758198604
1751547454
1774714989
1773590603
1775758590
1774368557
1764908600
1763671630
1783019807
1775363551
1775185517
1756884842
1757580740
1780097081
1784010703
1774326879
1758059792
1778205383
870435132
1765700345
1776871419
1777284894
1760774288
1781998389
1781972749
863786417
1773998783
1773318541
1774599845
1767665102
1772439383
1775055795
1766791209
1781560693
1754046628
1759849748
1768100505
1774122221
1788014815
1770570860
1753616762
1778248103
1780095039
1755393140
1780919763
1760736714
1785983041
1770150518
1774076777
1754111218
1763223098
1791983753
1786366581
1754360880
1775533626
1767197703
1760416758
1752480458
1791406621
1787863409
1762148002
1775599028
1771041934
1753303304
883193201
1778456356
1770737679
1759857870
1755065658
1781756353
1788608727
1768181367
1759924110
1770334967
1767411851
1765594633
1768550971
1775396807
1774987299
1774372721
1786812433
1755639364
1783150825
1775324717
1774153385
1765148100
1767838097
1791749133
1771656783
887667248
1753916226
1767401787
1760000226
1760941276
1752327700
1761495462
1774768429
1774213211
1595661657
1761118912
1775605253
1775959700
1770594317
1752068402
1781952976
1794531519
1778005719
1775552929
1787527193
1780474285
1766903817
1754680608
1774436121
1782744251
1774127787
1456717595
1759882598
1766923516
1759055900
1773136353
1757919248
864804421
1768254972
688985454
1776655976
1788031711
1766684264
1775018695
1774773413
1759875520
1778412965
960556487
1768766582
1794391069
1774054125
1771260399
1773160919
1779586823
1759828554
1757457794
1771809353
1774609745
1760343830
1773933136
1760880670
1785839703
1780648841
1766236703
1752299468
1793826889
1766779367
1767502460
1765304240
1779586657
1767640779
1773184089
1785886609
1763680284
954683157
1778019012
1760239848
1783659277
1785431681
1778439043
1760323814
843963992
1772591634
946104477
1766734501
1777597694
1755107314
1774589403
1752009032
1759607814
1757426570
1775023451
1775312139
1780460391
1779137994
1781700561
1760559902
1771615498
1766664867
1768983624
1777777826
1759868598
1781243187
1771411793
1765594605
1779372895
1787515235
1779604797
1766982019
1767031602
1760105030
1752473108
1765619031
1786987211
1766258394
1765218532
1775119747
1755829178
1760778892
946116625
1760104380
1779338581
943394441
1753245496
1768636401
1781212619
1765279022
1792499615
1782982169
888508885
1756375480
1788598979
1768819315
1772309677
1777057344
1766986499
1760541057
1751437650
1752849608
1765891258
1783252487
1760006784
1793178861
1751750688
1783037815
1760096220
1762249608
1772673753
1765521927
1774721751
1781659107
1792172077
1760030118
1770631692
1754046632
1763615362
1761344862
1772634690
1776302953
1783664273
1753418348
1752442650
1770953945
1756882990
1765723363
1773185022
1751372542
1774389417
1757754735
1767401049
1783015759
1771661637
1778890814
1771269680
1765435302
1765434486
1753714654
1766257840
1781674757
1753731862
1754174664
1769486927
1776033365
1769441574
1759877714
1783646611
1789518325
1767270003
1790934773
1755745272
1776696451
1774379449
1751377364
996748159
1761852326
1766866207
1769567875
1770661556
1754630748
1782691839
1758325201
1757042044
1757300710
1760071798
1743604872
1760075330
1756156366
1775827511
1760450186
1767795881
1751370468
1774806355
869248047
1788472203
1761718098
1774630911
1772611124
1768344002
1760750380
1774000551
1774238433
1768149545
1751391094
1760361918
1769753583
1049614092
1766664281
1768630219
1779770599
1776722189
1783546747
1768722671
1760546300
1777315223
1767912515
1781116103
1763480560
1764820340
1760306122
1773660693
1774148709
1774161071
1753035136
1791615813
1765683631
1784896725
1774062903
1760299258
1763473900
1766936759
1751370454
1767096312
1766834789
1752500882
1774262403
1774066339
1772514784
737792187
1780747945
1782614463
1780454837
1757754687
1766251683
1793765221
1755843356
1752624538
1765719839
1759808988
1755852697
1751420888
1757970248
1751431188
1761423564
1785415787
1777239919
677914121
1766585141
1768688895
1777517641
1775769505
1775566607
1755417388
1772634895
1760325482
1759295628
1776829377
1780957055
1771388633
1756558784
1768326561
1774065459
1785205639
1771189261
1770570444
1754159692
1754358180
1775153046
900717605
1765741965
1792688085
1770994618
1767240645
1774205423
1760709182
1774963487
1761800878
1784240393
1784727277
1769884509
922624758
1760165056
1777622375
1768878107
1756866978
1774053101
1774701215
1778185286
1761701040
1778895314
1782644693
1760802882
1775482309
1770859022
1769812756
1751464686
1754663152
1766519295
1754147790
1780441436
1775436030
1787670331
1767590680
1767472469
1774015731
1754391238
1778149779
1788346577
1756986492
1756050822
1771266160
1758401564
1761119570
901869907
1768192447
1759530750
1753224462
1764103724
1785761033
1752408760
1784117607
1777593887
1761209328
1768212725
1769214981
943168149
1766430643
1753192852
1768411934
1776448591
1764111188
1772171400
1761642410
843304423
1772166844
1775906968
1769796748
820273780
1758438473
1765039628
1760508218
1752324156
1764064192
1777376104
1758544558
850884476
1237919183
1760243436
1086192201
1772870798
1775158528
1760087044
1759908360
1782279493
1788279227
1754398798
1768976468
1779276015
1752429060
1758520530
1778096115
1774705683
1776172218
1779132469
1766763950
1761545508
1792792577
1759603450
1760422082
1760462012
1784919559
1793810347
1759835674
1774789777
1765588386
1757973336
1771990946
1774378553
900150864
1772715674
1766227751
1754091402
1774852893
1771567802
1770220809
1760030592
1751386028
1767069214
1765545753
1784502485
1786880363
1765921601
1752500810
1751401092
660827559
1751422162
1754480894
1761728642
1756559602
1774505139
1774758065
1759968750
1774223113
1760838046
1789955907
1784742663
1785877739
1773181203
1779715225
1778178573
1782590515
1756108340
1239449008
1779047342
1761053626
1431040055
1753462290
1780999047
1775140206
1769448434
876893066
1761578560
1760451848
1756902500
1766958041
1759823414
1751569620
1778660295
1772595283
1791704015
1763525452
1782176389
1762683594
1769076555
1758388922
1753142412
1765912429
1760155048
1753637410
1753252248
1439153738
1752147186
1759830252
1789341567
1760789666
1774284205
1781338779
1761094124
1771929627
1761889772
1052511609
867508785
792414596
1007245606
1788592921
1774122721
1751373980
1760570478
1752882808
1767010621
1775906035
1759833256
1753694176
1777532088
1338329207
1752934954
1751434892
1774802883
1771581932
1764055928
1773705837
1765191244
1786991887
1759123826
1760136180
1770286273
1775152401
1766860987
1752719218
1759833990
1789274131
1772895231
1766396411
1767889899
1752899548
1759959754
1781758939
1760205724
1766416857
856098353
1780212483
1770739731
1770528893
1752076724
1759909968
1775513243
1776313879
1755126008
1752134500
1155968959
1789390763
1767752580
1765932576
485264448
1774117233
1243396322
1759810306
1752065010
1522914417
1285227734
1767547126
1774632919
1779878551
1763014718
782368706
1760128282
1782859375
1765116682
1774047459
1759794920
886429516
1766318131
1776344303
1763869288
1769593653
1753384474
1752254832
1767697363
1042500238
1752082320
1773838538
1762103540
1784348953
1756733130
1752885930
1760387284
1752159176
1691596685
1765540493
1779629911
1775595165
1790723107
1779411251
900398579
1776089294
1753812262
1756084844
1779478059
1771699160
1563486095
1752208320
1766091747
1759425782
1772480983
1774295375
1774086513
1793931189
1755125444
1417526724
1761145058
1762762126
1774067141
1761259862
1768687900
1779591850
1774056229
1777167078
1790805741
1769310010
1768188424
1764908152
1792880961
945589007
1693076390
1768938407
1774020163
1756651822
1765691793
1774170269
1775460387
1754028124
1772615070
1184965523
1769464019
1774596095
1787615269
1752404458
1773649025
1764764722
1768512484
1761433288
1755390578
1765595337
1166459412
1793595221
924368306
960502591
1752959786
1307457062
1777938787
1768590520
1770463926
1776342425
1538846596
1751520408
1759399964
1777546512
1764393390
1766083340
1719874822
1751308784
1762521042
1751400284
1781165859
1775716613
1764348564
1784639507
1765874940
1751323316
1776202798
1773689367
1775283849
1792827239
1771201911
1759999644
943454104
1759705304
1759975458
1751432658
1775924525
1765608863
1774046333
1760822702
1750519290
1770149503
1753805160
1782734283
1778357245
1770676342
1770492509
1767493996
1770095657
1794743375
1757883732
1780182607
1767557143
1760580446
1775905435
1765247390
1771524136
1786257271
1774095235
1774345973
1777275819
1776824263
1767079739
818637279
1777368423
1780309911
1770444726
1766663817
1751382656
804799168
1763487358
1776975667
1773596901
1779233013
1768152728
1782060625
1769789121
1791621755
1774138311
1759712842
1779014009
895046279
1752396964
1758704436
1757298812
1760212800
1785170711
1793295343
1793764671
1770710000
1768768688
1766959275
1757610662
1766954717
946948335
1757810938
1764063880
1773705940
1781761763
1783535579
1771223009
1768372292
1757709044
936501406
1766184101
1792876783
1760270694
1767244975
1765024284
1784947821
1771206472
1774082267
1783334477
1767622081
1766515835
1767012844
1778934254
1778326350
1770602687
1784793609
1774992419
532560209
1768242731
1767911737
1760963852
1779185024
1769251183
1768382862
1751768996
1776212185
1780279143
1767480809
1768626976
1765620987
1775940351
1780221243
1764525086
1774298591
1759999524
1751481804
1774900999
1767218457
1777563567
1775338155
1768743638
1774138425
1759900518
1001857824
1774104115
1687160718
1754718740
1783091171
1775500677
1767317124
1756350314
1751980594
1793131747
1772033711
1779694592
1778430574
1770031988
1779871035
1755122742
1785700871
1764088299
1792386953
1764694693
1768903094
1768280049
1783957993
1759934052
1760439710
1775212813
849331043
1787007855
1759965974
1753248402
594234344
1774300047
1770017150
1778416074
1313120564
1752743760
1764696630
1769337756
1725035648
1763337226
1752918352
1766452779
1751457496
1783989197
1751728312
1755632964
1769612394
1766988365
1765599615
1781007459
1791835349
1751763474
1756637620
1769976383
1756637964
1768975078
1754107488
1768916612
1760104402
1760003548
1784335157
1758796204
1763965794
1759715558
1782322305
1753615278
1181678781
1772976796
900455033
1774710951
1775557731
1760761670
573947542
1787521795
1771732373
1768325527
1791365577
1767521942
1752772956
1787433485
1755252354
1760046198
1761031324
1760220742
1745575384
622429595
1770315599
1784233221
1775539891
1775003163
1755175014
1775545535
1751400422
1773640139
1775845311
1767077286
1754361012
895059571
1757432528
1100155178
1767321945
1766756079
935171822
1777567419
1768970000
1774993095
660827791
1767387493
1775323750
1108751094
1754185534
1776445353
1780022219
1763484596
1774968523
1768160249
1754464020
1755632102
901537573
1653203972
1783507569
1783023051
1769084961
1767487497
865744789
1759387576
1776770629
1774689397
1753348390
930563922
1774978953
1752640934
1774111003
1776055739
1761458050
1753955494
1756401258
1769806788
1776821403
1549822236
1793773437
1790723905
1759961898
1692772273
1757119445
1755218048
887335822
843740310
1764016962
1760683764
1777122720
931929940
1793152633
1784245845
1793761365
1767377869
868785362
1756322138
1775882149
1774425889
853831580
1775258952
1773272965
1792964837
1778739506
1765603591
1767185029
1774778387
1766505966
1761382413
1770272370
1774107629
1770353149
1767168853
1764065246
1774270069
1785050039
1761663462
1755406516
1756560044
1771784956
1793367711
1767466290
1235739405
1790725179
1776527916
1765761274
968343462
1793695851
1333386886
1743607090
1774024447
1746292620
1769035125
1767675505
1767169025
1792491553
1760010788
1760182292
892483561
547293478
1740557289
1789275545
1760527480
1774457579
1775295051
1777702083
1774129193
1783108079
1762676744
1769241699
1775253843
1775700731
1767136202
1188766056
1776784579
1783125667
1771187010
523538069
1452680125
1767168949
1792635263
881128066
1753248356
1753263432
1760140014
1777133615
1774732013
1754900830
1773818924
615410013
1754487712
1775548145
1768789518
1752969766
876379197
1777032385
1755920650
1774017443
1759998458
913859983
1794854793
1759928782
1674703740
1778030844
1760025366
1761103340
1761349376
1752783530
1763877050
1185776359
1666541712
1753848720
1770479622
1767444511
1779062071
1767168999
1756760004
1789289477
1766776105
1784657937
1774116387
1759630628
1765441010
1791202741
1777433253
1752969806
1765643585
1771830130
1764218168
1761718280
1766802342
1767169019
1747357569
1754509544
1773855701
1760005476
1775688145
1647130288
1760258518
1389460020
1743560618
1772320517
1753531460
1759854798
1752638742
1774773828
1756976938
1765691043
1760201046
1775139456
1771563455
1776174819
1774296107
1770308953
1766586333
1779594921
1752929764
1776891033
1762027566
1777600334
1760258108
1774398943
1774253399
1780112223
1773851960
1763576272
1774143695
1766717980
1761695488
1762420148
1484966277
1779308194
739224763
1760085610
899210594
1775528953
1764519843
1751443430
1776419079
1769944897
1775112123
1774400671
631636515
1773649243
1774804445
1760481466
1782705411
1768067902
1762505582
1774087651
1771008931
1766597075
1765552993
1760776194
1768615325
1760135640
1776958058
1564011183
1754326540
1760518516
935940898
853420271
1773194557
1324724277
1766239543
1774102433
1770680647
1791991741
862620646
1779761216
1769416219
1752168724
1751979174
1763613158
1762942834
1755413080
1773834285
1778547442
1774105193
1773939747
1763815052
1774607377
1758558214
1774370307
1749900468
1771709251
1778160936
1759526448
1792543057
1753014186
1766820573
1765153060
1782909259
1781867479
1765524353
1766276387
1789569157
1758993802
1757627314
1768818058
1763009592
1773936030
1563750909
1760240868
1774516445
1782215117
1767089171
1768448654
1759953794
1775236133
1790796203
1788864987
1767633807
1756791628
913879409
1095298136
1774046937
1757530408
1782979313
1777371255
1773076310
1751377996
1765552015
1759973038
1766611738
1774466753
1774527779
1779869955
1754095842
1770036630
1760550006
1760088858
1769102589
1771679778
1767170985
1285058743
1766948895
1772207773
1778732742
1760481152
1775705015
1761754652
973982722
1757732504
1767336877
1412190023
1790152717
1775294595
1064161100
1776172738
1754299740
1774016189
1765577649
1718118600
1780250253
528769421
1777967805
1772311818
1730835573
1758029846
1783500283
1780307072
1771646798
1785219791
1208080989
1766481447
1775005008
1751347396
1245199354
1771776284
1760564816
1767491231
1774460208
1775446697
1752038968
1780431344
1793131329
1786372123
761093199
1768022078
1767180458
1769738422
1779213033
1774956365
1783883403
1765443344
1767891674
1228473044
1760441154
1784219503
1760146790
1689494739
1751309384
1774682861
1775607273
1758868956
1752344526
1794844815
1778980661
1767933193
492291899
1223920404
1782356507
1777863433
1779925889
1780641776
1766297595
1782801913
1767031299
1766484030
1765571303
1766465983
1757431916
1770960451
1769203299
1778348974
1776590872
1377854152
1778998736
1770223304
907775377
1774419729
1348354802
1754992824
1758981374
1768065321
802721742
1774092335
1771122408
1768753492
1761652978
1765657495
1770914673
1369258459
1765679996
1758038386
1760889886
1762584046
1348935577
1744219800
1754304336
849698222
1768523763
1767033000
1775135357
1767189172
1773546053
1766032936
1780644550
1769875796
1768811399
1774185585
1794845927
1778352667
1766653184
1763174456
1793183673
1779865829
1766051193
1549818240
1767476093
1761568046
1781498207
1769974119
1763390054
1775200197
1774943143
1758126702
1774097265
1549813966
1759479972
1766026562
1780799989
1765889659
1780643846
1765313434
1752059874
1765593453
1766762849
1753886728
1188462388
1760915856
1760824362
1777664431
1754120204
1754279118
1765476270
1766121032
1758323466
1760416266
1779179243
1751533732
1752472690
919040653
1780642846
883432339
1761557118
1767092121
1762651416
1768812669
1763454714
1767860428
1776003973
1391895247
756299478
1767279424
1413336932
1771096123
1775737085
1774477135
1778227972
1770322858
1774026675
820084943
1779584777
884191075
1780638724
1764302458
1760059674
1760796520
1729583376
1788029337
1759414382
1417182411
1777711591
1774862405
1782203559
1778132797
1767492344
1772176550
1757710434
1751474344
1766870374
1778663365
1774158583
1765933565
1761452728
527617002
1776224867
1780658765
1767008842
1773442148
1781451571
1766673733
1377204822
1535543153
1751469234
1752877076
1773082609
1783996355
921618934
1759116602
1738619826
1761539126
1762393320
1775497123
1766726571
1774002401
1768424379
1766132433
1775058925
1773512650
1768053924
1793337305
1690225010
1780639002
1759398222
1035290957
1770604173
1769852076
1780283414
1780634432
946340536
1765391122
1777570503
1762789546
1759918616
1759110722
1766776825
1765681339
1776078095
1755399186
1167716076
1752132406
1773929247
1784998191
1774993851
1777754497
1774162109
1790914695
1756142068
1775950963
1783958779
1781762683
1271033166
1759934948
1757280054
745149155
1793809413
1753707309
1757686954
1759405562
1786592349
1771561202
1775031237
1772409025
1795368495
1786265625
891053564
1715676291
1564014777
1747166818
1768014438
1642203250
1764141592
1258027279
1772305809
1725839249
865080974
1267213312
1768070352
883872063
1775744211
1769949032
1773277667
1754855696
1115138056
1774439665
1778722858
1778657728
1760470814
1774344603
1775986666
1793551547
1769188586
1774231945
1778610000
1753462576
1780647640
1092999382
847800650
1765199006
1770198693
1768718385
646956382
1776200960
1775887804
1788160053
1780282831
1753386416
1767418421
881679374
1771954451
1776048383
1751338564
1788160315
538719012
1769156927
1758447356
1758538486
1755784114
1765090971
1760652996
1661212729
570322542
1752534218
1764656034
1771812971
1766104801
1796389439
1783402484
1789994703
1775209659
1773852437
1766986600
1763896540
1768303795
1774114169
1752820366
1780658503
1780674814
1763752028
1772915396
1775692299
1774086213
1752017344
1767139007
1774841072
1757437966
1759143794
1003969345
1797602955
1770458802
1773105463
1452131195
1774290603
1759879318
1771847740
1750891910
1760425802
1199051168
1770956303
1756756866
1205874088
1782149637
1773514758
1773126507
1759969346
1784677893
1791393163
1762765630
1771929081
1771858604
1767665631
1775063051
1791320545
1760070590
1781747799
1752133388
1780638910
640030762
1749987308
1784153393
1760100580
1291705305
1767689414
1774343275
1765822522
1772491553
1760060040
1771112405
1795490945
1776447557
1752354972
1761358202
1768887895
1327217753
1760090618
1216964361
1781168384
947589703
1783241264
1771820360
1767279478
1786131011
1768566969
1756041230
1772230529
1757030108
552522335
1797598277
1761141638
1797602129
1767003494
1777011391
1763193717
1657804879
1781953993
713879596
1773516267
1441643392
1784642489
1774161633
1781525911
1770554431
1770863039
1781167780
1768202475
1777669856
1786236045
1768873655
1780143784
1248636410
1763789572
1767199463
1752469946
1752721652
1782725483
850921258
1776721947
1765472214
1792673933
1772151618
1769221331
734307219
1763386232
1752170776
1405562439
1774843379
859406982
1794848903
1752518944
907183755
1781864417
1771409596
1779665739
1797599909
1785392701
1568522709
1781167948
883536133
1762026197
1765895022
1679419346
1752049028
1764143190
1773022485
1757593408
1770596819
1778392712
1399494198
1724750856
1782211300
1773768155
1761003650
1759606690
1768880241
1772150628
1774542266
538717792
1784325317
1767704443
1758296268
1758001574
1768523810
1782177405
1764769693
1507540068
1763923602
1786042391
1761520182
1770406925
1751925340
1766686172
1767941696
1752332922
1699024060
1769823501
915861244
1752840760
1342499425
1780229290
1256187104
887030522
1771849316
1328528996
1773581368
1772329475
1791544149
1768296278
1766416314
1767786513
1797601797
1752505622
1774540138
1783656809
1774093635
1765438038
1788729873
1756123992
1774555897
1766431565
1752434300
1767854927
1797599211
538719550
1794849779
1770567214
1757090152
1777796885
1751317294
1751315926
1773170795
1771834394
1759512618
1790272061
1755287404
1760105564
1446422375
1761895338
1779177590
1774904384
1774685572
1276404738
1750637552
1765438632
1754570702
1245692288
1338994252
1328459182
1755274578
1757253780
1775898291
1778192688
1770951411
1577083019
1778168069
1762632880
1775861615
1760160082
1752039554
1752745014
659648467
565920799
1783398298
1797596029
1770412392
1729988180
1185927059
1765560143
1797597761
1784320099
1774215861
878867339
1772412577
1781168694
1771951060
1765522184
1768864702
902182505
1795369099
1773547612
1773681193
1754509510
1761104344
893006255
473122470
1693592527
1781167898
1780645946
1756754882
1794853385
1786210063
1775063091
1290976975
1756443686
1760728748
1773559719
1785686989
1780149519
1795369183
1776240633
1763646908
1797600603
1784538387
1771792044
777491070
1794420241
1771800261
1760138396
855034441
1778431547
1769981021
1751751706
1774681199
1780871523
1779801569
1761942358
1796926749
1774546903
1752784524
1285616898
1108876698
859283421
1783290397
1761357276
1783406182
1647154858
1765079672
1786055199
1746669222
538718646
1768197027
1752930090
1765601289
1774269681
1757829690
1756015354
1752239476
1774361257
1767280232
1786812403
1770219082
1752695356
1793191749
1797600629
1783395884
1786238919
1767971998
1760204724
1742423780
1755993056
1782881124
1754380264
1769117517
1779301113
1642121208
1768900738
1758562610
1767431210
1763889249
1776870093
1770956465
1780126517
1772787264
1570949270
1772434336
1786300225
1076702868
1775348964
1767403509
1766780865
1785838595
1777777056
1769188974
1764299122
1774447599
1771501989
1770315332
1397964298
1708546863
791375697
1785701293
1783404146
1765987627
1446424351
1767268483
1446423211
1794845921
1769133437
1782146989
1564014035
1082275228
1762104946
1752546958
1772843797
1763479010
1783190315
1784189953
1760213142
866374688
1759877735
1783400482
946366989
1769170780
1794878285
1761086106
780401061
1797604179
1783402398
1757615074
1753541944
1771616053
1770950497
1754096772
1766606785
1795369535
1797599185
1752690210
1770955811
554742072
1779573217
1770926369
1760551136
1766317326
1774796859
1070259155
1760077590
1797784633
1754016644
1795368799
1015580333
1755391618
1760179168
1790246141
1771333701
1755172718
1757626184
1761710420
1785043393
1778897756
1751824260
1775492761
1794109067
1767431208
1778730711
1765578371
1783404216
758786933
1768509677
1797597795
777490878
1768496807
1781526032
1797604649
1770668623
1769801200
1759888738
1776512166
1787753037
1783400012
1754305650
1776778855
1755847508
1783401264
1783398826
883817195
1013210745
1780648740
1777037653
1769218801
1240681890
1775334205
1768512282
1794053053
1783948024
1660784223
1768656029
1771673059
1765600727
1759061624
1768687554
1758399448
1776377665
839332506
1755047926
1787854621
1773036861
1678057564
1797600979
1761633642
1786798551
1774992089
1765118800
1768186049
1656315517
1793216167
1270499194
1753313362
1771185869
1760094674
1760367698
1776672667
1797599853
1773961022
1780646758
1772554469
907167519
1783401656
1775616518
1766848052
1793100333
1771656999
1767932376
1771848076
1779495871
1774080391
1352980433
1794851679
799127429
1762323253
1769393164
1786042197
1794063911
1785658519
1785751675
1765035513
870201409
1763614798
780704715
1766688647
1443068850
1185402425
1793312889
1763969726
538720820
1778673135
1779957900
1797738785
1776975259
1772239859
1780658971
1753945818
1765616533
1766911223
1752660930
1781794111
1036193343
1764155928
1768176690
833696284
791375993
1776427633
1759855470
1775238685
1768091682
957685803
1757136180
1752915772
1761369586
1770824435
1768416578
1465994044
1762901520
1752385394
1791831705
1768735107
1757238859
1070626284
1760415906
1768566880
1795897479
1751998888
995914956
936445113
1760492888
1766789182
1770361450
1778253184
1768711771
1752317000
1768518267
1784069722
1770691909
1772198739
1183400693
1780656082
1782852194
1732010475
1777671821
1760000680
1774239885
853354490
937858400
1775786281
854215186
1776408912
821745729
1781586666
1776003535
1763099376
1721149938
1780729300
1752801066
1786650109
1781172358
1781172300
1753158414
1794819399
1767126471
1753312302
1649471042
1779149163
1795376495
1769266643
1776970253
1778291549
1754848538
1770876453
1795892033
1762214486
1740478283
1797564701
1751309388
1766765562
1756843346
1765563529
1776861279
1795889619
1795891593
1789088247
1760266554
1761936316
1774215329
893968028
1776884973
1781238652
1768470627
1793891445
1754151684
881167694
1759874662
1671657764
1774146125
1772632025
1784779311
1760715992
1785776865
1073479856
1477886771
1761300396
1762854302
1770903611
1784064874
1770108110
1783360014
1766630862
1766541056
853354308
1772596926
854244921
932663482
1679641605
1751387658
1792683671
733281195
1767501243
566285362
1779364288
1770532825
1773872114
1101980096
1774400925
1764889822
1783364814
1795371915
837432597
1281317870
1768115799
1766700901
1761726160
1775440859
1783361562
1771315141
1772724693
1760445456
944139874
1756443032
1607867501
1769217847
1770766228
1795896665
1781170790
1251168743
1780732614
1770149688
1727700324
1784064512
1767194283
1759171850
1756760586
1114208890
1755161060
1529846523
1797568635
955499203
1757102716
1758335760
1753256590
1768452998
1754038758
1777189541
1796400767
1763849302
1781170894
1781170188
1780563470
1773938826
1767973833
1250712871
1753349054
1351031649
1763824549
1777268847
1686165629
481320770
1784063812
505033514
1751389438
941032475
1766831243
1769968754
1772437840
1781692538
1758124124
1766452741
1764584822
1762118796
1756585512
1752142912
870849270
1248965886
1765241436
1788117551
1202472324
1794746613
1769559397
1753858358
1757252344
1752697666
1781175468
883400759
1791970405
1775187675
1784478464
1760604740
1516313005
1768518394
1784531429
1781669857
1766919800
1753846612
1785176575
1783261987
1762166484
1754459924
1782217438
1776057847
1778795816
1753785890
1609180025
1337028084
1783539701
935307851
1770559482
1760494858
1161935528
1796413995
1762116014
1767633400
1770797655
1773464719
1788005697
1546452822
1768098925
1776947350
1797562683
1790660395
1767347415
1781170024
647622239
1771809883
1761244014
1751378118
1752381360
1763674258
1767846179
1791322479
1795370387
1490753555
1760006718
1781693574
1199693719
1742501414
1767016481
1620806101
1795441689
1754533040
922769874
1773048537
1761647106
1672003571
1782856880
1767969170
1779680367
1779636776
1775311665
1769913518
1753703718
1721137258
1796157011
1775035428
1771591430
1753591184
1764977558
1787569713
1717597425
1779512088
1781690028
1773388771
1779458619
1775866864
1154163652
1753861324
1742585238
1796419599
1780638131
1781286609
1787574237
1769713703
1784472632
1788822485
1767881410
1769690236
1768744615
1762473174
1784480926
1768247858
1756093950
1768458119
1779294675
1346059884
1766465957
1774236589
1760673920
731080600
1129516342
1768009278
554739748
957503623
583195321
884364663
1775787514
1766415463
1784897305
1771395958
1347522929
1775927251
1755612542
1797784965
1743055723
1797562785
1797560029
1768287379
1774671977
1769074681
1780167552
1775624027
1767518291
1779564888
1768888173
1792528403
852043083
1792220351
1774386771
1783357992
1796414665
1781584039
1795370561
1789269879
1774194951
1781690250
1798169419
1797808027
1776500380
1774983729
1766922918
1782423571
1334679874
1767137283
887069056
1766301089
1759857606
1795370599
1793752629
1774417803
1761762356
706698232
1781691200
1756643834
1762050126
1777901355
1752650316
1770605052
1793209183
1797550449
1797561619
1771747533
1708131675
1781173494
731217464
1102334992
1763334046
1755409978
1798007309
1769426402
1798248335
1779069374
1771358497
1772993722
1755896426
1785304699
1773988898
1773282117
1762658182
1761297834
1768933954
1788881869
917808714
1784285982
1759603500
1783212689
1265607412
1778822221
1754458512
1767656763
1797563401
1759813292
1778813249
1754913748
1773540933
1753689948
1756471264
1797569431
1650101417
1768497662
1754148988
1795371363
971930043
1785039075
1766304944
1793761821
1772013444
1532209233
1760136140
1795434385
1798265843
1766137375
1784062652
1777564805
1780640480
1761939818
903720153
1768803335
1773714249
1785581423
1771311844
1779136146
205512727
225552712
1427055613
1797566575
1797556753
1756116754
1777967490
1753313062
1754071690
1774724653
1754900828
1790089099
1771580559
1761363068
1777460349
1354536237
1781879557
1790722247
913929133
206577869
1759768143
1753350376
1766227951
1785363463
1367285476
1785774163
1783556888
1109706928
1781568601
1780639612
1217023445
1753898062
1754405780
1797254187
1778109127
1754999672
1765513165
1770577046
1774913684
1782721015
1779150073
1323087168
1767138435
1780158564
1766521499
1751332496
1771039900
1766993907
1780841793
1207246030
1752667300
1691985287
1769429076
1766030698
1780759867
1701947135
1752718466
1765142290
1752747518
1771387389
1797561139
1783359678
1752608488
1635583853
1793794205
1765516445
1772133775
1771710595
1430226924
1751462208
1797565099
1108020814
1789797551
1789373767
1761244406
1783602114
1756194524
1795897111
1785008109
1754834818
1775203924
1250795710
1787601843
1783364884
1797564589
1795367929
1775937183
1756377670
1753248854
1767428181
1784047878
1760733284
1795374745
1752556310
1769095413
659646573
1774746899
1609273267
1788406673
1787273035
1778765823
1772720647
1774339547
982171951
1670111272
1781792761
1768904956
1759856182
1761723022
1783559786
1760591694
1766259869
842740875
1783542133
867071875
1774018629
1781169184
808865466
1772838489
1768876399
1774962299
1795440325
1717198234
1795895901
1677430854
1779919923
1768385525
1782707815
1154306972
1795373355
1765573849
1505498564
1774538453
1760949656
1784063824
1732566848
1765648163
777174491
1794760643
930619294
1184014583
1781175444
1795370041
1757934106
1773722940
1305055123
1779073990
1797112637
1759907084
1797561959
1789550723
1441580557
1782426677
1699167919
1759832336
1775182633
1769805040
1768910650
1780529578
1752309548
1773930711
1778685536
1766529920
1786135201
1646162346
1697507911
1763380530
1763023146
1770199982
1776662691
1766824067
1794862129
1775175023
1768889325
1778477218
1775005728
1777582652
1770890128
1752773048
1101435043
1778368962
1767130961
1788171481
886729718
1763954302
1798009081
1769623094
1777217055
1765465786
1767243491
1793673725
1768470665
1773516162
1783618002
1774391727
1497307725
1793744559
1779044493
1783368930
1777639921
1676611299
1752087854
1791375699
1766870761
1058784487
1784477996
1766981364
1766944041
1781692236
1781172978
1795370679
1784047946
1765591903
1797543069
1762097462
1771728514
1795370781
1795370063
1769280288
1793011973
1628592023
1790534809
1470765135
1797548293
1514362890
1754100522
1771086985
1758577534
1794035131
926588250
1795898337
1771600498
1776700641
1754309800
1388966903
1783367710
1783358888
1797555733
467728998
1753889776
1781697050
1771217064
926548720
955206855
1755277382
1778396898
1677410828
1754930696
1780801318
1797466895
1766243627
703534476
1795363881
1769839786
947710883
1793763975
261998029
1794712981
1781234628
1753291802
1796052239
1763136338
1771658136
1720456031
1782702543
1781215020
1761652444
1760762252
1754274362
1760337480
1779626012
1772053557
1780105075
1762050086
1758830058
1307258943
1753900496
1779819645
1765101772
1783361398
1759441628
1789334725
1538314723
1770290177
1774046985
1786817011
1779743634
1774579229
1770911575
844448540
1777073375
1665670349
1607536002
1768858363
1795429607
1798248171
1759600908
1779599969
1357777120
1669008583
1784479558
1775307969
1753253024
1774186748
1775237247
1795898633
1771229862
1133054847
850495452
1754242054
1754605896
1783364994
1781167332
1716360932
1774117655
1793806503
1798606427
1782213784
673021700
1758034889
1795368347
1784105675
1796827871
773250087
1777854195
1789289297
1781697182
1759814952
1761772764
1368289792
1794091465
1774917015
1796415025
1632579846
1795437067
1751456916
1756647438
1798281457
1765179754
1774939771
1778351406
752365692
1769090862
862167170
1781172746
1497285558
1781695260
1692314247
1782413179
941940058
1778662612
1778146672
1769272229
881706177
1766287709
1795374275
1781692602
894370177
1783953703
1772861275
1754510732
1754769208
1759586604
1780841870
1555960452
808950146
1783369330
1783354648
1795376563
1007444195
1755925830
1783654369
1795892507
1550937341
1773977617
1765607881
1761059208
1766909514
1781673659
1783478675
798882201
1760762914
1724235458
1778693518
1768225736
1774889469
1760915778
1760435104
1765417392
1532819468
859197398
1774891607
1652196776
1756867026
1735657435
480847230