1767225012
1149743229
1766642048
1486367493
1773885525
1594403694
1776011865
1258493156
1603705645
1673169740
1199555706
1566907752
1558121120
1670582797
1533461403
1474981921
1498872228
1670227067
1716619244
1705879686
1699973261
1758051424
1665562508
724454265
1264417484
1529823964
1770750442
1577414917
1730079864
1435208294
1415794744
1518753334
1618238758
1758225790
1183589895
1463685114
1428309241
1682215202
1741256549
1678166917
1745330881
1018178111
1740783447
605415466
1514172577
1600432122
1406731237
1389097474
1719775273
1525724705
1584164903
1451461919
1711621404
1759626943
1475485878
1195111556
1690780062
1492194802
1730428179
1692951475
1686725393
1528446641
1707129725
1762047039
1606355196
1715831116
1695483361
1692700165
1691902701
561311783
1687992309
1049673787
1670728772
1585441103
1190439282
1643662818
1395635390
1662839722
831331447
1751171238
1213661225
1643688658
1596802917
1694221561
1452400769
1718005755
1617504040
1474077637
1694842907
1730456244
1433019823
1531177820
1674935708
1561030666
1756371762
1567410144
1785283871
1311548597
1649395914
1749100294
1396530400
868526564
1506374525
1672478717
1744671119
1677811286
1151357892
1259538859
1769688119
1520508034
1721766714
1748046474
1665979581
1771880598
1726009970
1536361545
1469380187
1766615214
1565751367
472762708
1164075979
1675529729
1778129990
1226899966
1761701028
1188723386
1728366126
1149837550
1730120671
1418881891
1517355631
1762095744
1415867613
1155796790
1650889258
1711775743
1767641616
1096834080
1625392719
1541106268
1385449158
1758222154
1760861701
1371237010
1456219079
1464446480
1492528341
1329966901
1417383177
1507682751
1718267698
1198872040
1452677900
1716433428
1724333639
1492886011
1759986507
1691870609
1747472585
1651544295
1578647139
1687317646
1784057473
1455101145
1702632885
1756452861
1606594724
835604529
1518414991
1519797854
1315252472
1323141806
1783328976
1576625754
1679752505
1689569856
1746094265
1613934592
1767920442
1756829995
1099224556
1723079073
940181080
1646174852
1730056127
1392752902
1772886824
1010624222
1675405097
1769995753
1516156600
1666647004
1255992618
1483724319
1759986300
1779985011
1644368894
1676494884
1643476327
1720211701
1753095942
1436413977
1359943530
1567809288
1682119334
1164067814
1714042130
1592907504
1648650500
1562231586
1634371806
1704911144
1098459511
1490786748
1772413474
1666798085
1727498326
1689226602
1588946923
1604968436
1645794082
1739964675
1659220402
1691696510
1103507112
1702017379
1422871902
1770144056
1498249564
1639277765
1777440606
834898468
1754737808
1327631369
1367004349
1329971776
1660816172
1724076791
1777321376
1528008423
1729095073
731484800
1742600930
1709719053
1656150230
1332502781
1625384083
1267117351
1749204137
1589195864
1722717294
1271100348
1596923602
1434288045
1274308939
1781229924
630824785
1451384357
1576426625
1241459971
1712435872
1669770693
1768089908
1716265732
1518331253
1395496340
1744273497
1531411301
1748889803
955837072
1580510756
1555939619
1790428991
1508494269
1688351877
1783290803
1784590291
1707578398
1635217189
1719884775
1638246084
1640493410
1562340157
702665174
1121323103
1221084567
1773405490
505048548
1547717089
1602008997
816783799
1677792398
1769762588
1621692264
1762050682
1377760990
1699929834
1507833030
1692236102
1389112915
1719605638
1166688656
1271451223
1196558512
1234703823
1718058755
1422839951
1788218261
1774889455
1426628499
1487710845
1784397583
1455481893
1049667232
1508754594
1730558983
1714352782
1656872534
1602231247
1424021596
1753517996
1285722040
623522363
1309034721
1704753178
1203411259
1602369908
1680452514
1514820957
1783093998
1658730745
1789908351
1366521772
1298632979
1745306060
1592846604
1515631169
1557793045
1665430555
1413106597
779883759
1580700936
1480769052
1718325688
1303208526
1709147221
1557585331
1454699525
1496275935
1638591906
1694797549
1407445636
1573422243
953884281
1473314624
1395101929
1409739439
1245199409
1381720656
1709076605
1656861775
1557223012
1536743359
1076359103
1784543353
1777112610
1797507605
1543412405
1683418013
1415982999
1683718214
1305796204
1783386216
1781844302
1489956154
1795846327
1749519306
1370652443
1438203224
947104546
1458498422
1303770865
1529592162
1710859467
1603227408
1635878193
1775525474
1723032102
1524902913
1576958928
1515338621
1327448346
1766631030
1783968737
1415865605
1760017316
1304928312
1643633450
1043321297
1768818830
876745579
1775475094
1494509564
1561685012
1496648071
1738778165
1591159844
1776481237
900240558
1216597328
1455522285
1621705586
1470459913
1772132512
1438614303
1369504934
1549631277
1214244211
1199757458
1194865208
1584303973
1658187897
1632046646
1688121734
1766073302
1142109729
1302994275
1689412701
1709867106
1293797518
1766351318
1513017001
1788192311
1029525886
1020614620
1453557786
882098797
1782989714
1728727268
1122905685
1451287515
1537263675
1258109819
1737264809
1690087837
1516239480
1158402023
1558660587
1685173353
1732617971
1175162048
1773337839
1753586056
1433830495
994438777
1756221166
1673715352
1762123610
1464668184
1435809526
970981641
1797587241
1175683213
952639402
1230552516
1624969050
1775525049
1550693789
1432907722
856704271
1185091906
1381952044
1715224294
1626510195
1797194787
1752302266
1744186344
1581892037
824464125
1702690780
1305882272
1721976333
1476670323
212095928
1430470980
978156148
1541744296
1594119883
1772659726
1542296744
1567779358
1490484996
1208163026
1394573536
1514995091
1459833470
1756408817
1712478240
1649166229
1778698488
583809158
1567898070
1782532282
1746768304
1687970658
1602182375
1783385418
1795532881
1394652219
1553662992
1652385404
1640690533
677386891
1718084077
1656418963
1776456563
742666334
1688024105
1678840232
1656678930
1704970817
1754206262
1646035556
1490475556
244832265
1585179764
1773608371
1653942866
1523220583
1567911539
1615082227
1099308302
734239422
1486055020
1638956929
1714533767
1797584917
1397411884
1603598749
1497058390
1686984875
1689339175
1237194399
1781960159
1632217507
1782067874
1499510894
1645441090
1215522775
1425878271
1397464563
1690581813
1756668782
1394767362
1546875367
1779090510
1738821074
1679687540
1159731304
1656207456
1733946981
1063138162
728794908
1715926305
1451807895
1545941287
1477965842
1424117900
1431212178
1531713546
1695470923
1544723973
1665123078
1618899377
1737028518
1496001754
1680563347
1773577769
1682953071
1586851473
912876556
1668173082
1330705209
1400171436
1544596260
1486765435
1639584135
1313064523
1716952853
1634657977
1609171201
1297246928
1636575627
1375105136
1684092942
1039235282
1554202202
1316788155
1658914589
1485921619
1677685614
1542484024
1514438302
1700689223
1684906606
1735393694
886456733
1576868642
1475134979
1796792501
1209836273
861695276
1525811766
1781232870
1590523745
1474076149
1707554431
1611391210
1347569101
1653389273
773294363
1769566911
1734381864
1442007127
913577995
1645638405
1273001969
1716235528
725643450
1568102464
1730174319
1696744469
1116924219
1640099822
1174138105
1233007211
1581355850
1788240357
1610106203
1530468328
1316336790
1561719349
1084515986
213018343
1782477115
1468610234
1179347653
1122107134
1175516093
624958145
1682735971
1492616532
1645450273
949686286
1404162127
1750403052
1455913476
1773485115
1779842121
1689320391
1686749107
823162492
994138576
1584298297
1340502662
1001459782
1392756261
1702998223
1783301974
1191707624
1709853516
1580582623
1118147653
1587837424
1318598067
1399456337
841533122
1768915878
1796805269
1772390984
1762927827
1781164401
1500772449
1248496402
1224638084
774165334
1652793262
1443657108
1324621438
1535216740
1307914585
1566048243
1745961874
1594614357
1724911141
1721130419
1163800575
1622433192
1743740136
1730434583
1731552398
1723582314
1710848142
1797565371
1783277586
1609909952
1620013067
1742729352
1755936112
1764710057
1781565108
1518616952
1595435173
1648222323
1023588506
1770946731
1683576168
1479768285
1225192224
1670484081
1196790001
784505349
1696744763
1617979271
1734658652
1431447002
685033926
243564770
217576844
1262916958
487549885
1223034508
1688126370
1525143636
1532336197
1782446896
1759144814
843787167
1654541420
1295211512
1754824331
1766111586
905426107
1472389853
1107008977
1481855365
1689921787
1155791598
1735992656
1762762064
1102166402
1767274234
1543887146
1704171175
1655422291
1683697942
1784223359
1404947613
1506766886
981581498
1782451924
1575291361
1402247258
1275972468
1011779079
1380632102
1708308913
771143403
1764411752
1745390064
1036611593
1423820999
1718220906
688977699
1797209933
1483339489
1017746956
935215307
1696099836
1156181998
1005348354
1569173811
1203497384
1332617656
1731451975
1691819358
1717510685
1560453360
1776809976
1296442797
1797220119
1651412770
1725321918
1797083949
1685932377
1731373235
1761952204
1607354316
1740896012
1721374662
1624280372
1677787565
1774536204
1655728635
1714027784
1504680425
1448970583
1663614049
1397458839
1264441397
1782452301
1025197715
1739338493
1676664517
1390576511
1781140900
1294919395
1601046275
1783140945
1776633054
1113540827
1793249103
1680537560
1713488089
1660138962
1785030231
1568525817
752863691
1749576523
1290528588
1642665508
1644522564
1581365838
1780054445
1783996365
1771569117
1638863642
1385996848
1772983931
1507132475
1773518286
1746412351
1795197845
1530888203
1383147946
1691991417
952319856
1716337816
1252572735
1692310371
1140137763
1292996615
1055965935
1740905627
1668654039
1070746831
1387078761
1613068970
1683824512
1689284400
1004300124
1749496073
1778373588
1756792712
1548893877
1758382872
1469157774
741974338
1743824261
1450125097
784198343
1719621842
1310900557
1275351121
1446282256
1534972537
1642532675
1749610968
162527411
1467468619
1732463280
1656902697
1740552618
1533581216
1559970201
1433450197
612716175
702672374
1783371340
1154270230
1748144845
1439547076
1514956338
1715835600
803175886
1338161487
1720651502
1474685185
1577581081
1092670307
1381783887
1606656666
1665982381
1672545941
1645463876
1171903239
1587686282
1482587301
1784204113
1487097403
1297147140
1552138914
1682558468
1686503880
1735687430
1383558908
1657843218
1644754816
1144780250
672041579
247222107
1326172114
947269404
1742453765
1430449801
1611513784
1644391531
1633125860
926662123
1680764340
1199268015
1693924557
1310018939
1677485318
1697287721
1694786057
1700685745
1393639637
1149824822
1773520189
1606655609
1531074625
1598927824
1727059485
1060387156
1433909719
1627941872
1770012054
1797558561
1385060796
1409145141
1782114932
1731653724
1018368287
1791682811
780099170
1672401644
1031529149
749289509
1658766148
1315285604
1781440634
1749232060
1321094167
1524113147
1585756386
1544305152
1170926292
1773578885
1768006829
1162402737
1725386042
1499891359
1588629217
1075861259
1314689598
1329856841
1621579068
1572117930
1190818755
1459878256
1486850789
824412807
1204354532
1797566025
1468230272
1272685240
1540502684
1526608297
853570388
1783961691
1335145521
1215251525
1353406611
1532642421
1503929347
824368620
1357355046
1634137668
1421370821
1779041626
1781921876
1463923027
1195289580
1684102292
1718133672
1023206776
1305178171
1709768587
1488625894
1531199014
1586815546
1503410797
1015202336
1741186431
1725826443
1797545999
584342761
1708780060
1659336645
1797528953
1040812943
1666013308
1641801861
1392759229
1580986022
1491589946
1673227881
1738452446
1775028909
834401191
1759055606
658198672
1183011512
1783471277
1363549099
1772126422
1498914287
1677888689
1724762307
1649269283
1749431454
849824421
1412802276