1333487985
1676060396
1763539716
1773338567
1504662622
1431591967
1425235222
811642028
1734797205
1767520526
1368471328
860041183
1585071926
1490631675
1491607675
1546758630
1575167380
1744887180
719778592
1714716835
1752833344
1321733065
876501930
1322156312
1745660444
1752112555
1064189128
1613300169
1776802274
1671931903
1297173543
1745500816
1593699078
1548220278
1716172706
1513132897
1166420927
1479358175
1561974947
1615821817
1523170502
1167481786
1516657969
1668972416
1776020906
1501300874
1717583254
537906261
1535750993
1283309093
747179756
1461016602
749235173
1403052192
1035011630
1477252259
1702375375
784367448
1591457909
1644541543
1770182891
1650930834
1773845646
1770447188
1440778526
1468640267
544727160
1218374689
1308712022
1642665508
1683783435
1371397603
641736447
1250871442
1768317983
1151169870
1764214566
1547177786
1546010541
57007323
1050772998
616765145
956687425
1569849435
1013896309
1393078503
1671167063
1054141860
1107069420
1667150605
1424338149
1461013034
1263732360
1539970480
1052863168
632811001
1270846087
856510776
1157194922
1763279184
1659198816
1626918285
674968002
1616402981
1770404785
647083109
1757350928
1363631497
959004326
1669759979
975220177
1688668089
1744905717
1430407659
1728527860
1588203521
1786274393
1746359416
1150453345
1030783616
1289319816
1681275796
1736797389
1734419963
1029698212
1623190577
1709884963
1640487692
526289382
953311345
956730753
1553045780
1754339779
1277363787
1650642069
1697751915
712005733
1777478167
847118875
1774388317
836927196
1704886665
814742117
720476406
1039960473
1773693181
1042947361
1618004009
1746922673
1759797125
1706138404
1766692138
1442258097
1705736640
959868291
569399469
1714500668
1545701489
1712477089
911214104
1656086907
1485070851
1657711969
1157465879
1699357044
1767751254
1709049756
1309760802
1698137402
1715926305
1223522468
1750783655
1161266130
1557718574
1443690290
1672310476
1352883704
1584776001
1095119988
1766602358
1621646139
1754782073
1300897169
1596301172
1690871823
1487825836
1473936899
1703293028
1450150228
1298825916
946712504
1666491737
1763594882
1178708813
1706670041
1456747759
1578639841
1787121965
1567668335
1723389049
1040736102
1518031751
1716775479
1644347194
1706076878
1719959606
1692590798
1309138743
1312864268
1569103800
1377156114
1632488744
1739102523
789418539
1694695860
1718791526
1072822761
1354804851
1660074915
994362086
857338804
1612825876
1550549414
1677548573
1598131737
1562198685
1728792492
1691572819
1710484991
1775210095
1639726043
1492638606
886523953
1649404622
1023495601
1618914912
1562651763
1632334126
1788105651
1754911930
1083329845
1484813971
1629361862
1526206450
1115326482
1794450461
559586166
1427036292
1577682939
1544715213
1779371385
1106764381
1053094853
1704614337
824124279
1735359346
1348923646
1727831030
1758045717
982446307
1563401405
1644157456
1724502289
988477910
1037650987
1619883715
862789878
1691959870
1523179741
1282956082
1672089624
1595987818
1550302240
1759183352
1450060560
1758205403
1221923965
1734475820
1563054627
1755865037
1478447455
1401299586
1709391495
1644377669
1323975198
556707775
1737316619
1343610490
1736795662
1475319676
1335820864
1767427807
1645069468
1489656342
1116879089
834027432
499223160
1096353646
1774942247
1629214493
1650630961
1119218420
1326508880
1700910231
1619047092
1599862632
1759547443
1203269138
1738777860
1756757540
1683189073
1791035349
838450409
1668001460
1705446067
872317980
1202538845
1766125087
1517344979
1607676125
1647255332
1740644802
1686201762
1046811328
1042453136
1758014213
1432697766
1781910141
1427189685
1186348642
935554448
1559722143
1755011016
1727232457
1760819054
1514035474
1558507160
1520673779
1419483937
1579710274
1627153635
1757952626
1396644548
1540503513
1745955718
1275461109
1747999171
1664536954
1175278094
1699875598
1156000073
1714315158
1572062397
1607923381
1343523720
1741083540
1764122237
1659253256
1728852962
1742820298
1260728435
1746244938
709614048
1320615890
903238498
540670952
1707461794
1419842750
1742539693
1719534140
1453548586
1738475553
1080090855
1706844899
1293542852
1161473821
1573467689
1441600692
1666619176
1757973036
782428593
1737456685
1626653240
922039136
1779145595
1714624741
1495266579
1654415198
1387433173
1565229555
1153031600
1675983915
1398803493
1562302893
1068230823
1306507201
1746696288
1719998001
1597182774
961022498
1094815075
1523369594
1430340371
1712095997
1783115603
1340699920
1276550997
1224289655
1526934596
1737719371
1717014848
886885097
1317226359
1532729642
1491747732
1770945608
1462172552
1356575311
1752115921
1175670355
834136357
925298410
1355749473
1550461920
1748858140
1710992826
1565622404
792013539
1600914785
1623454680
1594897781
1730732909
1511227702
1614559534
1483541314
1254289457
1697753924
1752620883
991042195
1267943916
1744753384
1714729036
892064269
1602488683
1174789926
1623195659
1741276725
1631385046
1631027311
1723462987
1647673942
1769842836
1196039267
1433227319
1052057083
1769791346
1231887002
1312868240
1777275946
1465081142
1595495968
1777343786
1252218257
726989976
1177293984
912494894
1015151018
1749028816
1550311926
1178212512
1673768603
1736532949
1502789892
1766609522
1536805441
1761566307
1784972409
1277955442
1726520197
1460057764
660732641
734243453
1165093288
1569940133
1177267992
1286935460
1568217041
1728753852
1484002155
1620392791
1757962288
1198828398
1455843106
1495035452
1517009150
1672517580
1464340416
1557214818
1658638114
1526535468
1381865723
1172013295
1281929155
1279622212
1773292207
1340193593
970165302
1694572143
1770739508
1575683437
1508111426
1290904950
1747475893
1324566371
949919248
550510581
1557806449
1719558162
1545184754
509737593
1769566911
1785161929
1109683974
1659014945
538191469
1681640118
1707257355
1761837648
1691264262
1718377816
1665972526
1430565058
1747098695
1426417090
1502997012
1727460104
1401114737
1305427282
646238662
1576591571
1086638096
1035972597
1562189047
767496356
1512316395
1316163146
1093127621
1517320241
1758191214
1781770119
1480547348
1627023993
879025861
1492058671
677524951
1465202405
1446827792
1754070849
1681862066
1640806038
1731828224
1715805561
1779348861
770413009
1683655540
1791341261
603744613
1705475895
1060247283
1571160810
1776301635
1533390732
1532724377
1064356040
1315209672
1766436841
1419230297
593905513
1748534390
1041836143
1433201417
1643450446
1381348354
1321483014
1678031272
1435985888
1729931874
1711664141
1580419870
1654659506
1706163795
735635408
1373902138
1701141092
1667161925
1505725610
1147311481
1531223266
1715833163
1567861054
1753963251
1664652602
1422411848
1760020283
1726744307
1372185718
1615570540
1573333600
1607417610
1344776505
1271678868
1743779670
862513429
1499429180
1506311413
1594146607
868475308
1262692844
1558884839
1341772673
1763324040
827354520
1435051309
1020830909
1711603114
1382247849
1294984832
1708433195
1594313115
1374202482
1729780104
1777614355
1548788881
1763714708
1588269346
1786251575
1107758901
1787328085
1646853436
1722672053
1471686340
1578678043
1688228414
1192849869
1528510358
1310194626
188008746
1643084757
1702102649
1749042116
1740035128
1344689674
1755512125
1559477562
1349810668
1236069063
1154406299
1326605291
1597183196
1774640318
1490972088
1557535593
185902442
1583938468
1765183682
1689774094
1696555995
1753672361
1628826714
1767630110
1688546168
1311798773
1672825748
1627030845
1303727402
1271863844
1657443898
810405872
1374073957
915206753
1578203182
1763794859
1379659505
1767526387
749954618
1072940141
1616514111
887513384
993466088
1487930441
1375290406
779839548
1433044538
1367615264
1687659340
1592822440
1111940382
1710601672
1723414470
1489469357
1774470717
1759801996
1620132328
1705813926
1590565653
1198363075
1741195600
1491600067
1705807612
1758441808
1763064404
1221686399
1783182857
1737029480
1438214397
1713079406
756143195
1321499667
1706967901
1384930469
1489592234
536703476
1762773344
1655935411
1544651881
532848422
1563672553
1653720056
1691955250
1352576067
1684627373
1744060416
872994809
1761840792
1496619896
739137208
1494517643
1629957097
1277941862
1603309028
1738939639
1751106027
1102249079
1369527030
1741547974
1337584578
1756029413
1759632441
1655319044
1746114180
1573778107
1650796750
1552277535
1305255169
1279456571
1648749581
1588298153
1692212276
1593854162
1460963964
1324500356
1266860116
1097216872
1763217556
1461719919
1650303960
1283468431
1757333602
1761933275
1293277876
1400904932
1260743659
1225902513
1337991119
1537673495
1132849401
976267066
925412675
1571629525
1194177160
760182637
1732333548
1563959097
1774320861
1772012444
1752979865
1550619306
1633179105
1531761314
1722887459
1434701824
1713457396
1319891887
164639983
792304764
1653198344
1690761156
1722358970
1430749522
1690732134
1705196994
1691622126
1187770662
616912484
1761689579
1531874110
1782713715
1241258281
1652163660
948167215
1454103672
1735537048
1768918635
1756989486
1716344357
1734999924
1570933388
1766153518
964302478
1310399797
1537053102
1573570707
1760545926
1494073337
1705924036
1574516193
1610163481
1759119923
1247754247
934432393
1273694516
1568762826
1571969265
1750108172
1093580215
1589999012
1582536409
1340395635
1318473077
1561176002
1665733301
1777498207
1729499898
1296504017
1236693354
1736859634
1302438422
1273358353
1332693507
1757115633
1272440725
1655874418
1747264937
924815127
1688129193
1499214156
1742877284
1571954041
1686915991
1544287684
1454944683
1535086157
1741231456
1549273533
1330095662
1208374542
1376302572
1577152307
1369387359
1697688256
1728629044
618109667
1255586631
1780072705
1001237252
1779598941
277182748
1746490318
1379157560
1742189545
1635996998
1571620137
1780480277
1200005734
1374625724
894273260
893261473
1243904786
1696448694
1382988957
1495086026
1544635506
1506444642
1770531444
1573771780
1119525430
1788122483
1763809869
1170391647
1716380305
757812694
1767652972
1281938032
1569896429
1647808421
1505313498
1767527725
1204728709
1773868475
941088024
1750592050
1486607242
1730919445
1065260041
1269815403
1401682520
1672199616
1676607402
1512062765
1028777398
1449344700
1784788993
1448005159
1748409332
1655246622
1494574712
1315196246
1756820319
1620324030
1471763331
1189327820
1654602590
1598630894
1521614098
1313325910
1736089324
1676602132
1591573291
1662527656
1766549424
931443221
1645263158
1681395734
1455199055
1018190481
1669419855
1673732250
1181434514
1325307115
1519654979
1014102388
1319711366
1244340387
1593098464
1629485458
1250645563
1243166353
1446236389
1611271588
1683787106
1714157589
1789734787
1775687473
1687357305
1441918754
1378626274
1488100956
1151349662
1764608846
1487553603
1488132921
1755700351
1750513855
1593675068
1757246334
937138231
1642892928
960233413
1195442697
1631021245
586204919
1674127404
933192490
1248726299
1425405264
1593377893
1214366628
1166628598
1199672271
1351689305
1445288162
911301281
1764259678
1020641451
1768711742
918491230
990528862
1780887637
1751804531
1598591688
1255833936
1168764843
1741470507
1033866530
1349303809
591968980
757535892
1758970405
1432804378
1484202870
1343181729
1379480599
1781880693
660073855
965104363
1335042427
1680988062
1747738009
1705473166
1746991448
708009806
1073246322
1426897367
1757556047
1367650501
1617165026
1305690339
1493160666
1781881641
1695784032
966567516
1563977129
1753027412
1689796684
1773276247
1717638632
1727801791
1642598911
820439826
1476869569
1252536679
1537656869
1776036005
1732235034
1671358308
1749924250
1724807495
1630488534
1151278483
1712084342
1525927125
1599099083
748449847
1703046314
1690021941
1688042532
1765615650
1515723587
1517175940
1779305588
1738582224
1601111510
1464877308
1612813196
1721257695
1524251417
955138643
875955921
648001469
1555179210
1393149217
1717143451
1641553048
797342160
1186302062
107632445
1344707690
1216509209
659517287
1361980772
1659556054
1694773830
1647485490
1140237997
990103510
1662636374
1310864149
1701268492
1784592841
1340521576
1156046694
1655075668
1731476648
1445942089
578437021
1442687282
1377005057
1517473091
1758920614
1679743197
1740938192
1565686235
1379470584
726036806
1722365235
461152996
979780320
1664688111
1532258061
1592082930
1724389263
1753653380
987966952
1412365993
1394879026
1640499176
1772263883
1742731665
802750800
1489160039
1398974968
1757103269
1735606834
1345401997
1702687202
727330092
1728852386
1472030306
1529280626
1708497820
962545859
1794087501
1312081140
1302983585
1636999765
1741748292
1754759033
1371876004
1618310585
1400605543
1762720510
1576074052
1699959582
1404931935
1462090264
1221185195
1610224885
1713469858
1625897288
1776900355
1488910742
1051120654
1486696855
1501329735
1677155907
1195234398
1392815019
1550374988
783630898
1556008978
1772847046
1734516591
1102030223
1660495306
1059506560
1458184584
1518583533
1038931401
1168191160
1196431888
1781654773
1477841137
862585834
1566335083
1736176766
1758144608
1700320338
1713786935
964255216
1621956806
1361074903
1608088291
1681011859
1302215381
1764086735
1570419240
1603111449
1316077950
1688215574
1726295243
1488086991
1456343796
1665151226
1773947865
1512863532
1555646819
1743280614
1465674242
1734525990
1333088658
1497989983
1109190584
1546174884
1606852123
1591887397
1318986195
1543391584
1745415159
1747478749
1775087093
1738772748
902189127
1594591497
1549205222
1639510225
1715307643
1459910438
1608042374
1716676301
1760991765
1468601993
1703375191
1715269950
1773511293
1771491604
1593965701
1579323157
1463751898
1747421634
1702608378
1697327482
1388975498
1756108263
1730849565
939413579
1233557320
1257468923
1738784149
1618339133
1769950586
1172615126
1249543887
1379210533
1299030227
1786250963
1100070193
1268966873
1325845450
1755894874
1667609459
1549902139
1205599644
1705240217
1723140161
1678257194
1281099171
998877015
1563827111
1200086683
1649155207
810423296
1066923961
1690639478
1462523291
883262978
1758564814
1682248700
1067290738
1711261628
1580688334
1170596417
1705764463
1589757643
775770132
1489968594
1543211745
1411155085
1167622425
835743898
1555786273
185463338
1673381947
1596649653
1595314356
1563598865
1669507201
1574858336
1762759942
1644544138
1578989197
1528679506
1187789415
1753586611
1640647797
1082560240
1757106841
1684543693
1504490009
1439944807
745511104
1772865733
1489397803
1305414457
1770844007
980565898
1758117472
1463959958
1728260891
616839121
1705120744
1725023411
1769957049
1526150604
1395977019
1661336517
1601016606
1447192267
1313112112
1602319276
1002324093
1655979918
1289526694
655361051
1746897080
1627238263
1211940364
1701441894
513965813
1630500061
1692911104
1368660792
1783003305
1231668901
1215117600
1368908764
1334442458
605564047
1771056245
1692433185
1378019029
1679286101
1382019930
1746552146
663908712
1441884592
1391952946
1520364853
1596975520
929584634
1668677250
1272156140
1763314737
1355812295
1539649564
1669339869
1659245269
1319711010
1539499653
1703414966
1768608904
1570274233
1739176891
1678029638
908023223
1591903218
1694525809
252591854
1748457113
817689756
1606046988
1495274650
1423644533
1213226349
1521908982
1268051869
1658164644
1544703051
1092269856
1739895885
1705928455
1171095139
1674552567
1685999645
1076474986
1423277127
1449431129
1783443263
1516553520
1652843005
1743496552
987859150
1761525383
1720212426
1512186069
1210432766
1577779994
1161953013
1385645263
1689095306
1663903015
1123356969
1375795024
1252852423
1060762877
1540167604
1651714760
1686495908
1773427202
804565992
1695951370
1415069640
1699782959
1689043523
1748429830
1131172987
1671344496
1456429856
1244832057
1510711736
1765178987
1555116636
1754963124
1702526441
1259104991
1315532075
1359291351
1742984243
1637005095
1359137223
1273662452
1308127172
1507846064
1512584091
1329108854
1778266663
1741038027
199051173
1587429128
1566431873
1386011933
505104591
651113366
1758216343
1466893013
1739955965
1648364940
898184256
724220131
1520600120
1369120957
1675435123
1668704681
673227297
1650235580
1349372907
1723883988
1092070830
1444053009
1461910314
1238832904
1727048615
1713468548
1459197891
1227662219
1728419725
1190645200
1707251104
1718415609
1346268640
1754949387
1056444305
1527452321
1607858306
1358111073
1601637434
1608172197
1501112630
1758094748
1692671073
1384215982
1645722035
1643626435
1742988305
971694065
1710719755
1481675119
1662938126
838988191
872906108
1072259946
1741927487
1580646669
1653156263
1783031771
1509673921
862772259
1162214077
1413992022
1668729795
1768134584
879339537
1337388357
1696480526
1565114031
1758948721
1221034681
1507106687
1772292435
1533452466
1464030313
1708232253
1774362646
1504064650
1391069513
1327364832
646878689
1680899525
1201875459
1654423489
1555813274
1273723936
1426883206
1233267901
1715337466
1112999605
1258598639
1258506682
1258386366
1566190377
1737991592
1387995713
1407318365
1231132272
1754356347
1788650983
1790369545
783748747
1466483653
1591104962
493595319
1325301211
1151917264
736170946
1495665431
1527228280
1716224472
1438733627
1692225320
1602115578
1652240405
1507911681
1719583491
1704988138
1240354047
1758679016
1695647410
1755738409
1122113849
1157297116
986364098
1402821782
1681421118
1314823434
1499214416
124363230
1680776090
1757380863
1755591641
1601392723
1536986171
1767227111
1705405375
1772403730
1001925505
1759455855
1512175296
1239007548
657182111
1327880178
1729180219
1776456461
1735323430
1061282749
1411435148
1523934685
1737653386
254983695
1155958414
1315904943
1143905170
1598397966
1599194744
1509428465
1186640357
1546547776
1749834703
1492994164
1635572029
1727141702
1664744632
1730408525
1281384035
1705183244
1647162527
1661094711
1424662097
1104602279
1752418817
1488058078
1476957146
1534441639
1426439737
1621857080
214087563
1115410412
1631531103
1722730730
1689199812
1706239216
1152391286
1626898065
1661370769
1651705720
1596690969
875163658
1701991177
1743037579
1224518307
978259847
1391389486
1758746610
1746567456
1405322667
746849175
1562469798
662859517
1531466929
1518569709
1423544519
1408956734
1532350110
1527046226
1519454381
1758893370
1497265920
1294317281
1553948493
1663717829
1755644829
1669914859
1484966711
1737345527
1490731194
1385610563
1588096281
1329417341
807426537
1229557619
1110881522
1421019525
1705484306
1553380017
1786145173
1098691123
803846914
1790798381
1726686573
1563294913
1484601832
1757576387
1328886758
1766781912
1789413977
1673622976
1668907701
1288241670
1134504649
1356294231
1399846141
1680779235
1735774470
1187189452
1742749131
1340649248
1737147779
862912525
1404585718
1344196381
1414125536
758057447
1294112315
1742833457
1018764589
1752126493
1741133546
1305420395
1667436255
1526551500
1720139007
1190004740
1515515654
1271202665
665465680
1477959655
1659378818
1545166534
1663643172
1335277039
911010458
1783609445
1663776386
1391747758
1578616712
1409752213
1003572263
1546411475
1709102917
1403649959
1320563418
697767465
1768378474
1764861480
1608529036
1238135296
1768982790
1685792374
1718341248
1008244084
1270965358
1632368018
1729500312
1364412237
1771748794
1258304929
1580226594
1586093837
1752513552
1578611804
1087622902
1719308254
1414881037
1528204469
1692207842
805692650
1317011770
1573303667
1414651177
1770743510
1590903062
1769371517
1646508062
1523055471
791562898
1681899632
1531161078
1380886385
1708432527
1603162985
1754740235
1767460336
1193159651
1758275025
1781598859
1547238733
1185253085
960483884
1251626552
1306817820
1740996235
1144290253
1645119956
1446805488
777253064
1480951419
1167516457
1429026146
1157975065
1288162975
1477042844
1655941413
1179206767
1682522873
1013905004
1757118071
921160200
1168678611
1781480223
1773038417
1739419283
1522629420
1580180112
1639017224
1786271579
1451055838
1763635573
1494954351
1402291641
1054294967
1160451050
1496836954
1705695656
1761108009
1588322206
1759197922
1739387532
1701911108
1771997825
1664037351
1372514006
1522352500
1778261345
1554373240
1751024491
1298691258
1035684640
1770777513
1599434910
1780426855
1309952869
1154265661
1717350280
1537145515
1511081886
1773865667
1718693459
1273211959
965117022
1436442730
1453238657
1692230755
1410964774
1177286387
1613746537
1488997218
1048128340
1562038324
1743387158
1739848124
1654696550
657137639
1659378171
1456374786
1770550054
1366691598
1719582009
1567937204
1701017750
1762186134
932436941
1544934511
1545507728
1025586929
1203518433
1354112668
1222183441
716258536
1722499143
1666403973
1738862786
1645318689
1765116251
1771238693
1116685964
1496547981
671401743
1388497025
1664088875
1616531861
1644635822
1089951730
1145954648
1560559841
1656638615
1761181357
575008848
1206642964
1303942812
1588776573
1606824085
1092479620
463438277
1299035097
1467073198
966332740
1675285538
1480408378
1220247757
743235929
1217605935
1745262826
1563045344
1717128397
1378672444
951835712
1727188020
1608277938
1757008489
1486489360
1397849444
937426465
1551475131
1717740605
1570357814
1577025875
1190352999
1284430126
1567690355
1475848693
1429753264
1445185200
1498607485
1250028963
1770817811
1628537731
1461817996
1693627511
785700448
1704130444
1256630491
1715955370
1774259111
465670187
1510624343
1571186225
1601555347
1317483943
1243522394
1350949416
1644807592
1560573162
1620115608
1762670459
1228339970
1086399135
1463681368
820247150
1399519536
1454114703
953141569
1763439769
1573809021
1772054692
1647229446
1101482049
1562407889
1424846478
1746520373
1154563375
1555469294
1245730831
1533011418
1711391596
1599415713
1394559467
1775688316
1069919688
1587485162
1579642437
1558085317
1156137144
1619683118
557550549
1604007659
1582607606
1025546015
1315493319
1493232539
1344735605
1314451644
1729953057
1223898746
1642532675
1282885358
1738013970
1649763677
1157300426
1517266297
1580550242
1758032834
890855816
1753797436
1161956847
1262305469
1107991476
1611355813
1086682749
1755499960
992030277
1370438192
1695821539
1087161573
1764660527
1457454955
1275109706
1588074651
1765077619
1719315233
1271465514
1515429914
1656953013
1230040707
1666655666
1463782554
1702263364
1767899165
1763436558
1566031187
1750582205
1698687620
1776504033
1693622006
1173564617
1789556781
1137008790
1641916206
1548911466
1113074085
1157375840
1400302892
1280544842
1174650954
1741289186
1408693145
1595836049
1689569537
1283154461
1538231679
1713078860
1749607246
1660624000
1121262553
1404959045
1621019883
1754121442
1763003560
1741930545
1405333041
1612557341
1221881606
1711993361
1615328331
1301888518
1561766115
1793143841
1507714313
1580434576
1373072598
1123500708
1594739404
1496709286
1698849365
1476584393
1747477711
1286398500
1537426802
1243388557
1521505808
1297926067
1457442406
1713080042
1499521010
1046827382
1570816412
1746653434
1747906142
1736633088
1117468173
1484708972
1420706954
1586146037
1285001564
907754922
1709147517
683831341
1716221574
983806764
1110597631
1668540776
1156143457
1110058937
1512856203
1050214783
1767840652
1422330196
1759177168
1622040643
1401250315
1445164222
1690894063
1691264996
1488301210
1354979094
1746889746
1523892333
1775473665
1642861061
1761135251
1742799252
1338235359
1352703013
1374229532
1789247571
1601083621
1542766741
1599837396
1686148640
1553366963
1734510028
1259763462
1426385550
1555021660
1779055099
706672170
1690552887
1543660298
1760089934
1574754849
1517234284
1750698256
1743216504
1714494537
1598914470
1768968658
1584844049
1635871441
1211963151
1484877179
1469813558
872211227
1555331731
1742928702
622172853
1579802965
1425036937
1144347849
1449553270
1390813810
1196705834
660435912
1708952460
1349880640
1773143993
1435427693
1301888597
1626778364
1107480493
1743578553
818817559
1256451088
1498836985
1212414907
1762000196
1753723623
903956713
1471007639
1520864664
1761910185
1191939489
1504296620
1767442066
1668581071
1565696635
1536917059
471951304
1304647379
1410075594
1581744164
1386532820
1151523534
1360388203
1370635677
1038034422
895247721
1171154260
1722867822
1319813655
1525298132
1726993540
1353570795
1207007683
1773974770
1564848197
1555657449
1589039746
1319867259
1580082655
1787708455
1338063214
1573318470
1636162192
1753773199
1745492763
1675429611
584890919
1671945912
1773496081
1390811589
1014124003
1753556560
1440918992
1744487683
1689217640
1329171415
1794180997
1261286633
1022259682
1201397626
1281989198
1704187005
1763018891
1587931483
1441885832
1662750678
1556022506
1683334046
1724219895
1754443755
1529709322
1731352591
1600613131
1770753151
1594663314
1730099884
1706945099
1527716420
1658569217
1795325107
1612026937
1645301203
1730192390
1747251771
924974602
1435647861
1622684063
1303131778
1500160346
1751057578
1338491525
1266154042
1743213882
1783181117
1270169412
1740615634
1773086332
1513086500
992519658
1778247195
1196835001
1118833887
1701262336
849176497
913986185
1375111355
1030429055
1702162162
1719944741
1209602507
1389192149
1693837278
1724327062
1769867196
1195225660
661078227
1783176231
1737862970
1503084722
1304008797
771348911
910183572
1555214534
1652754187
1298948511
1258059584
1444761128
1745877902
1379698754
1116923255
1395619326
1485395520
772258303
1539332883
1324201225
1422159751
1770627962
1447388056
1364387543
1704372625
1751080708
1409759446
1760503407
1585779200
1556429523
1520207792
1289766836
1115856396
1424181487
637511774
1711237238
1135716350
1088965747
1781400085
1695481791
1479308955
1588569671
1513531404
1652530382
1464476965
1762679139
1464258226
1786520069
1754190726
1004877813
1130113124
1317389359
1167507740
1707285045
1742859210
234008358
1194607891
1089207101
1620766103
1024058230
925754968
1756185864
648767005
1404837817
1697148281
1573188022
1241178336
794118903
1021786966
1255124514
1230792476
1701119406
1659366981
1646762226
1763264285
1717744428
1545457475
1769821238
1455331518
1530380944
1097883698
1124537547
1092082788
1605392329
899172001
1539042892
1752034996
1715438694
1712124412
1736444574
1753786188
1696670553
1534472013
1746083295
1774014766
1770537306
1296288384
1731692782
1738415253
1681530619
1429288116
1435409687
757515749
1774485110
1605964017
1717127709
605239155
1045321493
1055987663
1748717299
1581639461
1609865559
1756549005
1201613266
1346571371
1317787341
1154359689
1457334715
1570723994
1431877642
1729781200
1734059866
1235540577
1658625004
1570787297
618834024
1601404235
1089895979
1586282578
1735304576
769036931
1614519927
1525285914
1010895540
1551031769
1003939441
1528186610
1295455148
1004376697
1703667668
956546692
1064919791
1494585462
734676991
1760743491
1273750073
554023200
1702961251
1728231468
1013870659
1796639863
1655274112
1610832856
1596600396
1271146644
1638764994
1100293508
537456790
1548879461
1722565831
783150776
1691170027
1217929540
1556586521
1699101712
1755369597
1431340586
1776862234
854452045
1607943912
1742166340
1747983890
1667877467
1257087520
1715531286
1755207035
1645575158
1629702843
1352277459
1534861586
1645240988
776184646
1718722675
1753137954
1481068831
991368993
1728695889
1241305276
1304609330
1439586571
1506345997
1666312378
1654924185
1390968600
1607339807
1779148995
905882511
1722075859
1302146048
900387728
1199865652
1765215212
1563627329
1403168449
1050026144
1549222794
1447652030
386180606
1557674219
1500478862
1769536975
1741929201
1655476792
1578597980
1741242037
1542616327
1055107306
1442703619
1574705596
1495280068
1743411293
747550603
653358186
1095372653
1281500282
1705070636
1319110918
1213724664
1730293786
1682736108
1547223285
1761434449
1344681251
1780090381
1702600869
1582986441
1607996601
1586176358
1580703786
1725509744
1589144405
1480408172
1561183735
1702659752
1716849219
1319710384
1769742072
1154940811
1394008648
1572390308
1505935192
1258540610
1761103681
1774528395
1748966964
212457476
1655311289
953823614
1558879049
1522838841
1788574369
1705878874
1115956706
1742630636
1447680431
1710231078
1270741249
1480381703
1710843095
1512400927
754509505
884987728
1334342615
492493454
1314523827
1676332133
1541241282
1726312364
1567583463
1789000337
232958676
1791218717
1716853376
1588670710
847065772
1428104783
1119551025
1408959052
1553979933
1349173145
1788210535
1760730600
1302796779
751433159
1361063265
1267145844
1668228749
1759784563
1066145805
1685998658
1721339342
963032688
1642040402
1712452448
1510708435
1487068785
1693566268
738695918
1525443921
1249142902
226288614
1709537763
1517156071
1697529488
1573206195
1235673373
1112727648
1711234149
1039895544
1547078146
963248169
1540473063
1691070903
1183424728
1472392534
1595798495
876708386
1540216801
1661009986
1607344475
1751301764
1279608573
1695334368
1728155740
1466722436
1753449603
1499305136
1368675456
981474914
1297886144
1521904407
1698881819
1683880973
1537403179
1047719378
935556432
1699190083
1514787055
1350419159
1514410368
1741211402
1230305239
1496528897
1591299459
1278957685
1560314201
1383022489
1765448303
1344692665
1769890130
1005790252
1435107086
1473807987
1778767151
1783569543
1156442867
1421066592
1751278751
1297861333
1774940519
1564350915
1601425233
949247205
1692294579
1355231325
1736229051
1717605334
1478045733
1769522324
1649657852
1197765517
1544904192
1712456466
1512353515
1692220713
1067158236
1455398745
1288525940
890765837
1511007419
1620392958
1045059210
1380834561
1743824261
660773027
1741566167
1645344176
1668295080
1747965698
1703648652
1579034132
1595429146
1566548771
1766234460
1033992769
1583071236
1483703407
1754216184
1766169717
1350715993
1738247682
1485160127
1583678641
1664217694
1724555705
522728049
1615816293
1719940096
1677371035
1234068188
1364678245
736547364
1591564919
1668604822
1349530770
1746243010
1446505305
1503980270
1797073805
486205038
1495050835
1758436416
1587940401
1631983352
1077794999
1774307231
1635095741
718973081
1346143029
1738913497
1531098766
1509957000
1118274887
1440731748
1211829632
1442044278
1712652112
1399812746
1040154333
1564786141
1187624693
1557512809
1449449298
1752179414
1713901391
1718393746
1515759958
1297634155
1646541564
633092176
1457116277
1681274616
1308101389
1602661744
791199546
1559895036
1507972119
1593466178
973800246
1793178339
1389286865
1772354574
597649706
1718846661
1776733385
1544639583
1647607735
1124962896
1467012188
1756427488
1653279715
1445852423
1588346998
1566208235
1662348861
1740435690
1679009141
1691837758
1543723566
1652540328
1496914252
1779637011
1778615950
1572921385
1498568999
1404417647
1569495686
1281615106
1548598408
1731872937
1735152959
1090109121
1697105072
1473298653
1746649119
789417627
1631397794
1707041134
1649579005
1631028838
1718060078
1737639579
1766969065
1682613253
1367926142
986596933
1209760189
1526283448
1386419312
1561448400
1734771835
1481003243
1692478594
1233944860
1535585452
1590903060
1322155253
1753106022
785773910
1442145621
1733295418
1708405546
1678835481
1256243407
1754979608
1228119092
1613108861
1218365831
1449346690
1044270055
835425079
1696511764
1721930754
1724027857
1450792835
1492920552
1760314734
1069937245
1696027397
1567159077
1668332685
1200226255
1021259143
1752941116
1754460612
1491595861
1775802985
1750701214
1665506370
1764388732
1752447064
1210466346
1521501534
1678373069
1770902429
1653773018
1694817171
619114650
1717622917
1738226620
934288139
1781675135
1015537368
1744492150
1684799192
1765298934
1632350921
732591959
1606892809
1712850755
1588650912
1563610688
1556194390
1104043499
1407225602
975117613
1081056048
1594043872
1759351119
1770314629
1761204081
1446986691
1328112320
1219730913
1573196293
1250988402
1536233039
1463239545
1385470336
1265053205
1735925511
1774841971
1536730428
1729448183
1521512259
1779701104
1684663652
1741061165
1678277095
1192926393
1457076151
1689011608
1478192907
1247888564
1741001520
1558870232
1270729449
1144072491
1571054884
1722331638
1709226534
1036666303
1108810905
1279191126
1753685632
1726787608
1383702683
1585035410
1161341014
1675549443
1092642639
1528613394
1406029443
696365308
1746945263
1777421296
1549929453
1618107800
1380293001
1241373774
1666107152
1583067595
1694802425
1573250534
1709030194
1340774392
1701713233
1768226165
1532506538
1579731525
1756718051
1503227499
998785744
1750343480
1519222654
1402475791
1551181354
1602001757
1678848487
1163355259
1414787095
1765635951
1072002605
1444780299
1384190374
1039336265
1383128675
953264190
1111813269
1320832042
1608650392
1629880363
1488287568
1493381888
1577520700
1582748102
1415194964
1033104825
1690084940
1680307215
1753174314
1533842401
1057861014
1755911263
1685233558
1606743703
1769261010
1078468955
1492980356
1700428525
1216058114
1745543519
1486961151
1146672721
1588608418
1771136073
1496738346
1678173188
1724278801
1187793733
1778628094
1541615983
904760748
1442872222
1038759682
1783467883
1720799919
1458809746
1690448562
1729415082
1439342106
1425024594
1623092073
1746275459
1498404062
1263796661
1696915751
1718899381
1157690348
1113057767
701245673
1764131483
894481998
1723565869
1728654773
1734783206
1539491703
1574954035
1747053383
1612564391
1631702674
1561808430
732184721
794127026
1578020543
1256806566
1226295400
1751910525