462132221
740753964
1399434185
200950239
456455750
1722091180
1715712930
791077160
572936206
1447298100
177024817
1566732698
1116572736
719778592
1743277804
1676060396
1333487985
1431591967
1502944163
799453384
1354882154
1520134137
1086983238
642163543
1537582102
971829909
849726144
1150236368
1278610966
970996629
512543827
1776362423
1761978451
1751660355
1708155488
99390305
1156136910
1039293477
1212775196
1232578592
978506296
534890139
1666524136
96370923
784045215
1730898652
1425235222
758632516
779839548
1527471959
1348773924
1492638606
621070580
1744887180
1478651721
156874517
1762490723
1444181275
1334389056
1069740369
616363630
1468944585
1758184755
595749260
1217117395
192886052
1504662622
1611213593
1516831059
927527440
1105559731
1264870779
185902442
1183192967
603612944
1585071926
1664269904
1716172706
1583715441
1734797205
1025355758
1428510856
1748308018
1546758630
240035139
1273034434
1086494614
1697756758
1714716835
592851548
1372067703
1322747007
1498619813
499066030
786303935
1263732360
1544902033
62635531
1661707241
1250871442
1203737148
95875224
995693000
804953179
904579575
1615313086
1602173322
1618004009
499064728
1657688977
1775680873
1186292081
1456635167
1599862632
189415349
458717198
1102976644
663209444
1675698556
1326736818
1525558760
1391983362
1430407659
1487642903
1420916308
1771305243
569399469
1056056073
1371397603
155875032
1780706758
1729158519
1679644535
155608376
975220177
1697023398
911502170
1764214566
1091244019
861939948
1672310476
1322738326
1270846087
1297173543
1562776566
1519822613
806537264
1505541195
1494035404
1064189128
1039290025
1743636745
74091869
1704601728
735199732
1433074737
1316163146
1445962647
1750447054
972141079
1543888205
1770811287
1538890193
1719308254
1763539716
1529404907
1755468803
1775296551
286675741
1249680256
1597342005
1309760802
1715420593
1578639841
1382154310
1425670622
1575837970
1767900829
1270201889
1035011630
1615821817
1769773442
811642028
1607859597
1675766821
1490656148
1566032470
1743889304
1652043217
877011086
1774476229
1003580104
1686482070
485107446
1578722852
1177267992
1460535548
1657711969
1644347194
1269994205
1728452501
1619047092
1668972416
974427167
1301198878
1776802274
947322074
852945054
1668454693
1098975128
1379520941
630230201
1700671891
1775841650
1605574539
1512312084
1191482461
1518031751
730746569
1751352530
1484555119
1744112469
1323975198
1368466106
1251852221
1769366641
1756361626
1743112966
1483417740
546862695
1158291215
1577682939
754257754
1714997172
1253590172
1403052192
1745660444
1372065083
1444666199
964273802
681940106
776719489
1738919466
920522648
1745500816
1629806861
1483975406
1080090855
1091906813
1025135234
716378407
1722986905
1022052191
1654346879
1094185042
886170298
1724047938
1245585352
1501300874
1589999012
1743841312
1057934412
997114529
1444053009
959868291
1763357443
1543563355
985683068
1199202302
1191146925
1473936899
840483926
1592719349
1575167380
956730753
1682624669
1771409108
1223522468
1715757933
125572844
1498201994
1133839006
1741333199
864445049
254446972
73752445
1753602127
1440778526
1155558747
1138157092
712005733
1140365464
452847808
832807935
1395593677
1031110801
1564193874
1115227257
1217102287
556707775
1711764427
1764397680
1490631675
1782630408
170133182
973398610
1549770802
1046848024
1363631497
1707904175
779582056
497805976
1192849869
540670952
571479929
859067640
1133637705
1753684308
1046586706
1328985927
1256530871
1654275152
1277363787
1694695860
846822977
604624350
1473591758
578844193
1703293028
1315209672
1039307849
1559722143
1025360828
860033988
616765145
1725839101
1483006228
887048594
62460822
1629214493
857338804
1600640097
1081941856
1559907886
1781083971
1390060027
1683783435
1248320436
1292990287
487615008
1609208652
956687425
1520795397
1183607496
922830138
993234036
1569083369
1464298523
1060544819
978401278
1457603320
1679196406
1189536799
1533222339
1073690117
645679643
671640779
1468089759
964361005
674968002
1704614337
757436383
1407923849
1505930648
1221407585
1754782073
1468943905
1496351800
1116492444
1349848780
120052837
1796566789
1652127278
1572102324
117032341
488970542
1025362800
585786543
1120618806
856510776
1492654626
1110424633
1299995661
564417680
1510227707
1081080241
1642796410
1137525134
1759989886
1507350476
1407157041
1309396870
1526607344
847118875
1564484856
701836091
631738137
1546225161
1039306421
499067654
854398195
1606217629
1279168582
1763279184
1762513861
1468736143
1588314249
607475429
114949791
1720137673
1702947154
1517344979
1329210299
1708716065
1575863718
1326508880
1422857268
1509381069
789191039
1686471764
273626284
113240832
1698137402
1095119988
1312173805
1617339007
1317308834
1664373287
1675601332
575577081
1483541314
958154094
1763059298
1563054627
1520834424
128424360
1738196657
1775356338
188766598
572809803
1748244709
994362086
846689236
860041183
832960098
1142196120
784367448
1791464853
1466332311
1326462984
1053094853
1547177786
1308725162
607494884
1459009411
1416143749
1770621545
779004840
1660779167
1075317658
1765185309
151144908
1762514305
150340101
1205308300
1491607675
1152104067
894367929
1106764381
1562407889
1046811328
1781383530
215205026
170604684
1576434497
1773276247
1699338911
251349408
593905513
1608669544
1308712022
1588203521
1512119325
1681896401
587992279
1601874388
876501930
602963581
1523179741
1292939355
1391315096
150490919
1444212945
720476406
1594897781
1099644103
1052863168
1498633189
1705924036
1408482272
1215117600
1727288305
1150077684
632811001
814742117
1501656456
1400759286
1766125087
1734893308
212194071
1728822130
1098930481
1612624940
1554896077
1038686547
1526366285
1067235896
1532729642
89259839
1084636622
993224256
1671206758
124794517
1741538140
1620861649
106367699
1594758702
1744336191
1661570501
840999115
1454016544
1190575487
1376547937
73674114
1593699078
125389594
1494038096
200431301
854181363
1373902138
1635829513
818297332
1768711742
1683402204
1562190161
1394604086
1780511292
1630799071
1782016125
1060247283
1025718952
610063351
1714624741
544727160
1504419190
989734894
1040736102
1364456260
866857241
1213031882
876253972
1424338149
1050214783
1307410821
1751416151
1676749214
244187506
1778078922
991042195
1415893996
1138468291
858942144
1626918285
1712118865
1143737169
1045810963
1538274232
772782925
1756193877
1749376149
1571160810
1435631096
1207105439
1231887002
1639726043
804771409
57007323
1527108972
1775838867
1553016408
1182064639
1512398243
1013896309
1283309093
1714315158
1552434733
1782515896
1723221283
1281938329
1414881037
1700589848
1734658495
501434230
449008262
1405629182
1795581185
774133257
860929046
1790236497
632176912
1600094613
1151349662
1400434208
1767527725
451753286
1715712896
834705105
681031507
695439358
1379650135
1039323431
1755806003
1579712202
1734140705
1729780104
1672180053
1288598608
1791666943
1224289655
1461968491
1630393488
1157194922
1198828398
1482979882
166043109
241370839
1658846758
940920595
1644541543
1600675721
980103161
1039091013
1697944949
129249291
1567668335
1362821476
617607421
1491214643
1256884638
1780763307
1007320738
1399059941
1527375289
1639882646
1741359492
1657939676
1767896455
1091637348
1025354856
1674581888
1330704894
1555387742
1131319852
1162217430
1042453136
1704996815
1524678646
1398343464
1632180955
399465271
688495813
127597163
1718791526
1572062397
1401617338
1587615266
1438281940
1167481786
273163398
874725167
125736095
1455372527
1442258097
1487825836
1704310333
986364098
249201863
1735225016
1568697909
82695230
1523170502
1448459701
934259148
1579323157
1213393216
1676466313
1521533121
1415040838
1305860877
1668001460
1545879969
1035801880
899218020
1466405767
1685998157
1526776971
1032793399
922786761
960640050
1706076878
1039318367
621810399
1675429611
1727460104
1025350002
1539693081
1688668089
1671442864
1729008848
1626373606
1468263840
1207043770
1243904786
1633534296
1750265505
960225719
1450147365
91456903
1736760766
929237704
676765877
999785214
1372093220
1403558128
513309980
1081553384
1628366660
1126056564
784220929
1396617954
122232790
1663215479
1738582224
841219401
1706844899
862585834
1186211817
1068582158
256020965
1657345956
1013754159
550032672
1676711206
945315871
1208801030
1560559841
711445656
1784898441
1389103192
1231347243
1523369594
1516504171
1766549424
1182062683
706276637
1767024035
1343523720
710327739
1460057764
1603669630
1796668745
1654415198
119959274
1339693530
1271074861
731417969
1174099472
1253094812
1735355381
1545183832
1718275948
1672066303
155179008
1703777450
1488680824
786057869
1703848391
1505840972
1601083621
658903327
219586038
1742896249
1504212082
163410218
1569937291
1520811907
1668217147
1317566857
1723926616
1605518851
1090729341
1302215381
880381762
1160820954
894807537
1338055890
1549068512
1521986939
1742833457
1429228575
1697648204
744937835
1585892583
1289129866
163397625
939737128
1434701824
1507386129
743633987
1691500211
807426537
1206843890
1469357163
1651342712
1074099024
1671391791
1617526682
1491989012
1737314110
1754911930
1749018839
1700526103
1796566885
1674049908
1275400555
1092228658
1458474523
1438724437
1728527860
1770182891
110992012
1751269951
1715459352
204012666
1231653719
1758735433
936306463
1779843166
1743496552
503929897
264409156
771388768
1531874110
735363535
1584844049
934062412
1006841823
513132315
1700449868
1610707209
1128784906
1266117571
1486694955
913986185
1619883715
1444809798
1188478046
1375682398
1293795511
1419483937
1685094607
572882097
1295210058
1785551607
1073246322
1073299410
1528204469
1656086907
1759183352
1143852691
1004852546
1760255329
1546010541
1089644611
1397879548
1463222391
1165093288
1571629525
1529755092
1565809385
1775549460
1451212075
1267943916
1372365510
581678229
884987728
1600400992
836927196
1493464757
626760781
1659199177
563501430
1771570015
1523522840
1433227319
1145273273
684044955
1360557863
1025353904
1658004322
673227297
1217343500
1735409390
1405537307
1738939639
1095045342
1039951826
1752261434
1555298929
1776658702
1309964104
1722672053
1305680406
1519014510
1052057083
1744487683
263673555
1715178554
1714366003
1671046160
1312868240
1395944494
1267666754
128315087
1611271588
451214680
1602832864
1659014945
1231541197
1041295865
63204192
1759679648
1453092707
490103380
1718232289
1161266130
1586109619
1657313745
1607943912
1783968102
1757366168
1798296421
641512206
1480378907
899974029
1747781489
1008808928
1756075470
1082078469
608838738
1782750027
735635408
1726640029
1327119682
1765936546
1592263494
1277941419
1777275946
1753433281
1779317159
1298000533
156791096
1782480450
1448987921
766708707
1668705851
1294984832
1665028556
1405154433
1673449278
1178708813
1433437774
207994763
1543898234
1765107729
1757350928
1440664838
1647255332
1740598651
1651651138
1773960918
1570159779
1484323129
1768343159
1430392084
807709815
1605244800
1758623680
782432455
1759197963
1785433361
738502796
1167850567
1324220714
1243305607
1753224942
1456747759
1747639551
1315196246
1348984196
784308114
1787635423
1075194714
1548362920
766708513
1765593057
1494256327
1565024319
1524327033
1763672290
1578330397
1708609704
1437265841
1198190318
1685599750
1766602358
1661068259
836404502
1409135958
1509325040
1795179407
1457964921
293448639
1696873308
1563354445
1729407029
1621735212
1457162474
1392870109
1469397906
1450092752
1764166343
1649551724
538853783
1050772998
923663554
1304008797
129585511
874993032
1643325041
1077338609
616365304
655533659
1579961348
1352057257
1654265036
112260729
1128638408
1644128153
1670694398
1099750061
1586621410
1213812037
1786433839
1419867035
1198394658
1701843989
599735893
129587699
863278860
180263064
1666166866
1721767618
1759681785
1319480602
1517273801
752824348
1727647899
1757404930
1702900882
1693250712
974486536
1412168450
1780962692
1752900664
1557752833
1454604860
695449740
1308993648
488704075
1780967064
653079928
1795160039
1780579003
1396891867
271973586
1739022164
1751552339
1605218865
1332685920
1744753384
1617661461
1157988601
1017391207
1610754093
1359558478
1125304767
1704866482
759322954
1538704013
1652823733
1761792315
1484293209
1780988202
1048366476
1516338409
1465081142
931965084
1672811124
1494922440
888697594
1159798123
746849175
1150214300
939573137
1760157337
1750061282
115310402
911937678
1687837729
260908843
858041662
1681596696
1193159651
986835712
1658178377
1658007346
1759785379
1747947460
506252149
1167622425
116875542
623040265
1663585916
767455210
1466196034
1780959154
1248001176
927732691
1407532460
1392907526
1732665827
785176742
1720215069
1065462390
1590364207
1784086322
1290196474
1680483305
1777322603
266248531
1676626975
1764003238
126842427
1556790871
1768561631
1747264937
1324566371
1724590159
1145991687
1796908617
978658536
1783818569
1344202864
1737362466
1737518895
1573333600
685609670
1231552929
1622766838
1608692029
1488858087
1650930834
1745984572
1688815906
738632834
1037642289
1717121188
1574220217
1715637336
1333135581
1613492433
1739155631
1694975290
1281938032
883605160
1782665174
1737558674
1795172921
474204479
1673521869
1756549480
1705537484
1522404182
1711603114
1651836732
1732379313
1157646064
1177159484
1763019812
1608166452
1725464666
995141793
1440297078
1485230744
1393101199
1587905216
1777214357
1111940382
1780914408
1777796536
1593343025
752819498
1087593714
1655476792
1696944499
1496784236
1669478253
933333060
1590591050
1653628972
1774942247
1081428855
1347838046
1783854585
1434903642
1736159237
1694836839
1523083634
1637525019
1652754187
1684045030
589507360
1464468441
1030783616
128429724
790296376
1762529633
1298062791
1672180087
1298648116
1305357333
1362816904
930575164
1335360587
1796833719
792987996
1742567850
1081209585
985315973
1585876870
1580926930
803611301
1275010057
1708955255
1615343410
1031570772
771151693
1767106520
1683401334
1292996145
1712512658
1736859634
1605220241
872155703
1330883110
1039145142
1425136844
1660665199
1498269747
1354804851
912307606
1736616843
1294112315
1529590804
986203391
1756301081
1754718160
660044600
1707086710
174316751
1324768885
1327883091
509307209
1777553062
1539106663
1239425873
1291130192
1339279999
1312050153
580276225
590348028
1065186226
1707605699
1304232048
1254942009
546959667
1471422451
984050919
1089703145
1085651579
1734884567
1796862555
1339672708
507389281
1156000073
124752934
1642412147
1702088997
1766874282
1658688032
1196141259
821454479
1620371232
538066820
1288361671
1327708353
1561034390
1489597610
1050612565
1412365993
1520673779
1493091873
1658777035
1134764194
1734632627
1357303630
1343689824
1672856092
1578678043
1583692747
1732200309
1394558625
1068230823
1736319911
776363593
1293960987
1738009610
1222433559
1378882244
1459263314
1503997707
54449110
1066875001
1661112151
1784807011
1499375219
1780158886
1620252321
1742130411
811940147
804224375
936406723
106028799
1755232525
1390548683
1654042153
1765955574
1689183663
1533585128
1272071407
1585343028
752821538
499929903
1423906076
1548999210
1735339162
733879263
1697830111
1463726103
943827627
1783216828
202250434
1700095172
1769738559
1704286609
1153341178
885239512
1743989640
996407514
264666493
917989923
806288463
1383542158
1682777570
1761305893
1453659667
735400747
1720160622
1781415455
852862946
1450060560
1758014213
1569460620
1317596511
1734012101
719536039
1795179217
925935036
1732661550
1726520197
1409459225
1177055230
1276470720
1601470099
510833015
1241151768
1639829096
1728536792
1772055330
1350114444
1525618461
1790368201
1123356969
1535823956
1443462986
1760134529
1674271417
1212251190
1400605543
549834180
1377156114
1079068673
1733833731
1671377585
693292497
739287155
1616049787
549614272
1697078758
1774097756
1531335756
1701259384
752826218
1067195309
1782712934
186052932
902626380
948099204
862259708
792400688
1174751978
1739802241
1607676125
1403305815
1470123976
882665530
1567508681
1105048072
752825462
1393130679
1577520700
1750705275
593764591
1792725387
1759112525
1557260780
1206653507
1648171174
1743874564
1747881563
500907064
1381583424
1283188233
739874478
1441918754
1733634596
1787751905
475039261
1537573414
1621019883
854137161
708570012
519801459
1727664314
473338705
1764624519
1750916211
1121294717
1541446826
1408726809
1191783761
946712504
1481497560
1758655458
1789176761
1501112630
1654164875
1550940538
1173545275
1713388825
1742964118
1500777707
1382247849
1165148345
1769825481
1709836060
1736287026
1757230831
1653055840
1755558765
1743779670
67794112
760416065
1781927258
1262064732
584632334
1357740324
1334107876
1773338567
1737682852
1383914697
1699820064
1065441109
1285071164
1659345811
1767048732
1758170491
965646189
1416886730
1660558525
1284638705
1651865210
1049987234
1777879768
1681845533
692865392
258652037
1478447455
1288249211
1671212404
804951869
1650895664
1564345125
1156002261
1720261288
667989209
1615517669
1485696286
1697504331
1641980554
1598478725
935554448
1202538845
1771258693
1734550599
1672517580
1394723127
1760169449
1752920892
759968732
541634815
1078534308
578518932
1066655390
1757287617
821051807
752822698
1781400780
1290468081
1507240409
1731486361
204835119
1777565904
1042947361
1779154119
1223435427
1690109512
1204440758
1783004039
1780370407
1580307221
1345823539
1126714093
1184564333
1050224028
1772732418
1663407447
162420821
696920211
1720433096
1771889425
1786364915
1757466389
1332708152
953803704
1225869514
1659010512
462784029
1004506043
1337414505
1645972376
1749052263
994329338
1758618061
1659009452
1309276985
902189127
568271911
1645780827
1074465778
997653285
1728390224
636528376
647199131
837864440
1544715213
1580666683
504119905
1730806692
1712050068
1354286133
889158798
915476465
1777467335
1781380528
1038911544
224140968
1772459858
1375600762
1306368232
959175720
1390558005
1622202580
1470102774
1728854738
1522559347
1780452940
1733206783
1777855146
655640236
1737364158
1512037181
1428357445
1537044699
1124610862
752824744
1798078641
1679372152
1756768501
1562486472
921781674
1303365235
752822536
1794320141
1776218884
1111316229
1393149217
526804869
1471137945
1590801582
637311049
1427886043
231551507
1775493584
1695209285
1676791316
1181188249
1678486429
1763460062
1271678868
1615679614
1756280029
1788713883
1762068998
1795163003
1299735999
1642460742
1684896450
757328217
580518572
1601424187
1314955654
1234824663
1595062179
1213352954
752828830
542041466
1712601628
1577658785
1477252259
1632434844
1734357152
1451908877
1700662357
1766485227
1750369594
1678554685
902545761
1718250010
1720216802
1206656841
1762719070
1777913339
1671384275
1302429427
1774261353
1695493744
1750674704
1760050661
1776524749
597649706
1288400218
1576591571
1623339961
1689092732
1766262116
1725589585
1784083676
1564428731
1715695556
1609752361
1304241157
1795599935
1458061296
1238978945
1269701764
1590706205
1107069420
529374699
178468640
1794047075
1756202001
619883336
1249501612
652207164
1351351199
1129124357
1669316952
1245051741
966049336
931212115
1276550997
752822030
1723922593
1714631049
1762125531
1708983375
1025433671
706057030
1719452128
1762766265
1761135251
1569672557
1671674512
1332519616
1768317983
942886600
807534788
1504437916
1678837751
1742820298
1344845363
675684830
1371448148
1493214254
830074546
627815270
218620855
974504642
1725782183
1771719961
1561422946
1024694196
1667623214
1675011415
266088801
1691559715
1793379903
1727661360
1335440938
1294974174
1247754247
946424781
1704337307
1569488529
1059967498
1630517647
1761805302
1760819054
1776567645
197562155
1750783655
1746428086
1669294772
1793124337
1695239257
1081432189
471696243
1698190245
1275746366
899460207
1745177036
1472607044
1515753334
1737871952
1741748292
1780851363
1175818084
998913160
1783650444
1234661873
1741582825
1667752089
1178429520
1723285753
1365442074
1791959583
1758148630
1763551725
1785869285
1730849565
1491543427
1736110136
129700538
1678902503
1676654893
1526953439
1222733224
1723414470
794698147
1271299163
1606439896
902856714
1409210387
1759120247
1454944683
1777331584
1686002253
1301079531
1431877642
1386856059
1141276959
1659334853
1603744908
1013836143
1686309577
631805217
1736958611
1784106784
1606331779
1505580293
1092115258
1631316100
1756702098
1667912072
1587090848
1083491465
1468191886
1600715353
1792640147
1319212952
570633058
1586178680
1749161986
1723859562
791023506
1450512570
1691756332
1549993730
1371114865
774666643
1232019500
992980244
1546821966
776555594
940053909
1129176809
1504427559
1483731157
1770646510
1787783581
1719484747
1151962786
1528679506
611777600
1333962881
1666985890
1754849641
1582536409
1667150605
1063304507
792081972
1198363075
1199689429
1708627558
1569683851
1613300169
1720433872
1720300196
1036100378
1533452466
1754678583
1589294045
1012399769
1689860474
742338359
1484302775
1108161983
1679101403
1426897367
1305916571
752820648
1425036937
1737366416
1114111888
1506194761
1487826949
1288268757
1747092179
1359676431
1208801752
1698557334
1793719359
1768506662
1541562157
1377859209
986576773
1404357673
1098470582
1764468820
822476821
1082258794
759683460
1777788470
1480290881
1780959094
1002523539
1175717368
1712095997
1730032223
1579802965
493481734
1549565414
1422068693
1690400343
1762845911
1542082478
1775548668
1690446803
1685105048
1666107152
1728885144
260537803
1784098452
1204800620
882893050
1028903363
1470425532
1510818527
1219266360
1476957146
1782923624
1755011392
1662112314
1675310459
1102156001
1756728697
1447461856
1706873764
1786895977
1725806898
852911644
1450093300
895727252
1305427282
1022444074
1172065690
1782663746
1077092895
752823982
1747655717
1125869912
726036806
1785957529
738815994
1435453594
1607767680
1764444974
832809016
1767075261
1788332155
864156545
1277474378
1574769892
1051360792
1553667627