1396674879
1289216789
1656552370
1663589064
1720152113
1441851894
1531656573
898651541
1711463206
1248239574
750684515
1685120243
1096666896
1299652554
740830623
1770877491
1195180883
1747254257
1608087718
1700417089
1691227291
1104872300
1681240822
1113031237
761679993
1429765653
1233179151
1694731989
1536722800
1303747410
1227427456
1705730066
1139895493
1714392607
1536272598
799656514
1758733499
804239285
1382249371
1033357849
1013154452
1037603330
1321680940
1753699045
1085626258
1761351649
1560691704
1550575595
1572569170
1424385137
657061365
1734265692
1511017055
1547640928
872069094
1439399532
1761999040
1179709509
1459938515
1449146432
1493244218
1601546170
1417883357
1367735862
1645188851
1096713040
1564884479
1652247832
1717334536
1263696631
1710634957
1732801009
1593836963
1252864975
1716648761
1582547026
1388119407
1726316076
944486673
1571047144
911179786
1026223441
1316575411
1312828277
1742452810
266972976
1492824612
1616641885
1282557509
1555006051
1674126506
1324493384
1445743928
1725117300
1668394762
1568888494
1447753351
1648649037
1720141997
1538114796
1307012546
1165927982
605351325
1038557666
667404117
1750989056
1077129457
1704992708
1685475501
1604616220
966576309
1200741895
1717392659
1242996353
1026757110
1187854226
1523013483
1605728510
1426846508
1480979776
1698694039
1320058676
1634742673
1751870989
1576397896
1625822392
1592706362
1751834239
1594676837
1590829036
706844617
1280728596
1441720334
629585428
1750228290
675208068
1760978978
1661016886
1171919293
1740612933
1760288973
1661017976
1744690851
1740814651
1535974541
1620076561
562480109
1721169628
1658359874
1658863670
711981166
1738887283
1531800593
1515047915
1635500582
1438420017
1787692961
1221090864
726820208
1616070355
1643359072
1452797686
983458719
648429202
1738608694
982029921
1044270805
1739812752
991323992
1570460656
1711206769
865078620
1536797989
840670776
1759993057
1785581883
1728053965
798505770
1746388846
1547510211
1406162489
1068349776
1605811236
1110130915
1536093514
1740105080
1535491154
1410738670
1503637936
840116666
905513803
1157984794
1580661301
1738398203
1454141447
1629199102
1045744098
1696725210
1772270384
1570822845
1618859327
1571647708
958645385
784546577
1613411940
1011030356
1588355210
1491941458
958469164
1349701742
1719803267
1746063267
1002213861
1772731620
1013930826
1225806819
1682061931
1530825118
1721572736
1710542585
1715640245
676700342
1005259626
708708405
1755450771
1590089066
1390147061
1775195682
1563488952
260703946
1503095867
1567987312
1435584494
1183868188
1549121050
1787990431
1641191627
1746053094
1225713109
791421568
950139501
1745287934
941749880
608059286
1644933060
1044590642
1358766564
1527228344
1113137419
1462524652
989824337
1413503814
863127050
1672265951
1548155519
782773360
1197848555
682311178
1193400325
767951439
881018072
839442413
1619991423
1765646524
1608433537
1738380570
1680716020
1605816542
1499882659
1603546435
1690866554
727961534
1756562621
1754240034
1735618735
1068949998
1703200642
1085880397
1767826630
1452210088
1782291907
1721807755
1755165780
1560151434
1790315415
1372666999
625540725
239855217
1707573427
1723200995
752140934
1758952218
1243373583
1322214284
1331686884
779938031
1493807193
1414571842
975547440
1778094614
1774014466
1055506323
996443545
1417699097
1348087373
882781313
761961849
1507293971
1335461577
1670634719
1322194284
1690250072
779181652
1339703619
1213075226
1051454680
1773983744
1329760276
1777818864
806885228
793054441
1730776163
947600510
765953865
1375605521
1734649473
934503342
1687359488
1480431009
1233944689
1793813003
1559368785
814608490
1410637554
1693145360
1725647383
1727019303
1730690606
689914382
1417776553
1710220888
1726443879
1553605118
1375724496
1322456953
1767904899
1521915918
854167611
1243887783
1649544777
683638956
1620024589
1449944890
175202268
1405332115
1422622711
1575349674
1782923231
1220009984
1681784950
1191244915
1471739930
470589006
1405881695
1734324875
1237544565
1174609330
1479612252
1375608057
1490069011
1478801398
974697189
1170780827
1747938708
1277244079
1256317510
779733891
1662160572
1708705429
1718826642
1502574858
1217211685
1479614658
1616075097
1462165450
1541606192
1733014337
1732143045
1730087986
1642981959
1732140133
1773310635
1526549075
1749579682
1493182013
1718824522
1732140709
1459996838
1788482843
1474748736
1580049816
1426875814
1718827258
1761638317
1626475250
1789814467
1789815053
1731409319
1733010457
968112724
1305144179
1732142501
1731533979
1694821146
1694829069
1510261969
1440032699
1619742699
1717349194
1032126578
1537539140
1447328371
1205942736
1786359055
1091414750
1650816920
1786345269
1539721650
1762638792
956669563
1304722576
1328337589
1643372580
1536943683
1786353469
1772044240
1762132103
1518889245
162928971
1175384698
1538890315
1790435891
258957188
1212070287
1544390392
1774014968
1760540449
1122647069
1522756192
1703105129
1160501214
1148323312
1214414439
1054934713
939768451
1205924498
1272961727
1769453556
1169161534
1762131713
1522634676
1322248078
1762131751
959327543
953723104
1688625794
982885645
751408182
1554672834
1100562334
1717679388
1733012061
1762131657
1555336298
1700743716
1116425224
1747939118
1466355921
1614983576
1579294838
1170947900
1510149991
1605581021
293067109
718563058
1747938740
1434357848
1510943131
1509671206
1356897978
1747938836
1414405416
1773041469
1704011300
1493804921
1782465987
1019357164
1747938968
1377974052
1755351979
1788964123
1154017837
1688631184
1632417377
1316043189
1365555245
1768877617
1728947769
1570102253
503440630
1747939204
1714760178
1762131961
1076402965
1113660387
1562252407
549905169
1187904481
1499521756
1334342615
1586924329
1725969859
1597982707
1705808075
1605579605
1617522623
1750913736
1669341495
1381125306
1682725031
1430559198
1762131795
1712804630
1016273655
891017325
1378268180
1621462686
1171525214
688190229
1282569022
611248063
1561300170
1215405946
1644985751
597877114
1527768435
1736171666
1640655739
1591891060
1322820190
614757831
1678459312
1481913089
690404899
932819130
599600228
1242100456
885909565
631320113
1704645342
604130140
1547916446
1782371351
1605349425
1173324005
498935112
1562096341
1483760002
1242180293
1452002266
1374645388
1754539573
1272191455
1441516182
1574077946
575479204
1173210065
1590419146
949973541
1635378328
1546248031
1234735078
1132256716
879323429
1707591111
1154064327
981016814
1662616824
1702817617
1683019675
1747939038
1772076647
1130286090
1312671071
1585696276
1452154162
1779930326
828611171
1351298025
1180033139
1724043128
1041527623
1656575613
1793770365
1714810022
1048319962
1678156825
1038480340
1114857219
733712379
1664994971
588239136
556740451
1740949972
1545731722
1755853675
1372661393
1756585835
1154021249
1109364506
980001117
1631838438
1075382898
855296833
1683308919
1154011485
1140106678
1747940438
977718822
1525099070
1440076139
1747773172
1534333002
1750722176
977835328
1587432029
1629097621
1122291385
1780881385
1474715363
1634604230
1771388048
719397657
1584823839
1154025749
1478971462
1056612280
1709394301
1140106044
1410634046
999057852
1192256294
1577196909
1537611812
1688296385
1559572549
1714815422
969331710
1661863772
1754807612
1264886937
1580018540
1661021820
1605898396
1718399937
1510936470
1307903413
1675191997
1662223772
1426595203
1746629460
1648599467
1342410014
1154056141
1698419332
1775556482
1636913712
1791059689
1488366730
783503231
1780602585
1104202478
1175237538
1747938860
1761756672
1455216813
1587816196
713641091
777048289
737796175
643234235
1501876720
1708968191
1694290852
852032466
1285552579
1232105187
1416999144
1664994679
841343775
1691687095
1704147124
1738941279
1411325873
1615448384
1580048406
740364222
1492794459
836570742
1726625974
1550619436
1546196032
1771387446
1438424755
1710789884
1670648336
1154016115
1721422574
1627022946
1768057554
1723122276
764717229
1370012008
1196003552
1779735062
1331195192
1471146304
1183115093
1341600919
1728991758
1774458486
703033397
500223628
1393817553
717734920
1449437013
1154023975
1220009479
1708721236
1052210616
1154052413
1725635411
1205923356
1648729787
1206120860
1743365635
1308916215
188702646
1720177311
1200820976
1244559461
1742752118
1140060674
1696738361
1368192162
1384409128
1220871670
1574528172
1296665388
1461059755
1751279306
1730322066
1765334897
1236629305
1552210537
1154021715
1079440331
1558331842
1658066166
626663847
1603207769
1493176767
1615272071
1568939420
1116012398
1460123022
1628813238
1658067188
1747939328
1219962303
1076985649
1718084070
1715040321
963758243
1601796296
1154049399
968121812
1603621677
1551396770
1468458641
1158858193
1768846527
1726077014
1000458681
963117393
1140073274
1719772975
1562273219
1536248870
1449505889
1390028969
1549994762
1454530786
1757716222
1589076187
1756208743
1747938684
704733543
1428908250
1583081495
1744517847
1414374064
1169153998
1101006923
1002974725
769627590
1730267523
1597542445
1709708738
1019160001
1603417750
1535499303
1465973814
1310183792
1383426975
1466036144
1668628577
1555297078
1140108486
1086241629
1159254564
1165717441
539241099
1750706760
1154024687
1003245132
558808082
1222133959
1726689610
1738426359
1095019885
1797286195
1000397372
1035835918
1096913167
925109229
1762131845
1372273671
1549635839
1712061084
1747939360
1684221728
1671969394
1696983374
924303771
1392103240
1018752575
1747938788
1504932440
1530645121
1020407637
1075731542
1184433634
1658802472
1721219469
1172307598
880427042
1709085440
1071852306
1186087881
1338934587
1730743079
1555450022
1754778621
878873651
877679615
896598903
1282567038
1489433544
1774031695
1763323257
1163677292
1711532966
1071199853
1269147469
1396175529
1573459393
1715028961
1376202572
1682699771
910611099
1583895486
1140101598
1636065986
1598670439
1541002481
1750227280
76744098
1317420546
882767164
1571900555
1649410987
1583177452
926351158
1783085364
1589449482
1550230577
1565884612
1166215671
1545999097
1707867581
1205883011
1703704905
1779616672
1517949761
1454441407
1551905137
1503650162
1682620205
1697160802
1652370553
1754410441
1725642972
1266422862
230602776
835761896
1728804784
1639675000
1703168712
1575922452
1561414411
1693420015
1662239756
1207380199
1203679016
1096689281
1414160727
1286671929
659517578
1431209451
1589949391
1566079035
1010608964
1599218977
1576546590
1146975228
1715115213
1605813052
781682888
1762131897
1417010644
1503078033
1779868228
219736564
557547723
1413960634
503803187
1295707571
1216756412
737252352
1758677501
1520952658
1788807659
1735669188
1494453941
1529393607
982056977
1154064715
876982207
1462020264
1691738948
1742634852
1148371286
631000682
1766711295
1592897454
1678376384
1377513356
1323258349
961374628
1628778798
1695473106
1752139856
495424554
272444676
1791662835
1154051661
1035097742
1219977161
1773668058
1549995708
1743401923
1458764141
1392339773
1516773692
1140098232
1344919734
1580369210
1630905639
932047732
762418468
1140046342
1042969419
1747939388
1703195439
1015138063
1128279069
912521266
1436920494
1255974155
1788052363
999924446
1708251660
1549650437
1416658860
1375108740
1566034815
1636907164
1762131615
1208676911
996746461
626389174
1414153370
1575455289
1204680025
1475027430
1633043039
1507719317
1139984242
1074992813
1354315287
1687512408
1235794125
1737965225
1441851762
1477912846
1154011923
1613558902
1515123232
1701372877
1721593177
1318829296
1743011097
988369708
809973286
641043618
1728806904
1372527289
1634631822
1386969965
1494447088
1450411640
1687512460
1469480690
1186269617
1688926093
1606979749
679690764
1719113592
1154053987
1791649623
1723778184
1088579985
1451033414
1540933787
1738402496
1691402757
1641959952
1211659677
1559795413
974273910
1154046533
693002625
1754436950
1416962840
1136495667
1727009119
1712584264
1717333311
997342809
1680107358
1565524394
785509149
1671768332
921550716
1707890314
1277528705
1698525401
1688853251
1684385395
1470847504
820759017
1662224462
1534235376
1506709938
749041451
993809422
1436196048
1444617759
1717024255
1737965215
1737968209
1434833321
1532954295
1723783386
1648767203
1517493860
1495033284
1786202745
1721402219
1642185155
1516485010
1521204292
1707621394
1649541035
1743168535
1672847761
1112686008
1585293222
1691680708
1693779061
1668941299
1619119209
1154013109
1652355957
1388228443
1784647031
1595594809
766184650
1074771415
1008442500
1574525064
1540950929
1727865053
1632748852
1635415956
561599530
1214857156
1737968203
1762125721
1492588966
1356977018
1058054318
1160499672
1153942857
1661719151
554339555
1664549273
1681584070
742846379
1777148043
1399547828
1781880176
1509776587
633776832
1140064470
1612440470
1461606656
1627682477
1517935200
1637707602
1050776920
1180097531
1687512638
1797383097
1788875171
1610023967
1077099933
1052720535
1206191846
1747888226
1709558614
1561691651
1572959744
1479339978
1730742319
1710096819
1140104896
1769569174
1754410951
1506262808
783418482
1593761420
532640239
1697021522
1408396852
1650750435
185541655
1547435526
1696522023
1779718682
1542298056
1445723346
1006282094
1681446377
1666301348
1711180260
1600222880
621169312
824892999
934456975
1449387633
1205460045
1214598062
1517311727
1600168895
828538600
1679953726
1766791766
1723778704
1477912982
1700463891
697016689
798519233
1780421463
1793145619
1701699393
1737965221
1648906488
208414404
1587377620
1336233273
1686601261
1796429637
1744798073
582034375
1547359368
1145093194
1018705331
1312643955
1771567656
1741910203
1448667166
1749675012
1713036103
1272327632
625734820
1140057944
1512313888
863903188
1718794047
1797585837
1144898458
1616319209
1098122528
1364605889
684747222
1735956843
760792972
1305860160
1412000998
1725172595
1649439771
1403670994
1762131935
1285244908
1227065469
1042606232
1718902508
1501020414
1155490728
1377095387
1680630595
1440634958
781206393
1431394934
1482803073
1574811596
1591747654
1537622158
718996161
1739252025
1756564923
930200549
1774760194
1359771506
1174127740
947240055
1774638466
1523865535
1617970875
1660071077
619269833
1347213359
1065410081
1173200929
1466311350
1774907182
1208325710
1242097550
1312604457
821410824
1283083271
1785771241
1754303396
1611817459
1553969199
1599924220
1186667204
564940117
906730638
888648591
749413526
1785708381
1568176360
1575812105
1451705817
782835098
1795891489
767792675
1669741025
1073358698
1342551935
1515398409
1746684923
1041151354
1214564689
1699204614
1771016633
1606706260
597226468
1119690591
1604457804
1707907286
1725651641
1476516446
1611163228
1707372117
1518431085
1553334266
1140107206
462894773
1712461222
1620306389
1505746903
1797688929
1151511570
1731888962
680937784
920395095
1660471555
1568563301
1592643745
1581960379
1558681340
1771527422
1749720584
1781371026
1571719534
1679976691
1771563746
1475175293
983518659
878698598
1478079996
1619499526
1570334923
1585339657
554139860
1480197623
1535360472
1443709593
1220127329
1535480489
1154017487
1596789616
1718656577
1193633459
1275873437
1499335630
1549379425
1124387199
795633957
275445842
1494574712
900702499
1605065450
676717243
1517705194
909745710
1413254515
1642094942
1083334477
1723195866
1384989410
1537881348
1539765034
1558673949
1727342816
1592052726
951808862
1747256813
840245210
1459923245
1681758929
1465140390
1727373996
1429995024
1788880007
1714254226
1439287559
1684091848
1515972931
542437423
1772840634
1590995902
969926469
1595954013
999381498
608604981
1468981306
1694290905
1547916938
1128188436
231242299
1219453951
1089425168
1351384117
1507403396
1359828942
1591559117
1747724396
456318282
1754757494
794177371
1773198584
1701699669
1776115441
1744109180
1761748953
1522008699
1686224007
1529844519
1403895371
1772098067
656652430
1764317986
679133971
1454816558
1797707659
1227076953
1413394968
1781677908
1747938892
1289809677
1785697673
824575983
1781950113
1639552729
1398197181
906864488
1606318003
1275438565
1015663444
1623710381
660538661
949801320
1762914453
1582410774
1219478833
1740872071
1740667792
1391494431
1629291608
1741117789
531745184
894785670
1386918084
1449702507
1606987691
1504622569
970971217
1762816122
1728741821
1040151877
1733267418
1610574749
1561921753
1050068436
1720597941
960618882
1136971126
1277002473
1736438375
1655989834
1118153393
1558404459
1297103551
1728937259
1781753635
1770532042
89058699
1154063471
1726627608
697210793
1765355618
1667704869
1758451473
1253175528
1774643566
1789106875
1782090176
1218166200
1764931549
1430512957
1711290204
674752957
777395293
1737015021
1740329011
1341633914
1264735939
1541155704
1528288292
1194551867
1777363800
997020991
939870135
1754633871
1771916466
1679429924
1570340027
1658033632
1421550634
1472775890
902967842
1798446067
706496244
1624903412
969107570
1392031885
1379499002
1775046094
209841802
1610326552
1713995907
1623943213
1777286152
1742037471
1459900854
1470486598
1615754679
897857142
1458243758
1540169042
1201617560
1728735763
860584283
606227240
800645875
819608994
1296930969
759442330
1428218422
1172526769
1762576598
1665092690
1570645000
1725725506
1244315057
1208185233
1489396367
1719460452
1769685066
1721811782
1593339796
1572601202
1149919871
857018329
603041577
1459904238
1539394783
1773020460
1771554681
1778184898
660723318
767927983
1326898911
1249047325
1448497388
1445909173
1688960193
682061754
1140095798
1554322932
1728401694
275472380
685528578
1708751181
1402390696
585556954
1199190863
1641645983
1434073323
1579280194
1506910113
1688920655
1652433451
1045912155
1324723894
1442921157
1510306663
740356829
970409646
1620045377
1788208579
1578125216
1773901186
761644918
644715285
634882666
1648929148
1116186329
973445540
850324128
702428819
809999915
1214132353
1719184983
1621462926
1726840630
1295375896
874088010
1189520668
1170494440
778887477
1572644601
1523128068
1727408131
732819336
1738112983
928978433
1562044299
1600232431
1352278534
1798455587
1263224914
963017547
1727397570
1521919314
1246869443
1569533789
1542217146
1153418671
1612891688
1755149630
1650379923
1551377639
1293023334
1405448986
891649340
943874394
1619994895
1148021193
1704618438
1731399617
1727274932
1621135893
186307897
1727405780
1752078514
1757613075
1589341458
1548337019
1676604874
1263000010
1064047449
1061910994
1205802722
1621058641
1505845670
1636842322
1474506500
1008731468
573969939
1794899549
1771186614
1435748925
1444066098
1658704451
1786539715
1663646434
1696660965
1274294823
482411244
881796351
1647269286
1180316817
1619277246
1242986879
747256798
1454327584
1544893704
1429799842
1540781055
1772570676
1699171815
1698326027
1762919670
1034603029
266386129
1490710343
1509880243
1743733441
1733313373
1743215121
1742044529
1570505131
832917519
1739835255
1746669222
1506224578
1464197817
1702471828
1714444915
1530596858
883781046
1325981136
1114898106
1522026508
1186200249
1694753936
957003392
1452375512
1664726779
1472880815
1379007188
1770557333
1486960265
1199616358
1663264002
1723662738
1354265651
1559865133
1258605533
1464520015
1663589624
1509499845
1207880566
800025617
1738426155
787496181
1623102723
1570430492
1536007214
1771268848
1243926234
1305390496
889018115
1457444835
292340871
1359411853
1410495885
1777249120
853583188
1417252032
1706466059
1325602772
1741067029
1685415232
1545973800
1514881721
1160517924
1258640797
1726959916
1101444395
1708639720
1416286230
1482377813
1489277167
1758606683
1649108543
1769859272
1502346635
1116110267
1474716971
1104584155
716618628
1377670365
1794365171
1644627168
1726945168
1399690870
1536064280
1589066559
1741108053
544088560
1496360550
1677912708
1497556665
1741075792
1518435632
1372881888
1784708765
1321826849
1785582503
1553477231
1757828247
681986244
172247213
1350431076
1691838896
1735167613
680910156
857379409
685881046
1397291812
631299203
1132463523
987515141
1779621678
1727391322
1416375159
739563146
1396283159
1727421297
1521301894
786757410
1768517554
1747702859
1296611531
1664651355
1404270362
1412506562
1252695503
1190626158
1335045644
1749711077
1521434129
1219792035
1474098445
1276898376
1693549166
1664725183
520574153
1551379651
1053868441
1742586893
1426308494
1712100327
1671151999
604773291
1712050774
1228461648
1435298150
1585928688
939705983
1727280096
1789571247
787532415
1589028288
705817739
1456856505
1392310212
1772263866
670704134
1408836115
1785012411
1691657486
1526908039
572784800
827658927
1506798214
1392832233
1677151923
1033383286
1698348231
1254400093
699790514
1704970295
1279302174
1668566938
1294917412
1666730662
1590965244
1244539708
1140055010
1605141457
587188119
1407149651
1606965386
1607211492
1757753321
1778816901
1728737235
1154054797
1623795875
493797817
1338020510
975976717
1554718642
1104162513
990015814
1761748496
1575611662
1142020734
1275120803
1449461528
1537887242
1314076641
1459519867
849280773
1462464500
1252195316
1339468865
1725122589
866440865
1743757699
1548885401
723273671
1614238573
1731056682
1715031249
1562444169
866577349
1398202516
1486745103
1607374419
1017800623
1003675144
1772154951
1229630274
1670941158
813280114
1278496585
1644755122
1761380155
1638264208
1405749407
1417703424
1703897578
1735599493
1752564073
1725384064
1282247240
1698100996
1537076807
1726254493
1519417016
1470398401
1724090875
986235650
1602529192
1485571941
785759795
776420312
1607256094
887759698
1743988150
1789308611
1140097324
1481416170
1618367888
1542436250
1097411543
1510780100
1717556159
1742597713
1741097177
1577392702
1203719132
1781532756
1002654048
1398524076
1785733865
1574908476
1584983740
1743529346
1550819400
1667576772
1588218466
922430317
874787448
1130291616
650532790
1454161899
1501270919
1275088667
1005302110
764713866
1771512004
1792544065
1429625502
556820627
1726099131
1616855885
746478448
1365866245
1330596980
892628311
1760320095
1445020607
1355448776
1749392530
1775560915
1325878768
1467123752
1774478710
1483151384
1655306380
1773986244
1779473268
1158489957
1074646058
1699342205
807542341
1063039242
1729743014
1770414221
862451100
1311658951
1732389273
1429115789
1768661028
1085023171
1537331062
1597341884
1582575236
1714971897
1717740881
730934823
1771534726
1345488241
1178356747
1507111607
1290217880
1701229640
1391113102
1727290266
1143255058
1246888156
1425055836
1621464100
1551042454
1547871472
1757355690
1704668806
1285872338
1668080255
676675068
1500465308
1411713322
622353997
1460369967
1262948086
1626274911
1725725514
1423128719
1777708376
1096317560
1458755337
1636785360
665599604
1250676002
1717118408
1421226795
1503698365
122904218
706008051
1547025045
1219801985
1795730795
1322369734
1487083687
1790718075
1344664536
1272228688
1314075023
536201116
1537194996
1724945829
1546608521
1087295035
1654414910
1395873364
1478121969
1785718509
1769881013
1370741158
1158867735
867289913
1701713342
1681120407
1573306824
1591139788
1554213275
939936604
1085257975
1194170731
1604954313
1701422057
1118893819
775186772
1154057031
1012972441
1468081850
1296259557
763071992
1715896995
944313933
1596481248
1406369477
898009122
956101584
1477895644
1315030880
1658230862
1205544426
1701699837
1441700687
1346880565
1787647909
1695586481
737673647
1727907176
1607762201
1773140048
1595718229
1374662638
1707978517
1763511487
1104541446
1662468976
1732669063
1173030634
1795063241
1630990032
1356449714
1586966268
763893815
1706448546
1788443629
798245645
1783487501
867540017
718898444
589652060
809497094
1789697071
1645716246
1738057491
735042422
1484568921
1011661044
1646139723
1491689297
1751923653
1399769510
1758685553
1471809272
1039284895
1691945211
1542399680
1518506552
1570956833
867057043
1154026037
1372768598
846112250
1276957247
1764870597
969553966
1140183038
1070120439
826453139
1430303795
1561570603
729792916
1266422196
1795545471
1429862329
1459901944
970025885
983278502
1490572496
1732538009
1743506006
1127387771
1635725510
1557578853
1742014057
1251832365
609067950
774272219
1503218967
1664155679
1750241897
1624506932
1745146618
1749716864
1469518542
1762021342
1693641275
1727413818
1030107636
1746458105
1724295278
1654407194
1394786668
1756002000
1478994626
631854888
1147782652
1194224254
1773967450
1593490942
1487746981
561087443
1329643410
1601481413
1501478363
740065527
947559792
1750867213
731971705
1128825603
1287866892
1263790103
1634309533
485774993
1739757842
1456836243
1653566961
1777157947
1697890808
1020999777
1480572908
1733895361
1388450141
1200014119
1741071429
1164863598
1788083777
745477259
1330854198
1067553534
1620975457
747754493
1132391552
754047412
1684765013
1771897666
1322973670
1462333742
1775155220
1353419818
1771495282
1120951799
1515418640
1611375807
1720060292
1389656607
1156535833
1773249940
1598970504
660641316
1146275594
840247916
1124254835
1336192945
1742030149
1154063019
151075490
1742275122
1572911212
621331078
1724179244