1630798685
1618319177
1741864767
1243175697
675307813
1326179016
794974716
1555743668
1525952209
1388898960
1089073099
1450690576
1526395847
1765492003
922291739
841065946
210363541
1464338569
1133042850
1749540270
1021757528
1231815400
1489777710
1748585550
1159870547
1500292827
1708124762
1613771341
989939020
1291444718
894551632
1759197922
1029470722
836494257
1698164151
708169272
1583244812
1600620152
997049202
1411289314
645535754
1366626160
705804064
1253153457
1720664779
1598915126
770427575
1086263457
770470165
212259010
1446032979
880001664
730234977
1396934382
1376302572
1449203842
1431779800
562219027
880682068
645698455
1769613529
1392053255
1193589515
1216883068
1632861730
1111420485
1292487205
1719362126
561782734
1285893129
1718792415
1483321636
580104861
752945365
1634657664
1607991200
1371311556
1519583395
1749413217
1060752457
1305799208
1629531360
1554435357
1293961293
1751065821
1367715438
1609323566
648954482
1682207729
1758376544
1563760154
1702914678
1776459927
1530081209
761318051
1087417191
1506870531
631999326
1763400426
1715053501
1131571129
657237032
1773504671
1470306361
993068347
1268894669
1513826677
1268426292
1585147910
268846696
1336074609
1780214727
1524871380
1572500394
792692631
1219863235
1718625342
1704160954
1245680190
1255953549
1292595783
1730903784
1575554968
1745772839
692891720
1724385297
1618263423
1502275385
1593777339
1746561240
886799118
1478788947
1320779142
1721684811
1197018680
745558904
1504122620
1075370321
1728501937
1582111025
733769727
1753804135
525841167
1526893545
1648948693
1610331809
1666936017
1744642538
1709470840
1307776926
533677353
1522418772
1476014685
1680649572
1394758486
1311126837
1385034414
1682071008
1744710311
1614113937
1716996575
1193432695
1777131510
1588117634
1545954968
1335736370
1716260600
1465197904
1651171325
1327993113
169389122
1554948198
1541844271
1671435000
1533511339
1549301094
1646357789
1727445268
1794404185
1480101337
1025519001
1685422595
1744411972
1332257526
1729756859
1454290589
1385094203
1568383438
968988718
1600496633
1531337929
1701571668
1609265890
1143929571
1581924044
1110036070
550620544
1638430710
1720669483
1427982426
1551461335
1618315239
1228478456
1511372459
1793989517
1439524130
1077246099
1416805038
1513254898
828285423
860072364
1662405469
1742409231
1704941428
491697577
1361361910
1734464479
738428781
1086437423
995598625
1436600948
1714184609
1235129883
1616060225
1566626273
1658264157
1606064143
1092779804
1485749551
489203895
1789407679
1352565456
1337241269
1763361028
1485781296
1720098974
1542338358
920320007
1768384202
1329137600
1527529757
476980303
1530774200
1208433801
1242421547
1314349844
1722885110
1501924305
1376037935
1724163451
1649925624
1521171568
1062804531
925612823
1258616466
1756728121
1752078781
1404950676
1053116911
1762769167
1513007243
1093706260
1780768795
1512226150
1241849178
1621736923
646377610
1669203245
1759988701
1041763297
1696827285
1675816587
648793154
1439470290
625412290
1026400301
1648825795
1469194728
1274505657
1520330048
1743608394
1431800010
1444360308
1730668163
1697380524
1291292676
1742997820
1314821455
291208867
1130887418
1689314512
1753032600
1412664708
942457169
648233000
1160914074
1771779888
1638894761
1364747768
1555931034
1625691639
1716029379
1485679951
1418651283
1323815896
1734659210
1061109804
1090359867
973286798
562461212
1535719107
1358136762
1546581451
769840876
1737110882
1749228873
1461821856
1636327563
784848135
1393133557
1673574011
1739838532
1477948684
900367470
1476167904
1749163141
1261024807
1712429331
104133158
1773811685
1547279114
1226840840
1585919390
1684110329
1252664030
753516014
1599089827
1609392956
1494572073
1093858181
1085747685
935924708
1130212525
1768237608
1745155205
1108892179
1616055641
1677880296
1569148391
1271866789
1108783810
1461347801
1700444464
871259041
1593626553
1768505078
1721420737
1392785907
1751175921
1553661829
1640672637
1397350337
1343117311
1731554416
1792046413
1232701868
1740558610
1717044706
1074672912
1485834776
1101508599
1793878697
1581074635
1128302591
1528686909
1515533105
1259142259
921750272
710589370
1612186657
1244145461
1392447174
1131556660
1572377186
1726781977
1731082423
1634890867
1102902995
1109189059
1167402512
1101504345
981523738
1622525219
1580398291
1316046582
1533011418
721892934
1594955843
860075770
1586060388
1478223694
1617450918
1591376681
1759074352
907908829
1780766577
869751670
1788262345
1065058899
735804344
1740347961
907818397
1140383015
537244951
1292011070
1688408598
1485848304
1283679598
1775547471
1531400334
1198319643
1763377037
1605122749
1576950530
1351566466
1447139438
1208117698
1345756696
1448459147
1769709962
1390405076
1506856176
562791366
932281852
1436215460
1616288119
1716885121
1447139176
1645016035
1485703469
1729619176
1453528731
1539051243
1367724336
1646549631
1725541909
1785156091
1240781695
1775038414
1204800620
1735921230
1742032169
1707965926
1404825106
1556975827
845103671
1745594514
1552219789
996892007
1458211735
1320943096
1751294347
1598511818
1680441184
1752505330
1218621072
1764530282
1764976949
1785881997
1738500078
1166551698
787724779
1327834190
1723757890
1462100592
889577264
1721431709
1056322738
1673594680
1719744252
1524710559
1291473200
1689346131
1393456217
1585339750
1292856649
1043736589
1264269890
1656690148
1281892301
1593324369
1450314226
629818678
1576654413
1677682248
1454723180
1740315283
708578583
1259807774
1276416695
1379515316
970149528
924786122
1554750397
1236913837
1643911709
1461471206
1771187542
1683068809
1539840911
1518484355
1295196876
1471862747
1222178910
1570702162
1692874187
1476446382
1263858717
1050186508
1573996931
1546615839
1184248126
1746985764
1381444445
1707935050
1743948917
835414733
1773717733
1674137745
884244632
1780699817
1315196246
160238146
1009288663
1740433866
1588037289
1030050979
1628319723
1333865584
1618004009
1720317352
743521296
1795542795
1532180551
1392151411
1731475211
1194088959
1701496549
1574819118
1446704542
1725910517
1071003677
1535708681
1771143284
1563929249
1737424431
1311318869
1155962678
1566308039
1679915472
1502612564
1762360949
712806929
1686625896
1319764919
1696456772
1617050564
1092951228
1577976611
1366705026
1706073095
663074894
1748252284
1286653804
1409610082
1602981780
1021949203
1773554213
1664828491
1571056451
500978179
797959165
1655486595
1733611437
1702402647
1630729055
1727916760
1282461141
1457673044
1069574645
1325605035
1395871773
1621740955
1720996163
1754700953
593140686
1551427371
1564317477
1530361623
695192482
796349134
1744764102
1220156083
502530748
1765529242
1025491944
1076467004
1574752585
694934422
1765340458
1455633742
1162447395
1582227101
1738267265
1479800362
1483993605
1472483493
1566278283
1631830570
1154167095
1394365824
1468927405
488326503
774237990
1179550094
1780299685
1766466086
1743563461
1475780597
1772085389
1560952780
1426802144
1754743788
818090351
1748138178
1572682062
1715377114
816905714
1476046506
1701944778
1246805093
1613600659
1550772185
1581949378
1229350726
1660121868
755535457
942725404
1450138730
1753567181
1347523593
1033106495
1767389296
744037354
704702444
1656927674
1518756155
1305427282
1783056173
1589721174
1122832876
1480005853
1567934695
1749180448
1621211470
1431847610
1671435548
1747884414
1576640350
816277580
495505572
700863692
264684793
1623176036
1593887090
1241762538
905243466
991042195
1076499870
1740520503
1463302750
1632739342
1066318012
1267766234
1246295778
1772152554
1484462051
1503266860
1483425412
954633550
1738711019
901056654
969454980
1259752862
1746948699
1209029328
1717188695
1450476381
1582657193
1035692494
1594246374
1670069717
1379373293
1459960239
997640992
1730612888
1735634978
1515768507
1235471674
1461210371
1158989747
704588602
1765890080
1571153705
1679409594
1763457229
1439275414
1576397494
1323478588
1747446021
1617091991
1575930230
1755973107
1572795508
1452452733
1792288779
931080565
1682116502
1608765845
1392445570
1289340277
1697834636
1642814650
1785134077
1327640405
1736467610
1757249517
1506257538
1639270181
1706132134
1671718732
1406570286
1497300528
1784830535
1525978875
1656745968
1567830215
1587899266
891914024
1450502185
1764032507
787328585
1736666174
1468946775
1778987036
1284894995
1504304862
1600659313
1370355952
1250223684
1726501509
1521153785
1518625414
1600328236
969812723
897331365
1601549769
1042869930
684343383
1496046921
1573005025
1712451302
1741118907
1395801849
1692938728
1773092790
780018562
1753431131
1751296776
1693826046
1155990821
1323829674
1734450949
1227690587
1096944981
1090823305
810235608
1065138712
561317517
1078568550
1658026690
644833465
1499961589
1269085142
1731834476
756367696
1006148409
1667748654
1517639084
1295034097
1767298241
1475943957
1752864331
1489840381
1244508424
1233585185
1458091756
1395798679
1788541735
1737972104
1733945721
1731685251
1672752562
1180163696
1621463875
1586769570
1336906447
1577667910
1727551358
1614848360
1654464012
1201160061
1299425475
1215244837
1757928972
1433226218
1623454680
1155766752
608010634
1417935330
1713759448
57034524
1743071961
998629245
1580909980
1388330823
1147257752
1652500513
1445521842
1666928259
1420573224
244600693
1513759308
1037623711
1329141936
1779591780
1530948799
1305210243
1728742415
1395561755
1749246574
1337579025
1721229776
1724686809
1785500057
953568589
1672178736
1745066417
663725065
1611378493
1729380485
911307827
1769993965
1443822399
1718458952
548632746
1485286103
1497962669
919077279
1756834907
1716640977
793275820
1199368390
1757079609
1519186209
683476217
641014044
1718773937
1436606750
227725897
1363920609
1547950544
536231120
1703726054
1493062765
1765416747
1724527518
1752156651
1739648040
1539384729
1745243684
712177264
1451431936
1174277418
1496546436
1742140642
1759661211
1560947563
1603457684
1506084052
1583295852
1742665091
926453840
1562008368
1485036884
1263304370
1524554647
1156512988
1123184771
966283031
1677549792
997813229
1659457540
1572305593
1687957027
1198251471
872064548
792110019
1726586461
1519916559
1505858727
1720835237
674299262
1694140498
1304106492
1482849888
1742511207
1538519607
1695428186
1082064462
1353678643
1645167516
1711929352
651573790
1411721418
1353310503
1460679791
1317180171
635952643
1762135590
946949951
1574263906
1602097336
1016490996
1622109458
1780712520
1719858740
848567254
649342033
1761031396
790224668
1764353103
848679034
1734882088
1525207878
1458266538
1765795273
1582948907
1717312223
1764282716
1394403728
1434629563
1755353953
1693035628
862320361
1549601980
1336506852
1369084397
1497504279
1784045813
1453701564
1048002444
1698858160
1781412668
1470585320
1792966573
1449215980
1631766590
1491730080
1678466910
1052058089
1767978632
1580844725
562638697
1691907912
1680167190
510174089
690428106
1751091372
1344349993
1366731220
1695666797
1249110440
1319140693
784323807
1767960350
1096719928
1091488192
1764927877
611764778
1318636687
1575642612
1165217622
1151598889
1684119077
1754690826
646319114
1622274959
1210840941
1628318707
1277976113
1648017324
1083011338
569428693
1500357664
1733307219
970095632
1789383535
1062908505
1013934614
1036591098
1263518896
1252924298
1738670097
1603960427
1705376951
1728315279
1700997261
581547486
916463481
1724697723
1160927007
1612989011
854734502
1065983146
620404876
1691538405
1398171175
1645325797
1408943999
1757273435
1379279244
1227845651
1741530227
1712674113
1575996353
1704041150
1797768867
1570767427
1775951733
1459028293
1056000321
1736448778
1115849934
622985622
1002480781
1725997456
1723743802
1677268192
1363987726
1569067838
1126476846
965423569
1027369575
895061956
1737610444
1743789901
1546526324
1778375789
1512353014
1406537695
1542664398
1729000897
567560795
1677608182
977760615
1309229416
1237784034
1070843823
1386875613
1673109121
1364497468
1452787329
1083010386
1710760783
1730249015
1679597285
1599720485
1393682027
1742141216
1769957793
1556456770
520964063
803544108
1451684601
1017770262
1664010756
1798063347
1518411645
1585485597
1159170998
1043424328
1679160551
1659128359
1663385423
856125087
847325524
1129303077
1782795212
587970426
1631348342
1388129377
1263275154
1525953423
1077450426
1761771908
1064545920
1703762933
1538002673
1289642514
1359156025
1719814849
1667068966
792271059
762458752
1588271354
1228610619
1572653102
1514310794
678387617
1649055946
1679151396
577948659
1377512304
1679023704
1600065820
1210703339
1784829181
502531576
1270470887
1339260117
1736915615
1574317481
1475084138
1620274311
1637882540
1624464339
542997540
1719306588
1697789602
1558816584
1513778676
1030161248
953795452
891048879
1776316663
1398524726
1340914506
265946665
1273739346
1717495634
1039878807
1355519510
1714412497
1771548516
1315748970
1587504139
1277380112
1740494437
1461195001
1295973082
1054888813
1347334171
932218286
733545504
1502487410
1461753262
1408974842
1760651850
1604317969
1636007702
1399372790
1358406331
1436960828
1603641159
1188563648
907938609
850400705
1010703418
1077595871
1770398615
1710542448
1289392219
867819255
1149596449
1721045795
1756848937
1720962144
1748170136
1333355981
1130036589
1051582786
1606291862
1536602381
1396566726
1105559143
1551413366
1719932485
673559175
1535572083
1188563438
1040369191
1536744567
1119689638
1427645068
1338560393
1420848831
1713510675
864604215
1675201706
1582725640
1596893580
1237095358
1028382936
1685652711
1230299071
1567738449
1200667490
1400847059
1490711198
1050774693
1084792281
1601483620
779417975
1701847352
1491573381
1621473780
743018794
1459268075
1351490415
1779198411
1510331880
1326510677
1787404823
1030980233
1352282667
850746082
1775950305
1080035684
1729105555
1588926962
1429563511
1530220574
1141124672
1566662594
1613097985
1025518883
1526426369
1649888254
1704902610
831899874
1790877995
997998383
1131801040
786063891
1751563937
1650580241
578328493
1302869086
1585348300
1697726711
1180305911
1290537217
1733247495
751701499
1323699769
830045694
1627713192
1621670963
1481037000
273121672
1510370670
1614190596
1473464955
1668163523
1676015679
1606312856
1527007759
232057369
1481499844
1132421737
919379323
555370541
1077011913
1715861865
1429355711
1685107850
1611428534
1782287117
791885503
1200177982
1487078101
1729440828
1702946209
262456617
1576591571
1425024570
1734082693
1778281069
1699957269
1545544300
1207375946
1578336105
1699393557
1535395300
1618621534
1556938266
1494593390
1369513128
1714029108
1691895231
1634657725
1262462766
1327995213
1537960916
1217782598
919879401
1737631156
1521104569
1555027290
1444390259
656743727
1537100269
1694182377
1350033318
1630840992
1504245627
1745566086
1508191594
1171948304
1671549820
1784856251
1036968868
1591226520
1283394882
1516660140
1537230169
1172233096
1195486036
1645004226
1575166979
1259894670
1658836263
1437521603
1076471582
1481911903
1346625374
741352866
1610759476
1288291169
1669170208
1662845450
1452044358
542946103
1268520246
1748700051
1289338512
1735842895
960267034
1759831078
1765422075
1141258530
1664948892
525884056
1740493064
1444321507
952718792
1292304602
1589655163
639615617
1727511155
1146613446
1673883776
1524870668
1719344931
1134264349
1751415832
1749651522
993019722
992658986
1034443780
1211389096
1779469589
1626922136
1225172971
1766140113
1712020385
1602127044
1048956337
872082336
1421860433
1363685245
1475434915
1587514060
1781740778
1476198808
1704150747
1682152797
1779461825
1797223653
1537227107
1745983899
1611511567
545685087
1587487297
1544414260
1247475894
262844719
496235846
1779320820
1764564113
1473865207
1520477993
1241857518
1754512271
247160230
970440133
1408083869
1503718286
1527734455
1767791240
504656414
1735297428
1333467646
1640754256
1594400963
1584288097
1655785306
522185363
1758772668
1190539411
1768183997
1603188673
1715118120
1364293510
1722563930
1674350399
1407552108
1288126190
928725803
1761703825
1769998813
1775118973
1737532232
1717334952
1764832496
1076492353
1768239629
1630210044
1792678693
1606675668
925124210
698333552
1748896201
1453776471
1549314082
1732963947
1645603109
1044467463
1214804106
582348763
1746337720
1755689168
739312853
1452586254
1546147464
1172247742
1215594661
1243517096
1544184902
1701741560
1460207331
1697099525
1293266582
1690251886
1351044386
1358920617
1754357661
1734476149
1521310457
1748584157
1043418129
1243669697
1440928175
1246968889
1413116496
463489028
634697838
1747419241
685989336
186912952
1297774943
1776014316
1699535593
1227645085
1711812740
1487970479
997645248
1621482826
1611351089
1197116517
1748037543
1790283117
1331309321
1256241454
1495932696
1314083022
1324580373
1696149711
507175172
1603941577
1231235679
1750209469
1080242839
1775758557
643569475
1563974090
1708867497
1561623148
1711194052
1316511667
1710491297
1688945162
1774882960
1056435285
1751620009
1731758054
1781740092
1704367468
1749852338
1571736304
641860212
1768843858
1585117593
1575831500
1323074763
1511665224
1390569755
1677243769
984943202
675724913
1745532092
903748553
1735558113
1736207496
1653819119
1716199098
987497865
657944585
1327802522
1460587226
994111871
1295201256
1320639028
1142621912
1207989229
1520343394
706142997
1653711646
1532423804
1764130973
1747486939
1355004857
1773232588
1640449500
722561377
1734524795
1527607975
1461755328
1433253467
959186544
1547403434
1572938524
1504268808
1517840522
1678185631
1708665585
1663448074
1772353023
1761443253
1600647731
1582355730
1675916267
550192840
1745871426
1646178634
1674000259
1733643276
498056099
1699010756
1698627377
1613130926
522242850
1780059631
1745426838
1595242337
1399111279
1704875650
1319310304
1582812303
1374220678
1734913564
844714395
1712465093
1479917207
1770700222
1674043748
1712322033
1794175227
1720740962
1691170855
1530239349
1229746512
1675933894
953693962
1633044934
701652946
1721472034
1749854728
1771877266
1488419592
270264134
1779812876
1289229713
1668860157
1177469415
1747708741
1689927156
1668298291
1193518985
1533960102
1727370678
1285939927
1316072114
1787504009
1123443208
1741150902
1731773449
768593629
1269721113
1611803979
756552264
1271936567
1601674707
762369811
1790071323
1729926182
1442998759
1087810287
1574457323
1655584986
1773149199
1753412261
206697231
1479494711
1550794756
982935392
1612689653
1782365513
870199784
1689458547
698236437
1458679403
998186512
1660339458
1260627993
1715378962
1758134623
675415644
1679998692
1772297729
1559334431
997014878
1508942915
709885330
1333981935
1504074010
1562363510
1786593201
1156975591
784092453
285973063
1521085619
823737724
834549697
1467381652
1199880755
1712774654
1570218544
1347683893
1767337203
1093209834
1624372865
1728973601
1771264166
1449289586
1591256584
1141489330
1763306010
1421877487
984584051
1394263407
1595750825
1466516796
1682688842
1139494611
935970093
1566833055
1316027928
1784221051
778780584
1755172428
1755421944
1697802016
1779922611
1737719673
596332072
1375315555
1743749109
787906732
1420971479
1345590125
1364423732
1772391436
1234461951
1776817084
963024105
1111008129
894295852
1740726635
1424160464
1083012700
1192532230
1780505833
1420531887
1735380956
1112657321
1037918270
1781230883
128933416
588561106
1617398939
1688803727
734347119
1397412475
1718008284
1323116158
1652855745
1600214417
1425042280
1658692182
700593224
974912125
1770535911
1234950311
1749758622
1574494438
1503707689
1280132321
1774498715
1763902895
1669404671
966315781
1769082715
1571090201
1775800083
1748851960
1538151066
1432423818
1188681154
1040877436
1661595415
1412657745
1456739015
1154820970
1720205857
1758246159
1621553926
902959666
992724669
1218825803
1704372930
1400866260
1441899281
712127037
1268749146
1713946488
1787414589
1783094178
1057549922
1725234662
1770296823
1175316997
1740279418
1749221847
1797763847
1304559413
789878541
1770139291
1115995575
1795726791
1110329188
1464885536
1088587534
1515747620
1028625934
1436291056
1694859046
1511324730
469943146
1518881882
1008554478
1690879030
1147185248
1362867799
1262467112
1631221257
1396986099
805459688
1742115746
1246893091
1747845997
873187260
1779164069
1420242111
1607829048
663849629
1508948392
1664875208
1764911657
1564791318
958911181
1657885251
1714192681
1599480423
1052235559
1752897335
1664818338
1731169114
1744196459
1676245685
1614504663
1100990021
1334304924
1223978349
691502140
1459304462
1791698081
1739078540
1675618407
1669557086
1589616970
1768215494
1671143260
1168489213
1575282899
1631842356
1575286111
1459215037
1741397860
1599867597
1677701186
1020181376
1795612129
1656057190
1031884783
1603541229
1738554985
1702413874
246369536
1716120142
1461371450
1163569116
1681352610
1783091102
1766481159
1692234026
1545690219
1193289901
1309490458
1731430156
1643094606
1477820059
1207189212
1162806842
100067846
1326612801
1743503209
1477054697
1478601054
1262379026
1322917152
1414398115
241529353
1148030740
877264540
1241779272
1470356555
1482607567
1667336740
1000317226
1105154211
654757911
1776093570
1753692051
707759435
1660535902
1232994918
1532919216
1732354230
1696684267
1729858137
1172222012
938496762
1751726452
1161871429
1790207617
1660288109
1762836280
1582914679
559408588
809651805
221198853
1575961019
1598765355
1340672757
1732012467
1641196700
1701535740
1391358549
1694176695
1705996557
1034665468
1680279859
1485388942
1121600001
1647570922
1591881466
1439991540
1029933072
1326142936
1784827129
1481077849
1754336970
1766077928
967658423
1659590684
1743043725
1299939870
1666402711
1706628053
1498928994
1341431151
1708088281
1774421582
1578639841
1498705373
1505725610
78966832
594962709
1763941828
891108452
1633338419
1721291464
1365004323
1473755090
1530263926
1759190531
868835116
1532779819
1780343881
1414482276
750171786
1076308954
1378421031
1156137144
1719009281
1732248732
1284937799
1072823126
1386096849
1755399970
1399377475
1499916365
1725322066
1504371665
1248658038
1746351330
1161607125
495301977
1534854894
1628451682
1744210540
697518086
950352726
1734685331
1248801873
1711616454
1595216844
1685359660
1701603660
1697588701
986021280
1647944621
1740466787
267100808
1666485867
759394360
1733066278
1070862776
1777714676
1589076804
1540175499
1146736685
687990309
1612219465
1760534277
1114795963
1694666254
1769210152
1238557670
1705439976
1544471123
1706777820
1495833306
1689922341
1722532224
1715918564
1318778560
1293587326
1782272169
1665890938
1670174983
1744321796
1364972739
1711988763
550627460
1022564107
1735014239
1402904487
1441241792
1564076045
1261334623
1689244206
1363835072
1106117619
1756505087
1638238119
1459266601
1579999519
204427998
1495725283
1552453492
1752747455
1778454552
1717030087
1062434996
1385132719
936277942
1384631242
1480567260
1139109213
1760328130
187937749
1650584706
1465690586
1101261174
1564884979
1494380378
1785633863
1769115937
1255967033
513357676
1306038019
1681874624
1526268989
1596369154
1675756346
1762947662
1124002946
1747161431
1730157231
1776274739
1769546914
1713948998
1294299629
1751239179
1643535035
1526826416
1699627228
1348659360
1675503392
1493102567
1784699689
1619876108
707297010
1421943363
1744458929
815092618
1086862823
1678794661
1644683720
1572135373
1725112708
1724787787
1684422980
1519918405
1715788044
265198190
1027059652
1771627064
1347680349
1302543735
1032652203
1473594211
1706378500
1366108402
1776362087
1698211570
1545881208
1458292478
1653176673
1536377036
781418714
1304392237
1668412854
1168762585
1051567716
748464161
1290003297
674422454
1782904502
1253018926
1588499883
1797295227
1731559418
1640465432
1653688781
1464669027
591019305
1411097431
1750502168
1637052337
1787754063
1420108638
1729376942
397933697
1168807206
1479778055
1633367440
1725988770
1780316760
1447344855
736821486
1519214580
970108860
1659326387
1776141178
1572600408
1600546686
1741608923
1241151910
844087384
1486488875
1743032485
1685959773
575461799
1258021871
1596580007
505081052
1747571750
1286900252
1606990468
1541123265
1780664993
1568043647
1392647986
1397308357
1743460131
1325851471
753955714
1749474371
1335592276
1261395678
1479493506
1127696374
862673944
1137538382
997049124
1419373431
1395528299
220280210
1157194922
1717291711
1724966183
1717098336
1225780698
1202899922
1606516985
1605049164
1464862717
1626734318
1493661429
1730046041
1783089898
1701526588
1345962752
1477163475
1760039509
1341598107
1513417564
1569143616
919629382
1456758452
1328856896
1752611075
1551548445
1707378724
1365334269
1378387868
997101279
1780457156
1161304935
1341424284
1690321441
1648504540
1628330495
1736147112
1575744880
936212230
1291565076
902194653
1515576022
1187569826
1315673578
537618028
1734995549
1367453137
1342999597
1682164435
1364429232
1370371456
1775832976
1345847991
777441020
1750498927
899693913
1221990844
1606066158
1649039089
1460866531
1447482141
1659829339
1413153924
987058821
1777458535
1057737355
1684250671
818603490
1697753864
1745891334
760701769
1744635719
1720432816
1644110839
1518467455
1713513973
851847786
1658395071
230562525
1650293131
1681466460
943183968
1544361150
1599787495
1300843500
952920233
485247625
1639843479
1324121097
1692188635
99951147
1769550606
1215855266
1720732142
1284310818
797624436
1771389831
1317451394
1497510487
1686360904
1628514284
1741249797
1547508810
1679891728
1742111530
1686398819
1555724994
1713073801
747571607
1628647614
1484763168
1371815189
1718287535
1774824657
1648511815
720772991
1773529984
1249530680
1691592588
1731608671
582508027
1795758595
1776757883
1779808062
845989596
1523681560
812237428
1523558935
1309206055
1753442303
1269238618
1720167332
1758980344
1403801637
1765647661
1754400224
1412880383
1657132346
1538516353
1112776351
1337192857
1664654701
1159350108
1714653252
1467197576
1597339330
169941603
1764594898
1524839397
1688763841
1075890819
1710467701
1224032243
1751495160
1796988013
1427749288
1750227700
1228650417
1722622403
1639021812
1713452700
1553309712
1705970536
1086410093
1332651921
1606032766
1700610439
1691564335
1684142647
1706156110
1749128741
1380516314
1746628653
1154915045
1716264182
1744453004
1737843903
622120260
1202648239
1747651176
1164234363
1652257350
1565927884
1126823890
1753385680
1255153987
1774272964
1502330853
1677289763
1750815472
1259975986
1661475091
1387288293
1310709220
1592074585
1350954681
1765036500
1703276373
1766461460
1222965594
1660430867
1110149660
1402912615
1438099253
736581294
1432024292
640332476
1706684432
196986406
1526464012
254621979
1490740062
820984634
1349463417
868146922
1699197567
1201497560
1232877414
1745250871
628537066
1617501183
1458028781
1202485845
1729027279
817070229
1779565438
1588877586
1595549051
1644843293
1474490480
1552610504
1701740239
1052829581
1765549375
1469794508
1526438853
1654587127
779978099
1763597573
1697189486
1690714738
1430489200
1547807465
773604448
887470039
1577576302
1037735755
1714962058
1599520278
1338641296
1097742553
579073348
1754328224
1479663098
1066615321
1690838380
1740982422
1531855992
581533206
848749813
981521249
1743084313
1629605076
575800709
1507036710
1748289462
1783093382
1762947601
1706964970
1717057072
1480764548
1710717388
1321886946
625953881
1434629801
1695641653
1255491829
1575309571
1774950292
1294903327
660154187
1448476368
128832458
1605026248
1561005114
1685031594
1102668110
1650084930
1652597103
971279662
1099492065
930707864
1546994041
1256646392
1715621624
1517154521
1783934350
1037031172
1544361481
1693225869
1026686217
844463584
1684906885
1251535447
1742632335
1423482516
1420908739
1562520197
1752061347
1239945117
901650252
1661667107
951460492
1095660467
1384777153
914290517
1331302896
1747727776
596579711
1778737378
1605308680
1751494084
1599409483
1736376673
1316881199
924556116
1613068750
1313709872
1471298175
806772992
1551496135
1760995310
1765062513
1732801668
1299736783
472226973
1734763981
1289205411
1724828913
1763664101
1448304013
891712015
1773920195
1326868951
1180080094
1675328878
1645796990
1744997788
1031470801
961740420
1779242397
1729379320
1612604812
1424723223
1689464636
1782563017
702001603
980459341
1575827446
1164064485
1775981331
1733469567
1321707311
1297613569
1348874487
1489128097
1707834235
1626247342
1578072639
1711981035
1390119701
1246284906
1776238226
777467231
1490799829
1779914625
634137176
1251130207
1737024292
1322914334
1758942759
953692276
1770877616
985279263
1609022658
1605712236
1251407374
1430241781
1691095719
1685183495
919378613
1733075267
1464181415
1779199946
1599849679
1783000469
1758704856
1709237067
1165795715
1588923328
1123517187
1502426847
1628880151
1780872839
1073071418
1381762729
1221844551
1610742210
1582620630
1754902003
1088003596
1783094644
1443858137
1525254607
873971203
1774842057
1714824614
1617219030
1739382708
1759164014
1776101891
774209314
1777876398
1406778062
1764277160
1329279041
1714650982
1502925596
691645386
1185769819
1227327916
1515746130
1762908009
672412201
872627958
1606103166
1669440888
802352548
1770812018
852102685
1738164062
1715514768
764803343
1717350232
1705594312
1621213416
1724616176
1677835893
1644619950
286933749
1706836355
1776798168
1776777430
1685650353
924062196
1746921878
1271069146
1752657599
689682287
1760817022
1780301782
1717189697
1146231970
505035718
1766059818
1757914968
1646508062
1794506729
1105303393
1689336051
988634276
1795874655
909143290
1666519888
1670272336
1771244903
1786028815
889579566
1794854911
1486722875
1452107327
1475917944
1723624456
1661192210
1717187565
1231393815
1004545644
1038314215
1575189296
1588333249
1331128494
1782820049
1166237469
1684877757
1502486812
1409597669
762062066
1176798885
1658531705
1380950528
769276208
1628462674
1748739702
1259893722
1042473232
1254432847
829514934
1755772184
1525304305
1722095949
1417393073
754743829
1463940744
1581650006
1590342609
871641280
1097088774
1594731321
1711007616
1748282077
749457223
1592296314
1498951409
1396547799
1783092898
897269543
1395046456
1342839536
1688626880
896080156
655537125
1414371062
1347462865
1362277007
1717350577
746501132
1688311560
1769372447
1778325207
1508189212
1645167654
732713411
1646103936
1673172188
1767767192
1586088993
1435778671
1783404559
1241138794
1232525440
1223551488
1748752907
1740958801
1430431094
1146058535
800164099
1704637983
1621857080
1646105092
1456093146
1456092300
1663454671
1158793770
1685394355
1768120838
1773064408
198662031
765056586
1278780604
1204862961
1450414365
1675414499
1773464647
1000387717
1547249232
1701015106
1606339483
178773458
1724024198
1704223957
1625124892
1634542135
1758132329
1512654125
1438326452
1448954197
573575151
1468448888
1716948870
1038778292
1780738586
1710014626
1407800878
1739593384
1457657857
1330065699
885410454
1161989323
1669642882
1512861378
1648653617
1712160210
1470067852
1264849345
1797088719
1055107276
1751683840
476116873
1652002342
1497950580
768247179
1741415965
1754563463
1780652292
752795235
1620240176
575178893
1578108721
1770505667
1715226406
1784205847
1731018189
1438937002
1640122452
1685592323
1488673201
1721010942
1777248340
947295757
1703377228
1644919499
1753574003
1763374664
1551386844
1349043903
1603098266
1192347929
1634789497
630199046
1006346158
1753741289
1783032648
1783021172
1410648461
632713773
1552873960
1781744568
801365646
1475668512
1791579229
476116203
1666081845
1533439728
1626484167
1591004268
1592088157
1527527234
770668677
1468785183
1797867359
1394480337
740559521
1688938351
1795898401
676686794
1730787394
1343292034
1797288051
1273615637
1784157776
1457623510
1755521163
1742892492
1649244712
1766580280
1493526691
709267892
1783613854
1363043752
1735210749
1733303720
1636351547
1580514322
547518826
1295038093
1762913046
1573024739
1767006506
1784473194
1650317081
1620737109
753107103
566857624
1144185458
1663451720
1070071868
1560017573
1759187035
1444067151
1631431925
1741769170
1284835470
1397080208
1707189700
1651906563
1388475200
1340207559
1796006407
1787186167
1720764158
1763509197
1684512266
1003554246
1136493126
1379757934
505218073
1375436152
1325081712
1375774176
1345828229
1604880191
523820136
1512126731
1705290415
1701356704
1797807667
1162307028
1020685766
1771085414
1774573513
1134651271
1788829103
1786536667
927996676
1332748559
1738924383
740992878
494975060
1669728324
1540705034
1783606478
1715663458
1797245981
1783040902
813930554
1742627401
1646107564
1796965047
1302007767
1665871102
619767601
1716425101
1228076098
1721601895
712854561
1277033778
771573611
803555502
1469445300
1290713440
1724117451
1530251834
1240174946
1713942040
1781161715
1242444557
1782012425
1732747430
1492134944
626717306
1792021099
1187885135
1675175880
1435103871
1785049635
1339349079
1606959456
1556152799
749397806
1554357657
1792207459
1754580987
1781190038
1732759744
584124670
1487301512
757886369
1754031633
767269209
1591004270
476114369
1266347048
857390158
1659214841
1613153973
1783618424
1413719163
905220852
643572241