1413455244
1050706023
851979574
1721240021
1051353946
1187016215
1702238448
159695340
1174969404
1215870121
1314458186
1682909270
703291833
1555944765
1611739091
1284517967
1687836077
1716288163
1752494440
1688771622
1484356303
1702193770
1024603588
885934521
1386123763
1511744429
1501805164
1732033608
1022193192
1426958759
1108743642
1600037055
1696930030
1382954444
1502657400
1782276981
1294626900
1292224302
1549249672
1671371762
1028655767
1209733943
1718629448
449625440
1678427602
715420866
1707201860
1753909469
1495095833
954156649
1114028076
1411088432
665781303
1681850381
1301614460
801528218
1544542101
972501694
1283892113
1256931442
820951386
1053942963
1678622406
791345605
965722489
708068979
1559087189
985663484
1736012218
1573015616
1359867883
1215227499
203068775
1748581321
685465844
1743704145
481332451
922391996
1773745467
1514458794
1312370194
1759585423
1149501226
1708991666
1340159868
1307082983
1538010752
1561725258
623874739
1481766958
1234829032
1310485523
1670067293
1686025893
1549884427
667701366
1510466810
995640054
1691505401
1535667498
1319609800
1067004688
842617696
1280343517
1738475666
1047777734
1768740693
1700692067
1036383550
1020570067
1112702820
1703689754
1706218238
1303426333
1381003858
994101967
1607281955
1718112792
1720867117
1172087178
996055197
1183625874
1098912624
1362712533
1702914246
1306640920
1778123410
1097017861
1584966451
947656858
1280037863
1770955995
573873804
1120425273
1263411193
1112000072
1064575260
1553128210
463811549
790529531
1612124453
1762857955
1016367371
1067226516
1718060256
1635338770
1654481536
107537677
499904176
959976583
1693965290
1250123390
1729638325
1569892331
1374447990
1686928434
1544906161
1394984511
1534652967
1708760224
743257942
493248208
1237370113
1459114957
1493618128
1128494711
1264523222
1677322844
1072939941
1236679114
193558609
644206737
1692495274
1096331450
1551096207
888088390
841052122
1479302242
1585276524
1313297968
877735758
1619511069
853529853
1514410368
826433486
592155907
1492430951
1085272457
1547895542
1476294902
1108307839
1754400299
1595270666
1241550499
1527323262
890826255
1568575614
1303702725
1262665976
1090080982
1567197890
1441640866
1645857642
1694411434
1521063901
1235927171
171274866
819258730
1475138314
1750042601
1631168204
702250511
1770499915
714838460
1330848521
861154494
1088340788
1113020480
1707368671
1663531917
808236899
1297119473
1590650579
1086458531
1467270571
1178961083
1714153671
1598125012
1725844393
1244443450
1598667558
612773723
1281685562
960135585
1304934781
878615013
1008456562
1660375280
573927490
1512561564
224374900
1387919477
273635468
780411081
1572239146
1731526325
1067202276
1650208221
1604484143
1163334699
1429626748
1648938834
1765537902
646320680
1400489377
1610165321
638164349
1732157152
1487552876
482189385
1242683822
842604122
693541831
701877851
1324470175
1671974244
1277527499
1254475679
967091267
1371911738
1730268576
1721298968
1536933350
857962762
1604147127
1535476625
1341209808
1220373774
1407266376
989299512
1770471188
234314702
1106295708
1396714887
1739600827
1724187276
1218016121
583107202
785185956
1104015638
1545305275
1061390372
1501931621
1447499182
1242300054
584729690
1088409312
1621042301
1154325016
1716026279
1079633319
1685909273
1749464278
1695217429
1483463795
1527572759
1480394016
737782726
1046495500
719118613
1497214256
1723585456
855213592
1659725845
1531129741
729771950
991654607
1609428941
1258983495
187436110
101724532
1749896729
1554682292
1317170832
621767354
1234664395
1379308269
276449300
1508264232
1637877329
470253819
1304822469
1310585576
1440868408
1203176099
1323727921
1742696698
1437275123
1040459154
231617474
1602114828
1539102685
888402764
1026720088
1220908087
1569935893
1539539996
1498483492
1457569402
1681883041
1238175661
1665031971
1517135937
1763620657
1207532071
1540929564
1459097387
1700257783
1663846291
1114028843
1673343311
1670137567
1602664739
1698991422
1093137370
1578444426
1584683007
1068673714
223156093
1294674308
1400913459
1736856780
1769781024
1536772220
1582906347
1094636108
724949602
1034056702
1650774954
575460078
1373716714
1612124855
1536414305
1738665833
1612941503
1244505971
1290156876
1211505607
1223982890
1618566577
1733254588
1542386106
679464652
815610472
1595989337
1597436068
1760818311
1294133970
937534771
1511856558
1299162318
1554686718
1319385994
1562638414
1460060315
1538250442
1009341555
1675736070
1344080700
1568711052
1365446796
1686865621
1170222468
1452323549
660115411
1750736875
1703597484
1466019596
1724997173
1661070564
782078764
1701086117
1223230745
878534388
1520466375
1743700017
1702806081
1281471713
1718783792
1688386020
1377924752
1759243998
1414730360
1203013903
1506114516
1460450559
538065690
1027340531
203056236
1748129892
1611667175
1610996910
1577969209
1013385028
1058813009
1337087183
1028187947
1395922913
1743687541
1248114017
696901385
1535987594
1528242116
1390873602
1040129257
1212437987
1598093682
1609802633
1745856373
666142160
586193914
887173000
1468493978
1674720173
1227012963
907052573
737087995
1597463564
1749178469
1402940024
1324437733
878668679
1711187737
1174988080
1362080452
978076147
1549839805
1044880499
1602543788
1512917220
1114910274
1700011546
1211927326
1419572937
99032899
1110845943
1017624676
1571316488
1558257910
997748064
1317486678
1777532171
1087428200
1398259603
174168063
1673793288
1301638116
1491570598
1736386683
787549297
887439181
1663851545
1581325162
1472128402
1399072433
1706593816
1265934703
224602750
1348684473
1324722212
1419158876
707544794
1262161814
1227522756
1578974816
683134318
1475817859
1602125743
1569072458
780410688
1644840300
962342943
1767627862
1447948747
1596422344
1762836839
1301383159
998273323
645367218
990762977
1159684969
1755002154
1557288085
1104298756
900768231
1279493145
1335317242
1533947447
1231190523
1695714418
1091811932
623803395
1665211993
1493865236
1256521457
1540475366
1754265084
1598777545
632340835
893237307
1034367156
1362626679
1681888274
1203011855
195789569
1295239546
1568745873
1532001584
1615306195
1751564519
1285559214
1118974424
855003274
830355411
1499921966
1597487282
514664511
893772861
1100332125
801112573
978694631
1032360077
72176726
1424457650
559277894
1379316053
1681832357
1443007647
1403162859
1533059856
1752295722
1274372209
1661078746
1486055235
1663476711
584909858
1234703800
1528157588
896981579
755042777
1591207927
1592425758
1219338080
816403368
1111723644
1199685609
1668652793
526396971
1704384973
1446732920
1439698732
1096788014
1705960198
1018388784
128628338
595497060
1598603420
1522719089
1712142170
582226610
1760772179
111712988
1158993085
1282065940
1718408123
1195917425
1288130950
1602701406
1322625080
472073888
1755848121
915901691
971112687
1286750645
1263203447
1116687606
246788217
1709117163
1197979773
1478860470
1464275628
1746339424
1390327365
1455571412
1232580606
1319568637
782420875
1574928494
1208360046
639151531
1557303088
1492568683
1721592810
1540102141
1671580973
1241781510
1711366930
1553899401
761138128
1693190195
1432241697
1475823101
1725764571
1477738058
511116109
1198589278
807647011
932220827
715901124
1093214861
894744072
743728235
1680446404
1636612606
822244485
1747997232
1072235903
734677550
112169999
1358091163
1588968371
1541950831
790717939
1665095218
1654495522
1530442958
449273922
514664325
1529283338
1234358530
1454288181
1089633760
1676504292
1742012434
1575812132
1608643896
1381890222
630330800
1723270406
987646218
207333995
1745952641
1732716458
580542170
1403836399
1542282690
1654352467
1268110063
913775094
1377910594
1183711172
1281309944
1540747027
597991670
797020059
1497664993
1537224720
1553280676
127780453
1197080203
519284159
1436077544
1568451365
1721687900
777075381
1014553071
130551658
628461102
494195697
1705163101
702903759
1768960539
1173213766
1046273503
275214090
1682516497
1517659942
864671384
505201432
885927263
1584601797
1658888263
815731281
1051728636
1474963928
783143652
1112894189
570255606
1685831508
1469919557
1534436113
1163428646
814686025
706844796
1171693858
1081097919
546075467
992851038
1198420247
1252672753
995862178
679604628
1735540635
1718562701
1711819465
1045375045
1181658939
252735394
156399330
159639183
1197613600
1156596878
1781068311
1620972732
1760442469
548231885
1572445721
1651706895
1552885828
1203133755
1383532001
1568615922
1044990305
806128312
1192421194
1400961678
1616709652
1048000915
1405477160
1745491412
1274420399
250163089
1541729825
1650125975
1766166646
1302282176
1134504183
648477370
1073331726
527166625
1316972942
128069217
256882547
1108217493
1312662145
1531609330
1048995431
1025036896
1199950792
269984756
1775556485
1646867342
1537018515
593047551
1481297074
1659167382
1620330474
1515839879
1244485468
754721547
654263646
1053420463
1738821905
498021998
1224631449
1507798681
1044184819
1655657568
1578824840
1719452814
1049079995
1220110505
1698328220
786293696
573638228
1166867834
1696927284
468225327
1694361616
1630485098
1550304548
1211596460
765251272
1560580996
1650448009
1442412369
1214635985
1527357919
949936902
1532213531
1553742979
1101720926
1463557606
1348179283
1100155793
1519793424
1360572297
1450846835
1540203711
1727894511
1200880292
1763313393
848532963
560408674
1274665464
1726747327
1573231328
222228367
1771568402
1439583227
1736422629
688022868
1747716399
1532841616
1671944227
1249217286
1565971749
1444640932
1721550232
1241870001
706792888
1583555654
1530624009
658169141
1736423601
1744582560
532832385
702258389
1500879057
940289644
909277715
1743197873
981926020
1527542547
979711109
1534379110
638410232
1473708949
1033727400
717388618
1029632392
608287547
713104162
635689017
1006719619
1206629810
1612430606
1296419328
660077913
1134454023
107771864
1269818751
1027367854
1712551444
618140397
489997879
1168689037
1572003361
1309163260
1522219012
488248841
1150115316
1217574305
1730828120
1171502704
1484993058
1768047008
1659746740
1182544384
1531397083
1770162397
1735558255
1567677495
1304017483
1768149911
1315369396
1050332041
1459357026
1590209783
1265259812
1442192316
812768129
1398419835
946787562
1332041487
213685046
1745624616
1220413434
1498025278
1422519821
587737421
1270927406
818600278
1159441448
758147252
1571829575
119085865
957315442
1454775148
919350721
268005276
1237620334
1311358542
1613492789
1212022514
1365985228
1593111871
1125656674
606421444
871630986
1648046158
636088516
984101026
1307350043
1619780681
1349399741
1199756735
1312467389
891520450
1416564408
1545795927
1380872711
1748658472
250264908
1747187069
1203922128
1162358308
1419996544
1108316039
968880830
1764383385
948831378
716622965
1418414008
1597028497
1620485568
1650707309
1568649157
1757095558
1295255060
867909600
1742432719
1400485761
1053949558
1441278603
1033143516
1372504695
1395410787
256783922
1647574354
1182203463
903659179
1782271737
1213075169
1566447200
1520835605
1055846134
618887968
1028546587
1223037163
938167955
1735835128
831298695
1066040268
198437220
555533776
1605346097
1006060251
501067416
799560570
1703314306
1309209155
1230735845
469691581
1642242658
1766512144
1530642956
638506533
955086660
1628218364
923170523
1567640339
1700947071
627035714
1590041529
789905973
1340963900
1509775523
1665249893
1476264722
959142715
1577684149
956379314
1629817400
1691809915
1771380013
1770938045
790442839
1612365307
1764514272
1719869563
876212803
1008474356
1234769390
1249562176
1539954011
966038798
1738682070
1256741144
836586839
1679966484
1559582590
1530027542
1687304091
1618053593
888406741
1100893044
829505054
1528667642
1539467949
1264201853
1676749026
256160010
673482687
1137991541
1084333479
1687134228
882615239
1139824492
1412897991
1278616524
1268266951
1712859829
1583068234
883339140
1592462906
871991048
1012661074
1077228687
870847843
1689742787
531518957
570517491
223214761
1282228443
1562917029
809881047
1666472994
1315973648
1316503168
1520531655
1521633645
1680330110
1222985169
1703543282
1645048416
1730493335
1106289755
1013079434
1379986143
1197568869
961513704
1349330499
1622316789
1043422689
1596722247
1763278999
881152259
972973295
1717638875
1392599957
1211307223
1109577138
1578444476
1521988311
477159026
746798967
982620132
1580644610
1600204683
801844707
590913164
1597450710
1573923092
150638312
1403183189
1385714345
1069012789
596378428
1698741668
1254338044
1714421068
1461360856
1732213697
1184792800
1525844436
1744677440
1194803080
1584961665
1663196784
1066055971
1276739021
1235541353
1061206546
828740303
109761578
1676459229
1731946300
1430661308
750822561
1731958035
1127551355
1598449000
1415159097
1427403213
1502899218
1507902630
1762855645
1365998033
1663496624
672665238
1535409731
217582982
1233398995
62192450
1232446517
1327340827
987624186
1681173596
1637833077
1251773804
1091723320
121954091
1746847693
1270360582
1747479815
1597069614
840052258
1119103236
1188965649
1672100790
1078468345
1412683674
1653068938
1418245163
1301132264
1325439341
711679093
1709464159
1706068742
806749608
1581788316
1650091819
1095037292
1709296574
1401095601
1564538191
1648728498
1537057015
969089544
1556290459
665410835
1480675531
1450381117
1535180323
1489110852
1150863082
292488287
871982918
1724776227
1720628898
1325094674
1655621256
1418030668
1536122179
1682937220
1117525495
1697913320
742982995
1766233503
1157044549
969219794
1080576520
646651902
1416637111
990630150
1264903978
1530854275
1051831015
1125023024
878629856
699708376
1397480408
246331662
1477082361
693586274
1305859941
978850260
1347450225
1357119082
587923632
1591603169
1215084581
554770888
1560383092
1783877433
202102465
1694283179
1532964032
197814656
521369905
867616643
1136573982
1149162874
1207568971
1708614500
1169112504
280897390
1576223374
591482213
1737382676
1668737161
1276869525
808499623
1110026974
1267368808
1485605897
1145027624
1009408275
468462427
1202779680
1639385780
1660795988
1501413601
1031018997
1596213066
1311517318
1482961082
1659997805
1000245158
1658454920
974257639
1529456458
650212244
973302843
1678534361
1188873679
1577974295
565934745
1735972188
1284954013
1588297887
1261966680
1605678086
1317489944
1006511320
1217290376
1519792058
1579551356
839579996
1254567971
1029705399
159062701
620717120
946181801
1234079400
126951916
1573875059
1701759249
768467094
1583179752
1080548496
580926950
1595619142
1332585522
1539426566
792430364
702046513
537390014
1741687973
878149784
1235256704
1105559099
1217987292
1568739034
1446947260
1124971485
1180203886
234445479
1257552270
1355042429
1427068436
1068720024
1688529032
653107845
1707080828
1740175363
1172242446
1709700562
1618516033
1773215916
1727934164
1484277292
1477117203
1733087493
966578757
1727103211
1025653187
754796624
1557762761
1045177618
1607877912
1063291664
695654138
1440684566
775117186
1632153281
1201371643
987279261
501175012
1715293498
1669361259
550960349
1021132911
1662035888
1702140316
251153944
1612289517
1675365713
268244347
1597131709
553990436
640671352
513398526
1151611198
1701842348
1538366905
1547441985
1656007864
492507556
678916636
503322677
512368697
1325823502
1397945778
1391210150
1321761948
1082859618
1486640206
1307931351
1559360538
1094600513
994512438
671406190
1572914614
1314972365
978156158
1321770157
776203815
1493936632
1130563545
1470621123
1328134183
911952980
1146036948
927797498
1416586555
1464187752
1729015272
1579983766
1294334375
862873628
1313196493
1644884423
1325661196
1574402735
1661909114
1754473470
1645722630
1502445661
1175381339
1352313679
1671620415
1079213614
1142485746
1183026101
1518966517
1607857607
761064768
1659709474
1015172619
108989357
789961999
900698457
1168695801
1788903933
1661404208
1483276609
558330396
1006956562
1164997307
1586795442
1250079088
1786435545
1503182253
664470063
921611035
1759023509
1214164561
859877103
1739360266
1169815003
981319190
1014473197
1619083605
288928365
796189816
240694619
744333283
1710310456
1341236098
1447954974
777788502
1565536297
89360416
1247888838
1754216101
1679893734
728161822
1197579195
1502869972
1772199052
972434398
257720856
1739842425
1522020902
1248221117
1724723590
1751290850
1086905543
803539253
1079990261
1108185121
1378078475
790246215
1390398393
1242252153
1687558408
1102581947
1565027165
1519511379
1669564980
1473411384
1413933433
1068882847
1641609814
789214779
933010330
1732046130
1215712304
744733598
1650466078
680602457
1566887698
505254428
1747848443
1500513540
1779364147
1369258754
519589197
1507194442
1515915033
1738948791
1120556444
1078633475
1603160269
1276234081
469620382
804441652
894467693
1576279644
636564654
624502512
640264341
1512199209
1734707852
1734924289
1094635833
1721077805
625226707
212780165
576908290
641029733
1250397769
1270924620
1673685226
781157526
1548329240
1423516540
933933769
1460895106
1094057150
1544303667
1086631335
1570446156
1592033108
729414092
1751972269
1185670179
709676376
1348550976
951976706
1668542215
1570661185
885292452
1025266730
1172957481
614101172
1066691084
839300908
1486204376
1200710154
224231552
1450634716
1624025579
723078561
621733587
1045640287
1680461003
1193818582
933101734
1128148368
1598214970
1030917572
1316219906
692448703
1144543524
635687413
945703199
491925685
700175238
1580687622
1704094201
778314345
1738893666
736754926
1493203402
1577948528
1113057098
1545667013
721424146
1166640569
1427881330
1540555411
1361369055
969584214
880507178
594363072
778340106
1710179280
1032902073
1157922867
786430309
1741616374
741470306
1768873919
1513456244
465483553
1460065560
1680872048
469875368
1191736487
1591177307
1686493224
757441047
1445238259
1454883433
680598249
1325228627
834435069
1035035352
1523632303
1537431985
1305186335
1398378793
823308429
267808049
528690455
1412294122
1359006240
1401505483
1506246392
1560887430
802499943
1528960486
1758312415
1769174131
1047133978
1283119199
693186240
1715053662
889161422
1742125309
1534941518
1299399817
229592737
1337973702
1318927799
751213643
523994975
712732765
1728978802
1513537005
162475640
1378695318
1540082741
1188380396
609636177
1572808894
1705503808
1259714744
1212576824
1547165449
1598778460
1308227645
891649055
107622018
1624491567
822539673
1653753639
1117211599
1481096995
1782150161
1706612676
1528663389
947538558
1597481962
1454226599
943408137
1391940863
1231718912
1191954713
1700765764
1574068858
1723742022
667808708
1386346008
1594436172
1432739018
1635660602
1589686755
570645304
1718176895
1721386589
684765570
1073934707
570625871
1326674791
1763121282
1027826730
1197708943
1150217794
1554948647
1421060531
1760184315
729076326
1515874258
1751163905
1482901304
1611039239
786586603
1609414589
784544403
1652928129
552309692
1527105837
251612331
1162756968
620762681
966033659
1770604246
1589241165
660621793
1560132407
1462147117
1220203994
221616103
839981351
1530429963
776083884
1664115629
841219733
879902617
689421419
1651472417
1695573795
1124889778
1557365718
1482058221
1512758303
1613440834
783087371
1046541555
1556633450
1288393584
1441219303
1529624926
710536526
1629331894
770764618
1068973104
1708087520
1612337453
1487236430
1760539072
1169165310
1209236232
1704510635
1187304424
1748031999
1536430976
963992785
1452742663
1631399276
1457447913
508517451
907647995
1365987840
1573551793
896393283
1050701317
513878526
669383340
776090202
1593216864
174180572
1487749538
1776581887
1167370071
1150139625
1520934327
1322375658
1574372211
1233409585
1518307138
1322019354
292690865
1487494201
733901215
1743515986
1419611810
1310013849
1783220649
1722429161
1446898256
1071651718
1589669204
822273920
1736014563
583590648
232889594
1050022068
1659909910
1332556225
1756655508
1671401342
899563855
1090300869
1055907724
559048494
1065609616
1460582022
1692468445
643213404
1333215606
779997903
257126892
556743343
1410893988
1747642150
1751939033
1185234891
1027658622
1096793249
1504092145
1708159976
1155187158
1593985982
1728108577
1721027227
872673629
1309633776
1606541115
1581113770
1721772478
1757730250
1769018627
654403511
1012686700
966320890
644206099
1689092732
1447949458
517616491
1100797251
752724463
1010232884
1258659050
959912283
1517968427
1668209806
1738405105
1248822192
1465763993
617779181
475105358
957279040
1591532527
1574066499
502538376
1203580828
1353340947
1516442040
1755013175
1166887151
468798150
972825206
1695057214
1280020601
997576174
1297128719
1262611236
1669110435
1773959925
1704979719
112174934
708629954
1276264880
1648437650
1094098580
1033397575
1446356694
1714019487
1752969478
872135099
547275301
1612456055
1596478917
776091046
1558708882
729411168
1504153739
1391966895
646550361
1453721004
733443143
1106235563
1600442881
1493606464
888876685
1541686933
1234643087
1207278287
1726436776
647151962
804792604
1027948626
1080422676
1542003471
1717737458
1009976247
1365962489
1228950319
279859572
894756450
468462985
1151178865
1241664414
774474583
1354190451
1753002467
1352001848
917747058
1574260310
1397653451
1364335666
784648428
1376512789
1427208650
1180176734
1740292925
696005922
1598349614
1082861322
1321557895
886079303
1252046495
1083768269
1593776784
1739407757
555240782
1670221048
1118924663
1040431284
1301325882
1057044940
1555549086
833097077
1568223801
988429166
1082141420
1381420434
1088639583
1494335328
1264554438
1258876774
753859678
944757915
989164144
903730959
1013949438
568697830
1590353586
1211312775
1494536792
1340019179
657968701
524584533
681087994
1511016122
1434386546
1266361751
1453743257
767937809
1221158866
1699172125
1189187416
1391641764
1020570955
155867012
1609863231
1396700157
1661970038
1300278652
496612145
1592003391
1324884951
1348656726
1531532203
1032673490
1183363737
1592464290
1548073965
564828605
491717494
882933643
1126767253
1617709813
1045780152
1743253431
1011507665
1473710243
1014617316
1401478170
1322362142
1126650627
1589354247
1789777231
599831749
1741897202
1254762489
868966124
1420007192
1244139838
1432109934
1691970917
719405262
1337441509
999488925
621351659
1471146820
1718849536
1678472050
1584398265
1274512193
777411280
1382564454
1729448481
1710156655
803286730
970845140
1101895763
1706366311
1180314681
1262032479
1366029785
693920828
805257716
1634475362
985616390
487618684
1295617773
845936478
1278930050
963792054
1235554001
1762158773
1171310499
1791447259
1516214408
1713596664
1766085156
1298887402
1224827810
1323264520
685084607
1272996815
695069185
1520723602
1716936961
1184812781
492227219
1343669867
549361649
1677981473
1330502444
1494949928
1070676192
1710139289
1431432483
1344650654
1476976868
1264222422
1655498377
1186882982
1103072731
1024871934
1536382926
1722463930
1127571181
1334592178
1449527327
780230201
909228525
1123735361
1283240794
1057011058
1723712209
1689677886
1596726878
1654713492
1253624654
697984881
1066446918
1579812351
1493510358
1092758379
1105459774
885749388
1476158240
1686869005
979588293
1449047372
1744500824
721701703
1350811348
656694692
1193461382
880154846
1749110605
1264905102
1431271702
1214681959
1720238775
986620686
1612383573
1345631715
1321774990
780330980
1461959581
566215795
957966280
1338523783
958827407
1079812660
1516492344
1568547824
1452172687
1338678682
523793856
838976418
1775581941
1252771291
1478367231
1589726814
1344402039
1729526967
112183623
1670268768
1710200569
1524457566
1154282677
1146438446
1173656736
1769050967
512680737
1225026731
1340424618
1321754140
1290575421
820885373
913758190
1336485195
1187019709
998413934
1761757776
222093745
1307002934
1689985858
1473984381
1732648025
1509004436
1548543031
588598286
880672858
1774990989
1533165256
908994827
1717601339
1496685098
1524552023
1138144060
604822729
1587319716
1568913681
485852245
1088126524
1101325366
1570676892
891559639
1325254851
1011298936
289581641
1557376732
1329935917
829505816
875699312
1142041282
1443307867
1673236775
532471026
726495429
605988904
1121265584
1239146780
706521269
1388886823
1506701305
1268291239
871849542
1215285735
769271078
1244196685
1113758787
1398635524
1498022044
550059739
839555570
1690808032
1471107967
1625495299
1539237671
1298363483
1484799016
89769838
1296670670
1319395626
1275229454
83386116
1542931466
1326359687
628594324
461887448
1464185419
1738481223
654825427
1601145482
1318606520
1083598895
1670822711
213446346
1728721690
649594724
1555747414
1693529308
1697871684
1355250155
1231253951
824174387
1562347188
1478428661
544589372
1475835249
1759811015
1419650770
1450159766
1273631043
1253945656
1072528542
828517021
746676791
1715350532
975035416
1748125726
1717703088
1416375159
734890709
1753684811
1374638641
1494536062
1700427805
660236473
1427510734
512091260
1742669949
1730146051
293658393
1192695540
993646414
766085864
1596163351
1468258385
1774027771
1633428196
1740006752
1017410342
1334413618
485631246
1545660564
1285122172
770740640
1584972465
1749389416
1613374145
1234826836
1688271191
1662409746
879540429
88806977
1387662557
1568702852
702132957
842735337
982728554
844017389
1673080202
956728984
1576687721
835112909
1516892916
1735683412
1148977688
1755574976
782350100
779960801
1538619083
782960278
1243747690
1344467089
1304200743
1649766594
276400720
623900613
1565852003
1516170228
189592662
1722207411
1243864361
1512372945
1576852751
1209889023
1507019500
946289974
1693255902
1514601773
1638999920
644739121
1682561241
1571856733
1603530583
1311012791
1591904493
1754893353
1755030165
92374674
1750628022
1158953201
256956904
665428480
791034307
152837741
1502775161
891836217
1455299076
1226274609
1277883117
1605457532
1778698456
1391310757
1217998664
1793170423
713223319
1651812190
1597515338
1013698706
1556110533
1649257148
700659702
1555241992
1163669569
1722204531
1539987129
1533721192
969978369
240230866
903360719
1584193552
1537936295
1149225422
1408289408
1456515632
1417343707
550668784
1193539267
940670366
1008403226
1769409425
1143741102
1099257525
1321803541
1460942006
1559285257
1413654775
1409065401
1642754520
1125563907
1398396234
1183468001
1519784017
1150766683
1716285379
241764538
885644858
481773800
1563510089
1647913086
1476116661
802271656
1419818455
1574389603
897770389
1270015366
1418114850
890388265
1575714670
1746225469
791359215
927335782
796768283
1479461084
206493458
1312877823
746893509
258992801
251521658
729486223
925517327
93689178
1039665891
1290286942
1196777203
882470427
1508116387
1001204555
1118881400
1584719885
1650296923
722049862
1392656107
1730407273
935129035
1655551118
1722224132
514354742
1758815339
1159554041
1733006014
1084047851
1575143036
1030074963
1517286239
1679484007
702535348
818414701
385742768
1460578007
1733860447
1723486650
1576313646
1749084343
951333844
1727931976
1584963975
1761405612
1464371813
1460727307
1312706604
1096775114
965275851
1077483714
890813270
1514756511
552804289
1212854395
1692682862
789771599
1668951954
1742772674
1441303719
1447267345
170964011
461857656
186919788
738799047
1428101406
1082399498
1689114345
1604875548
1737717596
1289512329
905307326
1292998064
788721686
1019817461
678207343
1307814897
815835400
1566503270
668975386
1775182275
1386371154
1346170789
1264170224
1516168314
765156282
1181986172
836446456
1311499830
1329992610
1488651564
1003765338
1292983731
1207176889
221884807
1154225097
998208792
678508245
1263566204
1690508177
1456526116
1698664860
1073648355
1749626859
1675391091
451192018
1531235523
1767177372
941393084
1174961125
777746545
1181013360
1701067743
823486159
1189894899
165824001
1555207730
1767789372
1696393216
1321038431
1553879640
1603082686
807497345
607282100
605814525
758339148
1697426565
1494270281
815669705
1023992257
843224213
1537889678
1433437283
599965083
1234012943
1447447638
1212066954
1209230610
662556280
1117227304
1764102354
1655096979
1403770642
1481378673
980201448
1475704436
293654601
1594546009
1593114194
1434154122
877894862
1667638632
691943033
981648605
1591449981
1750671603
123136942
1314048724
1100989418
1760812664
1314361811
1563028386
1119591793
1650708729
861031226
918665226
490219419
1475808419
1227706209
588389885
679704005
1149583793
1607051021
761251464
960944868
1508776803
1012782420
1751221445
973899159
1707427650
1716691702
1564401985
1193679463
1704079137
845217396
1654604859
1313340616
1028014358
850665492
1785880227
1297388086
931177828
1007581129
1299399533
1108149752
713661896
969255513
1695322431
1736936360
193488251
1692012233
486363858
715572761
635687061
1706832392
1350060251
1178686530
1421994711
946287480
1427068456
551079577
572126622
200817443
1155656166
1480352800
1553152139
677692142
1539757417
1271374492
1557981065
1693077630
1212409597
1602115274
784778203
1459931552
1379065369
508172137
1460523740
1137416681
1426192501
1602786280
255516213
1644068207
740053635
874476992
1669980018
1627553010
1299404421
709733268
1454500388
1090250077
864257070
1629230086
1469313380
1423897833
1756001804
1232957498
875483156
1426806174
1342009479
1698077976
1532687775
1654510980
1760834345
744796738
1409872918
1040928459
1540773640
1307825648
1681431705
819984926
1379984687
1788237191
1737365192
1614107513
861104719
1537553601
198811624
1386087199
835366393
1536144286
1297287735
1633635062
1536336778
1666881213
1586241617
623996484
881409968
787935489
718032789
1425362636
763166420
1517964028
1735482770
997650658
1016230787
1016108344
1290915415
1488584793
1514570478
1556002511
1769109942
922887685
1597222336
757659833
1620483137
1675846372
1400573174
1564231215
1685021701
1595051167
1328449196
1688220963
1651351970
468311091
1544426329
728441510
1532948174
1004055939
1295032608
1727928140
1689207368
560547914
1492597857
1307397637
1569928089
1755344393
1323344929
1668103433
1324413633
1180140928
1005866821
583408854
784553483
605986846
1763649213
1717439938
1684897725
1186987233
1732474325
1207135699
1151439192
1621140557
727189535
707969603
1744917024
1425336002
1531234481
1710063644
487938507
1676559150
574349015
1770071268
1587395387
1407845349
1564465563
1666129655
1731064115
1719078423
1096103470
1700779156
1720099271
1369414800
1270397036
1553553322
1066053433
1256230658
1445544903
880526189
884420424
964819262
780860365
1236483713
1120985722
1324071064
1494677157
865873122
1396193264
1329119000
1276248446
203423850
1763904982
1241954924
906176221
1630845152
1445600418
1762917024
962576705
917119832
558720665
225145190
1368466114
1404936650
752528785
1723658245
1196402316
1709209930
1273773438
1227731662
1373719688
1470788274
1384083540
879569258
1492883548
1308329194
1529022441
1044449123
1503342305
1574784454
1422509907
695965930
592415835
1089631036
1552945487
1116085501
1759730365
785019236
1781752329
1679700734
1161878738
220066977
1594337440
1504333688
1447852499
1053366213
1050173968
766366778
779954365
735268636
887164546
1311367379
1267535255
777235894
1258647438
1004892667
1652291098
950772273
1673925486
1229300545
802899407
1031519085
762800040
782322559
1085908391
948219189
1634014907
1509509471
1681029796
1703544578
1268180775
1674824130
1694726925
1655184009
1745466842
1763069264
790718421
1654724078
1387174427
1701112088
1708278866
1233006923
1679968761
647048134
568866993
600422561
605010547
1552846029
1186290630
1775400285
715066212
615594051
1450451142
1419990708
927087114
1078032317
247294357
1143121419
633449892
1724803689
1745053520
1439608046
1533018918
939101154
1277801331
1582843120
1596638917
1018301654
1106046695
1720624308
773645238
1601549957
783532430
1330953874
1512899501
1525390110
867381865
1609859527
1517800941
1416369671
626001976
898923340
1490407431
1207610367
1674552669
1211557225
1382386504
938046257
982747142
1717750343
192582794
688855892
727386864
748718238
1042132712
583193385
1592250201
1684719211
950321312
1174184636
1598534883
1607105190
722115020
210457952
647124536
1519952025
1774849641
481355349
838668649
1472060549
1762731493
1450699783
1420663521
1587883018
1161140914
1234999880
1401275427
681744220
1205703290
1554749931
1167463669
1038674520
966666247
1531225383
1545591322
1148093854
539718138
1708060410
1457384425
1765116263
1328403087
970916567
475195560
523407052
1544001512
1111108465
1478817046
1397865634
220056918
1403954067
898874051
1276676015
865946356
294730597
1490333179
972998655
1746842856
1368316912
1738328219
62578909
1750668492
742716939
1695953933
1590830862
1580122799
950934175
698889142
1604151650
1660996512
1048856157
1509463142
955946950
1574474777
1594405572
1300661648
481849132
962821149
1051626354
1681148211
1126992593
1654479502
1338004079