1728221899
1572228828
1451461417
1405305157
1733054237
240896981
1751699176
1080960712
1606794732
1437655789
1440009929
172555910
1647381962
1660785724
617756809
1131462414
989792064
119068447
1039991218
177646871
1022683157
1762336962
1032597935
1660796491
712952169
1463924292
1435304408
910649794
890951737
1351989273
1510555486
1437658699
679636041
1690423448
1716112443
109308839
1660368389
1701061843
1374857911
740477658
1757969576
1214128943
921699664
1081824845
1037803199
1739419961
1703643062
1472918837
1689808998
1265685874
1606691151
603917960
902513083
1150382755
1458712556
1777772037
384759136
1300316608
1548810756
853458962
1689187563
580334841
959654207
1471975170
488477300
184367742
667100766
1724153027
1320342027
1136189744
216675053
1770611858
1639316840
1102807361
1319216642
1564877385
1688338095
1706321358
575210649
774168802
1691264386
1485437621
773751512
826212722
1746208954
1281160418
1086149985
811338706
798343713
1232601595
804066657
655260423
674629320
1588823663
1749370794
1086208860
1732486966
1164089326
653514957
1708399226
946704754
1578667649
941264088
1696154579
1733623939
932415902
1285265212
857449741
1007283464
154026537
1508901562
967446650
805612000
105698837
1567825449
1579164708
603919546
1685366841
1392053493
1005673098
673161464
704945627
1687938468
1596243974
761894645
1196475042
1219034731
1525074978
1048035863
822260910
1477724699
988314961
243810330
1423411705
1089249010
1769277565
1601111610
1735641223
1723151535
1606728045
891024683
732953616
1000597900
1665380952
1312772508
1327614785
680036272
1106998727
574486501
1171351825
1747755147
1348794723
1769180271
1609929596
1190370319
1610538353
252738623
552603674
1515464742
1698499680
1065666909
1704363852
948271851
1133557019
1475923087
1268036846
1084580999
1043521607
721515228
1426649662
1181134008
1045456116
1479113365
997828981
496614637
1019701433
1513827311
1787959631
1649811074
1337795809
991067037
1655934288
1347345227
1574482710
1548399197
623444377
1723959755
1306485445
1746385994
465631198
1693853590
1749820923
1774629163
1421327584
1547119903
1437546840
695706006
955954790
700700591
1660564054
1131240230
1706208032
648917705
785720453
1754815756
1705566936
1045006744
235612419
1514713502
1756851616
1457228460
1520281394
1287414742
1653088430
1582791718
1548233266
1214857997
1273338712
1792557925
1200365614
1089897559
687040902
966317695
998677509
674422295
1666166545
1589525887
790923255
1415950167
1440894074
1152630695
1373138121
1082401405
1448781673
1311685211
1088529899
1275891492
1460058712
1791623377
488316970
1716581974
1672822499
526808336
772549594
1464935216
1438291378
1326815711
1404986431
935533443
1427319572
704801649
1740178190
1757049961
1322739522
1231927873
804890611
1630600432
1769603452
1679107533
1437657051
958085444
772138711
1558808594
1464325870
1650628409
955235176
610376629
1353552330
1398915298
1241510797
1762560688
999813513
1018480437
1757447856
1420048545
1281656127
1038518374
1030859906
1207527010
1171219698
1675437257
1444020760
1506102719
629549979
1454035262
1591362893
1742342103
1561351449
1582936294
1019524930
1527410501
1635319227
1544467298
1702253293
741562113
1346308389
1387514486
1065763521
266229543
1682268259
1690192069
1412745949
1599751968
1738795230
1161077413
1215363811
838152152
737220178
1702938115
1762933191
516341986
1281491111
1755421623
1376156228
1259349950
1421309342
683361967
1237189499
1713103755
1537519633
1057619148
1396624919
1616094095
1245533146
1413123834
1223915200
1675462503
974268764
1682770014
1713105340
1286947158
789146037
179344939
1727456605
1568419119
1687894369
1313427229
1726353351
1620229950
1512660371
1159865656
1449800449
1761000478
1761970623
1209324749
1102585368
821013092
1421312446
1609350591
786203832
1764018716
1256364756
229019451
1118357508
1680037844
1513086044
1765097735
544527363
1689887141
1364881357
1162796269
1445324183
527376001
238227235
1625391100
770364120
227519275
1662919914
736360697
264522533
1163973136
1097563720
860380242
193987178
515972424
1537158902
1034273628
1675367838
677750575
1482482612
664101207
1322564879
1440015757
999389676
851524027
1783862231
1554006621
220357967
1561817108
1499318363
864069744
1431124194
130699216
834011302
881867094
1456320388
1765589600
1750445426
1641929000
1226319931
1382954984
250669510
1075993696
1569642147
797048478
1295160113
1286932828
1257473587
1470157736
1623318208
1689886111
1049015191
866999919
1526555966
1713909050
1714200919
639543801
673893099
602916224
1444184008
265865257
1653245487
1070481840
1437947943
603429396
1729282984
516471255
1321197257
1783860573
621954017
1404496806
1311720089
1529620267
1231813415
1608927033
1765953586
1691178629
1296345072
1171734203
1431126200
1763301733
593507640
1251590853
123865235
1592655959
1329168441
1398243471
930253906
1714251846
1294101497
1080607503
1377486272
719616445
1256564610
1119446340
1797580485
188025848
1768215756
1696294613
893279339
1670909032
1685078827
1521071256
1718727890
1711654305
1769044314
1660343666
1085754604
1763443725
1775763950
642395143
1657829968
264537675
1784273963
194265359
832932929
1668215703
649287926
1331432887
1285755984
870147157
1232091393
1659854686
1729465038
1721255490
1463684021
1624418770
1678486294
268816900
1400215442
1220438503
1539817616
1789758943
1723196061
1440028518
1761714498
1648745138
1266963937
1372562442
493473550
1435394351
1566779539
1750423420
1382438151
1060659717
1163010523
217274141
1440030548
221591755
1690910976
739795309
1688267897
1544764262
1688165405
990910790
1232945466
1571040518
271260638
1556994678
1437670281
1626131948
743513517
1031082494
1223954960
530424291
1270538004
1538095910
482181888
1170361673
166474907
246862087
291867437
78721422
1561260678
979574905
563636678
209965687
1661758187
1323307710
1201392659
1716632836
46727140
1394243281
752573304
701677761
1766284737
1078105184
1431122138
956304136
1670793345
1674033938
852479569
885661323
803164112
1551222533
1648478960
1735900832
1733661204
865711887
1145887432
661944221
1719497567
1707281968
1099649101
581860140
1257984187
278372090
1212052368
1046682234
521991865
805633476
1733075416
1540956484
1721946122
1490295958
1335604642
1259605630
1072462726
1342511339
1697360703
1223896313
1305914604
1751256096
1784277361
1764626335
948231582
1733070528
1750602371
1505717700
1468320429
1551362673
840328303
1175551489
1533848595
961008726
499218357
1337022825
1719323245
1569358365
1397522870
213818799
1767108399
1352552362
539910043
1562172679
1139014309
508182588
791945789
1056997358
776452815
1236908244
191847659
1722402638
873865149
1776151945
1609821257
1238211669
859903678
1732782235
1795612225
942851599
1668308246
685228571
1762691270
1620315954
1253701555
634745980
1317822443
1013806259
1083408475
1526555534
1650399976
112193721
661840963
1773136635
152789462
162690646
1725413234
1559660016
1564330114
711284182
872856133
609900727
1684000195
1490584038
1135585347
1129832218
1685686331
1098325261
1559904479
1240121158
1767833903
974740232
726560840
265874027
1768216922
833291682
803244217
159764295
1534958982
525654445
1455917378
1099657363
1560798343
923628786
1636420291
1659589965
925396181
1308812142
1234436491
1105935257
934032202
566118596
1154435466
706528899
930142954
581917624
1232070137
1520867152
1744571560
1446123213
1445321533
1793344163
837642140
108656328
530424875
757272356
1712920679
1528426038
839845396
1782054022
811413324
1571516675
1622209402
833073434
1706265968
1007856933
1352819091
1715821120
1325716155
671305300
1556285044
715974443
755327367
1598015824
838588540
1070951991
1465297712
271154233
1051432245
1544217893
1490207868
1233111592
1446955818
553984417
1520826022
887211932
1109311450
1076916089
570004197
1454108022
1311652234
1751235412
1773618866
1581301675
507882075
1689886753
1224200853
1684259836
1493186026
876759609
932218371
842649496
1793305775
1324733319
1552549560
1734959028
1349584191
655340052
948257604
1724206576
802707674
1756748849
1206361805
1721984055
1436171183
1628328313
1203827765
1735775561
658004169
1478847869
591391283
1713811662
398561481
1796634057
1274573944
1774222318
1778871443
1649753156
1724832365
1035380322
1572660500
1559432525
1061872081
631105861
1748281848
1446966184
1398157293
1770936838
1230507937
658580533
1489544329
625985666
1651761321
1284033119
1765117691
1725425186
946709359
1595977033
733716855
1685026891
1709198529
482724535
476459795
117631205
1324994145
1204219261
1672662126
1484554691
758977524
1276462767
107400681
837266777
682938873
661596393
1446114859
477885944
1753637466
740957830
1048089765
1739610599
1763416017
1730521314
1231323294
1689239245
1763318107
564490682
677734585
1055046877
1758005435
794632202
1663872784
94621739
726067605
982905109
1268732822
675835806
1760350070
1300696675
1763392613
195938558
1293409762
1087314806
889036795
1217200412
1070481508
1021579416
1664718707
1140989528
1727330524
125799228
1385259794
588472119
1117808979
1537245456
150885737
875046024
1372374655
1782411483
1491916808
1085241007
1493099932
817061676
166463904
1085685062
1443053601
1499095700
883134429
1700965642
856238664
921566691
1029628333
1301159912
1768218962
1471357889
1239366350
1122919485
674707641
1521542474
1737014775
1620259516
1647353737
1745717733
1570052662
1723108269
1515659845
607344829
1238469563
1784280233
719099613
1501204710
1729997308
1788850957
1455596557
1369878428
1781651812
1683241424
1212560287
823761372
898520852
863896896
1527067332
1334126335
215085784
755363641
1737371219
1770012401
1124240506
1173509087
265613626
960417321
1736538739
755332966
787634931
953231036
841239349
1162306492
1013073995
1447511595
1713086136
1112461039
810090299
1675720204
1454291376
246830556
1466839803
1482762186
1589410538
1241612409
1657824842
1579039591
865709730
930111978
1530829820
935940093
1606063731
93430751
1086731790
1322698708
1695821703
1445322711
1047376647
1702164770
1538274202
1067531821
1280959184
1789619923
1609046408
1503774914
824421583
1651831893
1061528432
1743191210
462970602
162451480
617827203
190741166
1625640987
177370752
880439921
1744688318
1243069237
1504749297
798847795
1678601339
1464018580
1150123650
1772950913
1742585266
1050446207
740648445
1640038476
1450188347
272169448
1701727958
1005474075
1479702495
967212471
1754883024
911106337
1215502383
265973630
170102594
1324928201
1013022556
1696052561
1476635599
1653999223
947924559
1412027673
1669673424
1440824615
981540665
1748350297
1299948817
942167888
1049967500
1530701260
1353708164
1508981075
174199108
1692055294
1431921666
1715759425
557518384
1622197960
1700687161
1519957953
1599654563
1721897256
1751967437
1660767680
1168298469
1614136107
1273616701
727001794
726345278
179131646
524900719
1603154062
1544022934
933471654
1564605401
770709099
1112902817
867988111
155792340
512548986
1597526513
1545262231
672553699
1326542415
1395139919
743515549
1736410646
1511910629
1097600792
217274347
728093058
519376574
539805366
1515156710
885331244
1508903422
1293397062
1736406172
1776201524
1723595313
1790955271
1482757046
1650092624
963006132
900511537
482655307
1386966701
1389976867
466550432
1526315047
1728514582
1171129741
976871682
1310433072
591452802
1226655108
1407856161
805604251
1035730400
1260133210
1733883934
1207923868
191413623
1463353709
1351211009
1343905687
1417226017
1348481119
600129277
1109142655
1774640251
1740581841
1331457735
947724730
150746718
1048020458
1540027931
588339419
1774251233
1748529319
1165751768
1659202378
178903110
763750967
1623248548
1468485698
1342827356
1239723151
1729197278
172351642
1692508094
1621944549
1146749854
1305152525
1564549893
249731069
1774634961
1705532694
1668632842
520974762
1319916267
1717488377
1744914791
1093384610
593290397
1758865101
642386719
561069921
944094037
1733085372
1551690745
931667455
1648818309
1181742035
1643341129
1305857496
708934350
1607590487
1082891885
974204583
1588192630
595542815
1475449374
583135732
1135837771
1745221513
1674458266
1090278446
125799468
1790537567
1035776402
525509081
1370151012
1297556811
1509010863
224258102
686473304
1412637077
213359384
705980368
954987158
1496674459
1795266807
1015775324
1140730903
1796624129
1279162195
716319192
580749742
726988271
1258166829
1502415092
270476047
1776200578
1787423523
1767602275
1458257458
1745296073
1619734074
1394904605
1672893965
1605719674
1653734116
1740558616
1779142960
1280560244
604076922
888033680
1503575902
92426471
255458304
962083934