1532937425
800871936
783541010
1283375013
1490498848
1035981782
689046203
745699350
997910863
1336209504
1684651146
1690431010
211070274
1009425161
1260628775
907056089
1756165829
580089700
833824325
1547721023
253937622
794323624
1450993672
1502421553
1743894669
1727077342
1200380104
1367160922
1558446522
676791428
1334573069
1431315918
781529196
1341912005
1696279725
1661820574
1514410368
1730426711
749962522
1518307138
214706326
1513600275
1374857988
995748430
780469487
1014394817
1587848678
953788481
1600850506
669546127
965245133
1648773599
1601010827
1472208620
1763349211
1640706820
994980348
1745393232
1517612215
1730066714
1673517878
1280148187
1756590591
1350272354
528299877
1210819642
1495926448
216683976
1759984398
1585319240
721353387
1436410653
1102200233
1585246938
248459498
1504279815
124571944
510816045
1027068953
1700218906
266881808
196316557
1717373834
1018352868
1705815623
955966594
1535692954
1164439379
1033029427
1345859465
1782052181
1477416595
1201251843
1754727728
1192810737
680120930
879823198
1750991328
1305327404
1342268813
646634103
1068739082
1406951954
1464213625
1389939049
1735914146
993334531
1276891461
1604954055
1407567572
1601632705
920885552
889678824
1440620008
1479734642
1454603240
1317038230
1653441300
1693486051
61053950
888616368
1721606943
1447752554
1519686558
1771959844
1558288403
796692855
1198446142
665792166
1598276589
1336843271
1398158002
882096556
1071987363
999006497
646880393
1689987271
1450538466
1168667593
1573682027
1657536302
980529624
1789349103
1024064817
689650267
866322971
1735404187
648307862
1023099765
1682952301
1705656171
1593322410
1553580299
860122766
1613933232
1772379633
521754622
828074176
842980929
975225387
223685670
1469943550
1154627665
870310783
1726652799
1468966288
1778796605
1529455682
227972615
1736957243
1753475813
1471470964
1730383118
187879541
1632709290
1507736279
1653449711
1723711955
592524871
1488228311
736961533
624669081
245860304
782800359
563067272
1596169526
1055846134
1470648186
1409389538
812087070
1583642199
1755136707
1395131246
1189955105
1625806955
1384510541
81670317
1571559591
1104855686
901447386
555311899
1690072910
1637655557
1757496702
940668481
703230470
1562580188
1652720253
1340858050
1453527508
529626623
1520499759
1747499953
1528388300
1324004784
257390846
1545976457
1631760119
593055164
1594849565
1572911480
1702750288
1622250174
169749798
1290468862
1465707543
1129122323
1124359229
83631479
522286848
1267535255
1214985059
1659724346
218825211
1444543319
1539214002
1258552800
1258314718
1623536505
1075695640
1782905689
1470196974
1514601556
1482675466
62231363
1566336797
1604591283
1022531249
1071849445
1681773477
1470222841
1691861887
1532136771
560265650
901410817
202096667
723322815
643289028
1500067609
580570134
1776288137
1743226104
1406932438
846431563
1245695504
506274575
1763528423
1607746956
1627808724
716808313
1617966287
1668663384
1721236001
1643023375
1394140246
1690704943
1736847396
1084996903
1512119169
1710690999
530590496
1767366936
62231409
1608720646
738399787
1464689217
1612371449
1299734766
1691104642
1710700402
1640129965
1433728362
875991805
1565408218
1451220384
1004609015
1150160729
947977120
1730381394
1657253333
1301079531
1768750896
1747778125
1756639782
1625105641
1713520475
964213965
547932198
804549449
669217070
1541561496
1349387036
839556674
1471984419
753466172
1430462650
1676675249
905906525
1630676589
1752610713
1083822769
1779126622
987938891
1284083182
784766788
1625129055
525000404
1669265518
902198335
738983605
1548546106
1688872282
205919893
950868538
565359687
1450556680
1779700070
1740135209
764403372
187405778
186460981
769569047
1431480644
1435959432
1745833022
1542991084
579191002
781180476
1415803209
1679949857
1331581931
1654001243
1753167577
1222913160
1500611140
715755289
1030963988
1317412449
727722359
1531296310
764224578
1547852189
745008532
1609045869
713009406
1787511523
1052716871
1238716624
489622796
1298935896
894172921
1294731713
1537001320
103632876
1455937856
1771760229
986056319
1186248631
1736028301
1199195802
1341034886
840284379
1412790743
1257609928
785676970
1652720167
614280557
1414371089
1559952901
1259018787
1571067328
1165066637
831840132
827696193
1738878475
1633480981
1432025066
648284583
1175693677
1768397209
1216335956
774880427
1063852187
280297648
838352937
1728626398
1174657223
1726010049
1037794475
1768590012
1387977802
1535176130
1241681554
1523673162
1073907913
1519518721
1364050957
943076951
1726059871
1190712407
1188991669
1124140727
1724800088
1713810736
721359579
701689889
688923112
929154882
1178541587
1422657277
1504401660
1444705412
1642003543
1605478953
1707168362
1411027531
52258612
1593529393
1392001725
564566204
1567443238
1760594025
1089241727
1615931112
888003836
1418842789
1793697599
1405374976
1592161356
1763690260
1795405379
1283662337
1344256522
1020249836
1334342615
1255021856
1725988490
1743948066
1046716344
730244668
1572435523
1439218975
1595863347
1127387676
904397146
1284399078
1314714901
1232810950
737877507
189129651
1471861059
628436872
1309938271
1589514714
1708533622
1742969416
1702596366
1026016721
714729161
468924569
640553000
1004798185
1356114841
823717943
1140931542
1776429933
1721470189
1329755836
1432429717
1487315981
1296018303
1239195624
1700678013
1319958738
1493897352
1771499974
1259786101
1163446071
1489201673
65771195
1220732912
1112862211
1692425465
1710090351
1724960979
1379175867
1596421188
1638311250
939653339
1306062085
1203534342
1386590527
1047903857
737252730
173583555
787076612
1687468919
1625609357
1316168748
546982246
1501201813
1234287933
1213631363
1450718188
532230408
1354396941
658281189
1498710981
1514807383
972082355
1724434992
1777481353
1200634855
1142091892
1387060957
1191461744
849413118
1029679139
1396624271
730483811
1792541033
1741775298
1673183021
1795641373
107557223
624958283
1743261155
858497889
1690448060
1121185122
1774901131
1771041542
1701845874
793347059
1662437920
1263944872
1695080743
1737574884
1091617184
385985450
967328729
593127430
1703214219
1385900003
1283395669
1719887124
1739518942
972364426
1588718533
1549975007
1479565830
1250805988
1175194547
729582106
1085738218
1162893894
1173080233
820000490
912359835
254671694
1423928245
1592593894
1033346058
1742023562
1686074567
827530539
1095725926
232486767
1032845990
1508327688
1784373499
983369662
1099073701
1731904612
109046205
1281063963
1733300917
1610926948
1093016285
1544036900
1677631100
1610830548
1749530124
1534263345
1083355334
1031059104
1463689539
1491923329
679857130
1631868275
1632043741
1647155460
1302953474
852421033
968197067
1663423104
1619312531
603236316
1546983875
1378808529
1662970600
1564819341
1759075870
1736319027
1333225309
1440097614
1750993191
1765469537
921944948
1730625338
1429425476
940034401
1072796604
711828244
1323425031
176825073
1537368963
1526461056
472494480
456685980
663017712
1479351166
579150093
1449050443
1091511753
1738567750
1357611642
1747078478
1601739598
1460075570
840711312
1226934361
873714676
1582720505
1617495950
267715432
1023195298
1717389384
1462721839
1744366125
1090190363
1535832926
1471816257
1792622457
1682532388
525543600
997034526
1791646023
1773503537
958406092
647326870
1572043163
1175039182
1715944519
1286400040
1671639305
1511613224
1331458409
942054000
1333245202
847901983
782945508
1579580933
1783334291
692266459
1043015857
1132818385
1460094373
126053567
1539455682
1650207436
92840072
1230686091
1392327491
1086184022
1677573401
683566604
1713342062
1483608386
1322490729
276102942
1027120745
1248665242
1569787222
192592487
852395466
1414832463
1077663616
1330571287
1689494763
1487341702
808057107
1703853008
1102134586
1626679715
1532612369
1724355424
1781543666
1031892467
539868354
1638170234
1756924348
1591396401
888234087
288263495
1456873988
1624213915
1576042739
1481404447
1647344703
1406969407
1336839801
1722598348
1074047684
1719727667
1427893659
1721269669
1583325750
1479872472
683336205
585104362
944825481
695362247
1651073819
972620301
1455728520
565357945
782453120
497106772
1583951541
1598737174
1712406424
855566521
1737609942
1725199684
605957329
1429606348
1246486866
1781189172
1189583259
1158799697
715928719
1316970365
1649877325
500037373
1109068760
605507030
1239617387
1685634941
189127671
1010985331
1669912024
1685314281
673278005
863612413
930369980
994122940
603198551
1745638341
1755545217
1246777163
625030213
986920233
1024087854
711329101
1157084961
1599313524
701150760
751091644
1044226445
1020076336
775813252
1694603840
1728226781
189246766
1577055274
617468520
1748967715
249841217
1681969466
1450541805
1726490782
1734226068
870402985
1005170182
1221884547
1370756266
128239876
575977490
505627469
1473662074
964243887
1451149559
1313144675
885336528
846637071
1793281037
1729180488
1662546324
673276293
1731939142
699674744
559780798
1199745196
1500380503
1552630494
558302712
1259718059
1248430517
1739877389
1205408165
748662469
1461143949
1758440542
483575592
1515623146
1399332608
1580642712
1776529468
1295125087
856509649
1513662100
1759333239
1063308027
722670328
1521094760
1487468496
1420506990
1585666644
60964643
1746758289
1135254309
1200475805
825599582
770458154
1458980241
1692073669
892766087
1737327548
1226933805
1719036668
187603606
543275191
83041204
832977434
1789501619
1760354066
1728749807
1691018013
1676423595
1005280619
1665414338
1705462505
1314124506
1072356796
1606757527
1043360905
1773108009
1731421785
1686935884
1515219421
1586544744
882226997
1711699563
1732816554
1037321656
1658526967
665728695
1618169384
775523243
1540433387
978785070
1236785038
729586768
1785759107
1250957696
862529030
836414810
1606590146
497428834
1400715841
1594313984
1684919625
1585641267
1686186888
1744054798
980028422
1305112823
1187054924
835446242
945167974
158668688
1432248759
1060010823
721967244
1755376201
858647714
1772872257
723298470
1672615285
1300042885
1068737924
922706562
1164250502
1214313548
608730075
1437928366
1255898214
1565309192
219361753
1518300319
745812367
928792462
1423058715
825676258
1429950477
1673603836
1199950075
842456977
786169531
1689220204
638900725
1132019226
1366967323
1595262792
862865671
1327187433
1647173295
637809504
1591273067
732281641
814133717
1574923813
1753935159
1504068311
882278499
723844577
1681080947
1206390546
723026114
121027773
1532724973
1617845755
123710373
84967735
1353825155
760913628
1043355549
729585008
1559697371
1677909816
1423515107
1434258077
1566547912
991234084
1682784927
1023256316
1075579293
1631308540
576320983
1642019746
1553985337
683620344
1264778673
1105675629
1310892945
1570425061
1325033363
1713064309
1419708589
1242059883
1538873928
882317608
248250367
1599311631
1062797549
848377174
1614516448
178191394
1020020582
466748373
800772352
1056715651
1032314529
1408444588
1573115147
1098439174
1177778100
1523180719
1693090161
1639208713
1472288019
1567710420
1183241715
1254218406
718275765
1538930342
1271158947
1419890338
1100989825
797109584
877005204
1143382898
1272695779
1151154526
796225152
681134451
1576589714
780178696
890397067
1412995893
1095610470
1661784579
1730650571
231983005
1709880662
1725762312
1675981763
1673576856
1195764375
1454850677
1286086898
1600669801
932802211
1776524207
1589534179
91684810
1105390578
1412287157
1066160518
110379735
843325039
1779598162
1197951959
1751460557
1529758799
1306648403
216197748
637379835
1576537412
1739129421
1441277004
873622031
1747621218
1502064307
1545015083
1684056279
645739065
1746594158
1581490962
1491734021
801239465
256685826
213727428
818078737
1489197063
1189139770
936025698
1071602489
1228386241
740937462
1080360531
1418499879
702937600
1741554275
1474242964
1303689826
975339259
818093709
729982377
1729948207
1417089179
1479637212
1575634062
974543294
1405158658
1476936975
1468383961
1299716965
1453209783
1157505575
842313215
1427138896
1526779572
1658014644
653095107
62444689
721441212
846980210
1099834726
78898528
42576684
794900876
1222792576
1580076183
1579531314
912068591
275595114
1771697003
940938681
178014526
1474336165
1458020246
684616874
1591883635
1751188519
1792573037
1795231217
1045622208
1568191792
1516269585
1390736579
1763654948
786920924
718661760
1571814237
1266945839
696132501
1150677658
1301406004
1705717349
1725258787
1291190156
1472286055
221602040
1775935391
1073382429
1034646407
686562116
1793995023
741415507
1106172586
1375977788
1787023905
893418026
541322542
998479884
890942703
988513730
653495419
1704905439
1388799764
1723885570
912342913
1741261393
771004703
1420199577
1724963919
1456289295
1626606963
1270559770
736362819
187314262
225127080
1622457839
1748337345
1292990287
1143210245
1613035749
1456266215
1466894281
1470113157
845006832
1668395975
1647344701
1763088380
1756630787
1199522534
1468526006
1735337650
1750227879
1456074712
1011593847
251445692
1716630378
888218936
1317474562
951499481
174281640
951953518
1681614491
736822402
786924478
983444264
1532939305
1157500741
1461319172
1552301148
1284616898
1656597428
1727763072
1727044143
1380913003
233561686
960264831
1673128566
1577715184
1374340516
64814270
127210058
789973097
1132734039
1387775222
1124933762
848069997
1746737774
1074974849
1716156901
1063154709
736326453
1445089224
523328092
1143125959
1671310704
1387168316
997306911
1566239851
718316779
974665134
234576164
1501913898
1205938846
944420104
1677152237
1575070880
1266946901
768656512
1713459164
1609974496
1517055954
834952500
979009417
1614354568
1691604697
1409884103
1200741963
997377190
674177060
1742482131
1719119915
1523179446
1018004122
289573553
1097907851
1683846539
1767500272
1773071780
1433644198
732536407
606155332
883727892
1122420885
564836748
1463216765
126613573
679973592
1347075356
1566618441
1067300458
868112564
725042034
1782497510
1056194245
787561686
1025612512
1226424147
1793494653
1045806027
1606634310
1223513865
1239243687
1688364617
1790374529
1258437922
1230901712
268298732
1578912371
949742614
1751454589
1739812544
1728501479
1733110025
1501819967
1279067292
1304829543
1391539897
1722154441
1601903717
1781881528
1753021474
512305275
791887022
1724818653
786219390
539331439
985636378
547536402
1306552547
1237463034
1180678594
543880235
50197120
1500429508
1306646007
921837347
1346131130
1565227597
663974955
1363560127
1256182822
685036301
1507165829
748816656
549039383
593837256
1142401636
1009176911
801314666
971990250
1299180599
474050172
1594471805
1347144316
1556960301
1592269609
1316600934
665753239
1266178047
773738712
635651126
1466026656
1270977436
790659791
1595703046
1025615198
869774895
1411359329
1409270858
1783948623
1295795825
823311406
1137861457
1223992203
865221324
1514809483
1010675712
1772729574
1645508824
510688021
1547473137
1160658567
1414149856
779041696
1761170610
1608875944
1755724362
965240083
1253451308
1745083049
1590563853
1372734814
1745483320
955525961
1344426956
1125143872
176338629
1512967463
1466734046
1015773541
1788395831
1361684849
941855162
1603547759
819624588
1470488881
1331165744
606481468
1101981369
786986275
1724611537
1743479168
1014015046
834352795
1681549696
771813129
1777488673
785164223
1188678742
1572607068
1741764993
637654345
1071317380
1318603273
469705954
616282485
1748509512
1554504809
1240325458
230993577
1437681953
841204653
1563534473
1240602215
1038684762
1188201214
1485942618
1248076179
1772726448
486842120
1123882489
1632820563
1095999533
842248513
1008111074
1152887840
800809035
912177396
162978899
1678279126
966567936
1754638652
1376616378
678614174
1682528350
1573088567
1770322604
1740081622
1363996657
528500689
1188201528
190725214
978664070
514572828
676968805
840810910
1412763213
1253790094
1288140981
1614358184
685557674
1262865987
589775327
1122296804
1063989630
1034256776
1459678268
1313079525
819932978
1373111070
272490688
1200470019
198453369
1361435178
1406864125
1499246036
1718605726
1768348949
738205846
1537355995
1419966049
1661575553
1612943698
124167334
755498299
66921481
285320653
611012177
685336086
1526539826
1151806110
1587853992
1484198564
1315722841
1286800476
1635005044
1195244986
878271867
1525750501
1187305187
1395302782
1168013792
854907760
1499217136
1490818456
840953358
1499545455
649035018
693114201
1472029052
822819001
1489865409
272034016
1432734182
944080467
1315342341
92681051
1204816091
1527252692
1195215092
1517838832
1675081048
1690994894
703279656
1708505181
589356997
1209465313
972401581
1742443379
1523233640
1557162620
1770574886
749671481
1151730062
1224999080
1386976262
1645543360
1495578315
706950412
1726078009
665137484
1695252062
1684172442
697056247
1597477250
1718977078
1319603581
1102370622
1756651617
1611810993
1308212301
822306235
212024303
1614335772
820454765
1704909662
1119547770
1727704010
504696462
1040831001
659475048
581444604
1781825970
1657447432
1731720648
1697956290
1785498241
499143822
1699055712
236797258
1433774921
1381017780
1347698547
1749459124
1297745764
1684112440
1344110398
1697844289
1032392915
1731038419
720793353
1507478041
936439151
1149611309
1706714341
1083324974
1783180305
1736575425
821571969
1403851088
226853542
841211985
1000175133
1718828828
1727079910
891824662
808936808
742495876
1409364726
1412549361
1150617114
1721448625
1456740679
722569812
1678324107
872255671
1745090163
1518664675
881913195
1761933682
1543423282
1374735867
876754453
826028208
772366571
1336386725
1457575846
1562638522
1001740914
1715952023
642693279
1382051894
904634624
613217660
1417516188
1731872974
1656035192
1635939379
1404071051
497349384
473143030
684064667
815072593
1108885171
1001228006
1380914567
1463520883
1091340032
510931701
984244413
1246069659
1772361254
1671536381
1729183583
1458540021
1743875923
1656952412
236686985
1538062791
1757928211
1515972937
943625337
1781710734
1454637862
1303429717
1295806855
1519601542
1655327322
1734222562
1588393615
1692038407
848559228
840477184
1181313747
1301681638
1735361815
1753785997
1348462844
1455733598
1665955307
1374727530
1723058256
884012655
880358469
1295800163
787671881
1516688069
1773102924
1698152940
638354924
451723690
1609442306
1738882880
1790542611
1211682059
826487017
1035684640
559781902
1748196444
1652155017
1664062607
749120268
1649736101
162919492
1457399568
1449723205
1608219648
1133680989
1672955688
1194698487
1793496097
771269384
1163495128
1166826227
989016025
679662607
1408854709
670472540
1563820473
1256163812
1619809595
1533653590
1238819694
675480456
1370836741
1421636698
1195868949
1420026815
169063572
1340879024
1533163937
1460647631
481119694
724963408
708434787
937397660
1782247094
1561911414
1778249559
1459690287
1658970904
1017936511
240719270
1449715987
653153097
1536946877
1445534728
1636618972
1728063797
1753333628
1683504173
1136451101
1332179422
1700969149
1734546660
903555672
1462803112
689327732
1530407409
1691775302
1371232356
1326378577
1654047585
951044521
761455336
1310248878
681592325
1501473680
1780633275
877826903
1156294453
231265192
1239437472
889320551
1105301783
1721627705
1421716450
1459325048
521284195
738608693
1496528134
1688383617
763909467
62514563
1265628408
1601014903
649478645
1366914890
1496723968
1256964871
1758242124
776573678
1796572121
1014570136
675334483
1241572790
1442300174
1219770062
1490488465
944208941
385983606
1442555134
726377083
1757044832
747813986
1665963866
1473595073
1741863114
1480214288
1518695023
673320703
1502202811
1160188566
1201250449
667878068
1741024760
1327233777
720700696
586775234
1525604551
92038230
1674977032
1124834096
83072889
1674580167
1157479729
788399360
1254896097
607280480
838568396
1601081692
878817016
1380915109
1405287879
984132420
758381847
1470234319
1696123267
1150214300
1392556516
1111421868
742164214
1408896117
1735981931
818437817
151197155
572433349
1595241538
1551027668
1648339679
1608613935
1733357753
1728801639
671920601
1763752353
1642620623
38313946
1232601202
1199958435
1226390791
1344118954
1733347999
975103059
984689617
942122225
1230099630
863608007
1185953074
1428314617
124831690
1328364477
1104750414
1784078491
1132658917
1752537019
1535004306
1256751902
1575393740
1718868768
150979094
1286225586
1154150533
823273793
1285957358
759473504
1764327139
1514207673
1454240223
1422773050
1477357570
724889065
597616760
1505799168
687698433
1651734080
74910872
1648718373
1658964699
1498616398
606419740
579141035
1706776340
162487568
710547972
1303931000
1130582075
1773912676
1763984149
1528816915
1109737415
1459500092
1323988626
789150113
1485599015
1324026861
519878924
735821485
1263560669
249244221
685879862
802849481
1582711783
1404014791
1136933077
1314308331
1480808212
1471556394
1726674682
1317569322
1703293581
1424781453
1774986417
1542791937
1465828833
839226618
126805756
1732054732
1693819348
1688936255
634128712
785864317
452785144
1345371827
883559863
1761180120
889769516
162525435
1557616181
1255167305
276544044
972574645
658109765
858306834
1454756628
709311749
1606832606
1661344668
1359041921
1769757828
1084675541
549200943
1488013806
1289526279
1435145962
1550788604
1602166091
1452102986
1733305744
1733799318
1476036616
1598706372
840123103
153383617
988601191
1730883595
1661269528
1391314361
654851733
195355349
1194255535
1747244000
1733027912
1752459198
1601952795
1708581343
1200528157
1555102875
495245163
724514642
609588094
1252213994
1616869875
1286024558
1669267277
1526242528
1459963940
118537699
1300053311
1391002902
1762707500
1171969108
1257273753
1213006972
1420719123
1561203773
1462099665
1106118848
1742649834
866779580
1144765892
1453008197
1572149250
922333188
1777372416
269044245
1466929697
1402834965
1559406289
781657745
728859640
1657160265
1746307356
1728308801
1427667541
614134004
1497583559
1655046579
970103478
1249617093
1678735573
1080967960
1012857249
707256462
613162842
1297599122
1036870581
855799201
1123047975
1723395949
1635995562
1362051876
1300057347
982352650
1286032418
995485458
1730265887
1596212867
1506188202
1673260604
459835754
1230083866
262337542
1465747156
1274447765
1260056372
981135313
1633366314
994931907
1316962680
1621390530
1263507920
172782428
807293680
1283683261
1700453478
962505421
507777854
1684642814
1456425410
547702023
1782354870
1162705178
854627860
1169716935
724485230
1653061228
1433121074
772049138
1140966793
616819367
1606075141
1789784369
1554736271
1649605030
1761418142
1354663820
1397017272
1323091803
1679514073
1392753217
870669823
937181603
1760844369
855369146
1700299989
1166149091
1185513605
1315017443
1089585293
1036617236
1372962607
1771791006
1166788223
1324267577
1085745558
1513514066
667330858
1078899099
575322541
567602256
1204771987
1715983536
813650259
1640734902
1059947592
855726653
1464625689
1739948907
1058576234
1170014152
1369498570
1152346106
1086976126
1188202048
506261394
876648638
1594817315
1682772176
820651777
1473927683
1364223682
1404507439
1603813490
1714650371
1490741797
1722974149
1527767354
254994553
1178930404
582481027
1297746758
856067594
1402257111
1554999708
949676359
1174967179
1341279270
1586233366
1556850332
672696396
1358302119
979291235
1219324170
1784734361
629967769
1742433479
1330269871
1795419721
1341068476
1766387608
1080969166
598958863
1178830459
881459444
1669815982
1584476203
626556935
1418433534
473241818
1407189809
1386465446
1052108996
1408204062
1590121085
1038049445
1776892965
1467239580
181359799
1570883368
1739685270
1755034440
1474551358
1754038821
829101245
1693257128
1186970153
1675749176
1725396556
1597686172
1704070509
724404654
205611125
1709226395
1678231229
1548658812
1125385207
1188524923
900756059
1675133403
1149050208
1791632985
1442521506
1796061451
1691992012
60681618
611184096
1622688892
1417166265
814332374
1181271465
703211074
1694805307
1780887291
836298555
204470712
1730617586
1539341835
1014134139
1052108762
1695057779
1408307892
1584170667
1631312580
960406994
1423215497
238869641
1706694429
608962980
1757972039
1712406144
1045387915
1014269157
1390551949
1064145020
275947820
1080025733
1050741220
975520489
710428612
645527678
1477794115
62430158
1644273678
1722269192
1206050191
1421718481
1551248638
1197649095
913292541
460899430
1454931247
1230127316
1682935579
1148802452
591470168
1553286436
1587085367
1756354796
1724508840
1186526066
1309704555
963915407
1736349306
1675157788
1786932985
1436596812
790722198
848438445
1585255545
1373142881
1447207452
907266267
1329916173
520072647
797945266
1436456229
1481225332
1645392828
1344323548
873278056
1318660439
813588900
746453052
1545216566
729064788
1171491774
1075781367
1015624053
1097256599
1382147571
778836731
1766885984
787184221
755699378
1344297728
1587398089
1045272015
1541299385
1772361192
1570235890
1551619750
713718419
1231740173
839970349
1698862254
787432250
1645413510
927204816
848673346
1168262986
687005413
975497124
1103199382
1768625066
1571787242
1670056574
1096132294
1201496999
847467816
1717687792
1333324847
1358863468
1711160060
1403280179
1520365703
767836026
1191785319
863318025
1262708555
597790264
914992834
1218809129
1700218471
472606116
857126244
1411415233
1690624362
1237067398
1665203027
1432105172
1645409484
1753691089
1462518194
1762696846
603634616
1061114629
1532227652
1525642105
1286033094
1667137956
1468970775
1698042740
1259836642
1641264041
1736794901
1431970230
1745035826
1653322266
528605494
917798598
1282353908
758712484
1752236214
1282398111
696492368
1093211630
1762700302
25760721
884363290
1578157539
1756751163
1686429554
506982335
1545718830
1766546798
473773874
1583511866
1358579011
1433440751
1220240865
1307481697
784451157
1453929954
1728226401
684666006
1687935462
1686736000
1660677797
1149818316
695131475
1716139846
611902020
1706319893
1468799413
1306576661
1733665715
1085743778
254706656
1689594079
1639879414
1325032859
1752054918
1223764356
1512601714
1334430800
1611271588
1562672415
1732614036
634814543
1583026097
1089163558
969997394
1585317139
1686031235
1664834289
1469044691
1646335634
1711155320
1687373895
1564888352
1073400511
1437462962
1527131706
1739948233
1031798471
1673182328
603141826
738691411
1741914438
1694060560
1189429204
230570468
776177381
576535915
1508558579
1444100293
1564889758
1367066338
828220298
1606945066
713634495
1755769949
1206044489
486747633
1450554537
1115890166
1735341228
1089476555
1604351384
1434721983
1781284939
616739663
1306246411
538883517
709988577
1741292095
1621598510
1300058799
1316140776
886190881
1231098917
1282531089
732712838
1674745766
886162802
239310764
1120550671
1404300780
1603533271
555084886
1404300824
1270830717
1679989790
752925220
1749219915
1167146667
775021487
1754812347
155842651
934692772
1684992997
1266705899
1234596301
1211480142
1426790499
1060460945
1311188853
1665145268
1758074803
1380706487
1562103447
78550597
1411994714
1773240886
92038135
578515400
1792121225
1773081986
1551602441
1696217919
1404628098
626555637
1725161671
1150900662
1099311276
75275922
691182064
1480566272
889509907
746734702
949566628
1221989865
642066675
1592386645
764794592
1207435631
1756123779
69807919
1448332549
247921763
1349443594
1358335845
1353767007
1049432618
909587043
1678886682
1196439377
1483789893
1277528092
1643769107
1649038148
1189927379
1321854674
1217581294
1308996028
1757285823
1618830628
473060965
834453696
1772572538
1684346393
1738138055
1062302903
641759386
1446747580
552452409
1394780413
1760085005
61776496
1729096453
785357799
1364566246
1499214663
1593815713
1025443537
710298151
1174714347
497613038
862679407
1119303369
1046996810
751255163
1504452475
1322964083
1187124293
1709716140
961528119
38101256
1346888284
1286035580
1782355144
1099309602
1595498636
1752544711
897418367
846227401
164721966
819963920
1232103359
1394150213
1687121907
706244248
833823698
1355427103
198268455
645745079
1039618119
1077039407
477313687
1164003068
1748375635
1116360098
1223933802
832236040
891092085
1795936291
1521028780
732789006
631564235
1708823246
1196091244
1406332799
1158378463
1736247367
1058484797
1413714328
1404466263
1107614113
57995015
1297068550
544400611
838068358
564791682
1198525259
1470084355
511490007
1767735114
114781179
826555252
629744104
736662958
1495230764
1170551946
467399321
1777903250
458139450
1421161785
1374642283
1301611596
1318524584
889296143
1287937058
1377506719
1718258634
828107872
868607277
909504106
1782763025
1726174241
1681072806
1775781357
1610640153
1398095684
1635430283
1610966821
1078731057
1646661878
1688827260
857869004
1425478253
1775396122
1213788527
1771672669
536757023
1092132613
866352320
1415330189
1187131753
1781166460
1215252687
1404510315
1020021216
1323020267
1790888733
1106500110
1000063830
1722283237
1192893143
1552883342
1771030037
1534344694
1101733055
1471773438
1528474170
1121352629
1269201414
1769428144
1488422708
1027737091
1152848656
253387246
1083982208
721973699
1484441210
190864110
1547539799
895614936
1282440602
1639668740
1228210992
1490220788
60056786
1383556252
1432726941
861535456
1518934822
1277858563
933929585
1625475793
560792567
128241103
1595506870
866828678
1423853482
468963443
465429257
1394411617
1643482224
1782896216
1045895283
1561031911
627392692
1154237011
1604045347
527837478
1278893563
1739309057
778875571
1736669119
1269687457
623082117
518050377
496863048
1218005039
1529865237
1547862066
1477809830
1652450756
1375735736
1150654254
1502091672
1745976659
1571044046
1015187476
62738951
1553564916
1331650301
975328649
1786233939
1620634056
791872555
1270148385
1569506336
1647524460
612717081
1075400667
1185154619
1710166287
1534972537
1549040834
1662974286
1731906278
1300056293
1300059311
1658874513
1279204964
1750642904
785108105
1697975418
1216731578
228648283
1571018197
1673610718
1553212170
1490268286
1658372151
1304848585
1647756029
742397740
753619727
1401528578
740426971
1674561319
183351975
1754009874
1760756143
801306833
1498271397
1463048886
1209627299
803079176
1409322296
808790987
1721462734
1516463735
1531106235
873928333
1323002141
1409034716
1311215218
1316112461
763613252
1563909629
1564774204
109383209
612717670
158670868
586248782
549041450
1681843623
472057914
1754764154
1473610507
619161672
1752528706
1781791844
1409002118
272231184
704198817
1720565614
1535263583
1087945139
1358281778
1383730383
776075529
1102713155
1245463993
1617634845
1161076916
1377010244
289529203
904591603
1087319152
1702039858
1698113848
1419694881
1286065415
1342306933
1003447758
679661933
1186519990
1770334312
503832682
1772863493
768085175
550350160
1581057513
1657754220
1533347957
1700413649
569487757
1404512787
1124062393
684282072
942986330
1737908585
1732847157
1099170586
1273686237
555671570
1655045084
951119135
1157039086
892955434
1710454082
1645516704
790416958
608891061
1098457985
1286029218
1431860428
1767241999
1762703470
1780718865
690923882
212294445
1752405612
1452564145
974367752
1409772980
1099800146
1763678489
1627784788
1454105608
1277190068
1747827116
1782409471
1712839864
1733275199
449858042
1760470797
1760329040
899994930
1714503792
1055140219
942779782
1770979075
57356370
1292900100
1641459402
1619445013
1490503424
1706292954
1394462880
862643447
1720928963
1442879421
1764784606
1124803260
1203083686
1148602842
1493901993
1392464650
1279514707
978953989
1554599703
1522280592
1349815341
1742630116
1687064072
1379127234
1262608928
1236856132
1759093474
780846027
1467289735
1795644041
1300060235
1753163774
177461971
1334922280
1186517532
656946759
1698140016
1397056561
1004330182
1285816652
1735749171
1152826952
1714061063
1286033256
1773596948
1564571125
1227101221
1083175467
1520494288
1782887408
1138292558
1632935472
976689064
892411559
1292151049
466945039
1473422148
1336681064
1572587745
1355245265
1110136304
871520176
1645123657
1262722127
1513372723
1459991753
231256644
1085194740
902081657
1266752773
613294521
602625265
1782958093
1763322591
1767146621
1323036965
811868934
1707333382
1007625876
1679413567
628391772
1352284724
1730817723
1778346366
955784505
1623004235
1613000114
1693918142
1719405793
1003617640
1292482265
1152157880
1612117798
1645411196
987109635
1384241220
1322959051
1002484930
1303150953
1614449926
1754296565
862155070
1599844694
1603581105
924710107
1791144655
1681484304
1668640141
1681089346
1340331324
1672746598
1683825067
495012988
1352870962
221545829
157989558
1623588693
1346455535
1286032878
1612731644
862049881
1102413814
898630547
259919457