1718515955
1435859204
738883527
1636651498
1651955178
1770602067
1672756416
1550475273
1729586346
1714585286
961556990
1493444256
1656576334
1265003968
1302483596
1122165759
1237647786
1512871079
1687377277
1699455624
1142880458
1563269227
1610484146
1083643600
1683875026
1311295978
1543932994
1749958959
1786826969
1023099765
1626270278
1481389341
1669664326
1582219017
1647672899
1674827145
1229459302
1497712094
1718728881
1189955105
1458581373
1732351531
1698151315
1257995107
1070203633
1257268423
1447115153
1753659728
1409364726
1219978711
1441185475
1683475010
1603892528
1744811506
952842273
1202551046
1184260806
1682942427
1584695460
1348926035
1032742666
1656266194
1660348743
1518331180
1280329903
1037858873
788992654
1431416793
748638852
1538819507
1442523932
1594804565
1763824953
1420976392
1527506894
1475861743
1486387496
1525436444
1054341406
1552903273
1096532449
1205833944
1701916672
1324057816
1786816635
1565464274
758690108
1250787215
1526660584
1688865057
1597520678
1563906003
1349321977
1478843194
1234217845
1685440112
1518457555
1692303836
1668444816
1720801345
885575962
1038022788
1276047794
1149222427
1143913419
1666647205
1656921308
1563261862
1317120616
1658389552
1650434918
1170040380
1579492351
1018240610
1181705581
1441450104
1342799666
1049853077
1232086721
1143936110
1149648366
1540293507
1462550403
1118616140
1033825492
965245133
1021472969
1497575093
1710574114
1675367174
1566039917
1529775968
1482944655
1496906665
1718738477
1683127930
736961533
1126484865
1661544174
1740986588
1434963760
847020844
1523908881
1519777237
1503777506
979304488
1556840538
1633048063
1397273291
854728969
1604659655
1739101519
990355208
1565064117
1516196843
1480774361
1609189567
1420345624
609441536
1674594049
1707854880
1723468467
1114483021
1731609622
1041349461
1315196753
1412912632
1690687174
1505631095
1464382884
1461977631
1418812223
1424280192
876641732
1612995790
1706571924
785516320
1334154287
1398038640
728519779
1700534486
984871813
1674672836
1635434530
1644333119
948929223
1738944291
1685630084
1651929652
1523133485
1425648976
1410725588
841337825
946334682
1586052285
913559588
1277218316
1732570714
1518739627
685841105
988511678
1389545886
1076020037
1520965462
1754976517
744289748
1677585064
1696875268
1750509578
1488103135
1728923339
1260275986
1582902642
648284583
1603930651
1253128136
1733723108
1728200443
1426907170
958456371
1466807975
1458000856
1452719366
1775120190
1771103519
1468853227
1222165645
1681971502
1695666938
1732387354
1550809046
1324645232
1125474093
943951395
1153744394
1484018812
1764720035
1646558798
567068502
1251131320
1192548953
1229578454
1352672873
1291357610
1174657223
1036342493
1270260174
1734151773
1541334103
843307191
1152472511
1438615085
1091136272
1532949770
1647360404
1706830535
1530481450
1095755146
1485182155
1246315538
1463577331
1042867485
989065089
1345859465
1204336149
1732384079
1714925768
1659146357
1570754181
1574777690
973307936
1465529443
1144437792
1791632529
1349266198
1246929528
1217782666
700919649
971317968
1389019921
1748281760
972053578
1393642130
1761931800
1433744409
1415267726
1767724074
692105292
1687503972
1734112619
157251202
1485823874
1722749709
1721402743
1652021866
607152486
1231487053
1747364245
1582103525
1340561174
1655485218
1772169032
1738661905
1293516814
1569685128
1673688257
1749858140
1548135273
879167624
1774343296
833988710
1027775910
1679929279
1691301771
1089728055
1397761076
1753453595
1405319715
1580899574
1756785273
1339374219
1764216467
1465330533
1593404957
1687432605
1138235487
1418234625
1369171470
1722216250
1498411275
1688728695
1263677130
1406515360
1631370970
1730461242
1671942850
1580407636
1501647208
1163560166
1415844945
1538646518
1675478597
1294824393
1725643288
1682535806
1685253761
747161230
1780836206
1552243196
1766067940
1576788448
1701496558
1375394031
1734197278
1106950363
1526553650
1784370211
1720701519
1284832179
1607673833
1396569752
999079858
1425184331
1241802511
1023934307
1449007775
1741482041
1715001673
1028530020
1483803946
1741604700
1513536409
1272438688
1454131714
1526794064
1670219098
1641148048
874067656
1733969795
1743782340
1491594213
1504201935
1299548970
1276711782
1630621574
554117776
1385101662
1670910066
1711055130
1380315566
1567002354
1320859808
1159984557
1782884465
1504300074
1330626573
1293531278
1595543697
928412526
1568695069
1429729391
1735984452
1711424913
1115608219
1415113011
1375742965
1546765266
1525895461
1783826539
1552332982
1315585845
1337516434
1631182467
1166216787
1300352057
1762019294
1617007271
1508270222
1750001570
1158236691
898959569
1511165081
1539930606
1708729688
1603808347
902018841
1455820873
1271965498
1500363525
1790923107
819811459
1119452957
1764871361
1726469809
1777872564
1360857536
1705499558
1731794263
921938670
1661592395
1638052801
1768342018
1708418910
990696597
1782920161
1281829560
1752050907
1780278229
1658204571
1497783268
1445966545
1695256885
1711313773
1731827878
1086046446
1635670559
1615273139
1721263798
1794079365
1339745755
1085681243
1203297445
1565154948
1577954350
1122369844
1165285175
1309354499
1520692394
1757692995
849203837
1750480767
1787418265
1743062022
1109145931
1707441522
1767553002
706060577
1299666416
1689878574
1256190920
1766327983
840320285
1695131762
1747464395
1677911387
1145609485
1549774378
1524300950
1112168282
1776012676
1675258556
1303670983
1107164901
1624623234
1709153097
1445543050
1213407200
1241886892
1212302432
1649450346
1537179699
1716696772
1631145704
236206955
966576584
1481118265
1787436373
1706655985
1664148069
1711147434
1657351448
1727361542
1696948232
1602556261
1382741909
1009368752
1733975664
745091180
1471223900
1234259188
1776109691
1625849765
1551022415
1661493696
1508187974
1640668224
1596810028
1513916312
1552933834
1466062377
1747234917
1518464893
1260451347
1043589160
1442715789
1665734595
1748676068
1353623989
1050733744
1741563126
1070000689
1352524077
1015154994
538976077
1586772350
1723907705
1760237193
1740471504
1281351475
1508905996
1735303639
1304226541
159413717
1793559141
1769402747
1180917279
1661538557
1615783341
1624069968
1681677848
1422370512
1458142607
1684941506
1761702154
1013738364
1368416197
1722932984
1501578294
1670306513
1567699944
1490531157
1755986904
1695687612
1691875547
1476184912
1179835964
1281496530
1509152681
1618780981
1615338291
1464311832
1791706831
952675151
1694318075
1303564892
1550998161
1650633660
1425832791
1026992067
1695656578
1777229216
1570338935
1770594817
1405681867
1747240750
1713691896
1387930270
1757822782
1750992623
952488884
676656917
1035684640
1216705240
1601585464
1474580793
1473162475
1481412877
1742948544
1609369665
1534355749
1738032685
224693217
1469003423
1527033977
1792111881
1455000713
1046056447
1093021538
1299147666
1740791810
1665075506
1105015846
1373466222
1790609657
1777670233
1793737081
909111133
1021299627
1712280300
1098104914
1573113355
1361401026
1709823790
1238311431
1742903188
1424162977
1692818397
1561007558
1596886566
1360863691
1676009313
958250536
1419767392
1446389449
1557204611
1355493829
1689479838
1709075764
1774016363
1769948188
1732210691
1264249189
690811052
1763840484
835935645
1315143230
1539828692
1734276184
833483671
1714958294
1736351230
1734541635
1268386670
1697571273
1769866516
1737305135
1428920250
1603568346
1157946820
1486025872
1500554538
1713092043
1351572273
1581971074
1508071911
1322706490
1434797282
1414374041
982631315
1761672131
1461962365
1661311450
1499116213
1663902168
1576226114
1427181557
745089582
1547766248
1755458477
1342046008
1707052920
1676804387
1785573841
1760505162
1685422292
1705147784
1111708705
686050891
1702222187
1730651757
1634703922
1583034686
1785725785
756970812
552825397
1667204610
1085864586
1681712326
1490340207
1586993655
1687292422
1743875369
1248141761
1165004713
956576672
1759000514
1285671255
487199537
1706102252
1146407390
865090221
1622620121
1759073094
1462170454
1772887904
1526733828
1402049791
1738139574
1548459447
1197753741
1234109743
1171905227
1038776665
615735904
1277163947
1701826087
1572276388
1208035973
1587878947
1751120885
208011365
1531356606
1446433459
1745392827
1586400044
1115102857
1524513278
932693433
1579120847
1549766395
1731956009
1623685330
1485785946
1707536976
1356856249
1738741098
689369568
1773118259
1573265341
1551687613
1629348598
1780774566
1136238831
1638574102
1642189999
1730259015
1483505862
1702923930
1583134472
1783835939
1772364748
1559699818
1074011456
1454202234
1702094204
1728182182
1725954093
1739680032
1693951537
1123320607
865842183
1572196074
1383728789
1779464641
1791093081
1304112112
968628593
1724710468
1757967943
568544221
1384991171
1761906569
1379457260
1427178593
1711061133
1525493290
1536474978
1053634624
1733910041
689359224
1213332068
1756337295
868664548
1210850937
1355201033
1795440365
1158093703
1744423411
1748650462
1129253850
1420158532
236971652
732840774
1447519020
951083711
492128959
1066255759
1176417219
1757929820
703199617
1022379097
1472162022
1132475385
1558471321
1231165364
1691021509
1783026245
1589109768
1140059103
1629017650
1737019881
1715504532
1712851528
1197980815
1056614505
1453494948
92793355
1595586506
1581665640
1737956205
1391737478
1595577114
1726045370
1676866049
1733236834
669593667
1222262519
1134920227
1184989134
1399330196
1576384744
705533937
1569412573
1554498538
703200415
1750983615
1030224253
1751930431
1304571484
1515502173
1073487081
1304278085
874228606
1036265686
1765425123
1776661502
1120444324
1666334706
1504187450
1595335864
1720052229
1735709291
930088719
1624377459
1167064056
1656546341
1186112986
766471941
1785608675
1697557658
1382042686
1778585816
1175487097
1609475349
1091861719
1098086401
1680535758
1609634277
1609774917
1643909983
1254404920
1495321554
1774541325
1668522510
1339450430
1724296533
1314725023
1763926920
1354198159
1682499046
1773204332
977309440
1609449761
1595558826
1665384281
840792437
1550795596
1135553894
810043938
1357690993
1722626279
942463768
1016521965
1099005054
1747017953
1251693669
1422780800
1289140053
1690078054
1001902947
800563214
1637112413
1629339435
1294113985
1740121041
1526055528
959974971
1699469579
1625848980
1060432866
1595386418
1665348842
1119066763
1773057060
1702045074
1690191953
680780505
1189722093
1648260722
1509632399
1535565702
1178455989
861495734
1053841420
1196973798
1434829034
1545809630
1782884723
1206389958
1699598918
1190392978
1740002773
1595530368
717510179
1446277955
1585957279
1672060124
1597209197
1732731027
1358412940
1689164851
1477006274
1483330288
1765693426
1184909991
1339424027
1781884893
1781845585
1635204708
1404861568
1649289809
1513082218
1639840142
1022125342
1328133328
1670872502
1502802585
1019056080
1033337575
848402028
1502298128
1714335250
1727922683
1497751622
1056580081
1753797558
1720042789
1766359620
1718354971
1012718017
1535143159
1764476303
1658036195
1509857846
1502675599
1548453353
1212380600
1727836486
1110277917
1742398342
1792557635
1113289184
1311310637
1106658791
1680029160
1159082566
1703072715
1676956455
1595032262
1714554258
557308798
1308132127
1718283461
1548112744
1407817550
1713092081
1592394249
870650892
1741481656
1736343648
1785993037
1162280928
1516383147
1636639472
1635294932
1659464973
1707530346
1722748500
1725081065
1475091366
1496998932
1656441636
1260076911
1551996466
1540626060
1458000437
1694805281
878266360
1726454921
1355792287
1761757119
1434115231
1315976285
1695299509
1733015663
813243279
769627225
1720062350
1613132593
1684311262
1551471322
1749341296
1754175511
1488637008
1575525644
629287205
1791794569
842943232
1105126340
1474229637
1741288273
1651050486
1571405377
1755685257
1411417688
1140021532
1727866541
1250020209
1171624361
1475457718
1165825087
1479877106
1173174852
1689873663
1577605065
1734864123
1635426000
1756470969
1560135022
1497588433
1015763739
721901070
1478344086
1359261067
1282938695
1227011034
1702437237
1298203161
1470176212
870310783
1556645457
1795861303
1429238691
970149624
1631164619
1216656437
1721387487
1651363320
1505898541
1432293428
1697911763
1209269374
1117642839
550978928
514304215
1694722497
1556752040
1750397928
1441864320
1191728586
1691106428
1754100140
1752863472
1341031991
1783703816
1119212514
1150479490
1691569906
1608666870
977851562
1696175655
1518472455
1171349301
1771225980
1773708549
1551097100
1788549839
1748631375
1420152038
1558331447
1362191834
1583304260
1582540921
1662647503
1718629672
1450519705
1742586943
1244885277
1519498158
968230551
1379619337
1282872766
1778054650
1147783994
996406535
1715084267
1666692952
1177118668
1676600462
1758758109
1623392481
1728962900
1732849020
1138059174
1468523132
1757714717
1589803705
1785415025
1296842965
882711187
1741284198
1503524164
1233559513
1527198361
1526483000
1213007640
1757018718
1565870418
213137650
1643735779
1392042836
1699712138
1751319181
1161405515
1229369419
1559103913
1628543582
1559579061
1740289224
1397849656
818327146
1468511148
1131826108
1470674890
1586734697
1295695410
1781584107
1697549522
1477388375
1787414449
1184765289
1339259170
1107333003
1775336093
1494211423
1674556060
1779872049
1150336957
1760680971
1177797212
1380926474
1747064644
1303955687
1639317179
1114561502
1585480188
1738988969
1699367874
1231842614
1510169354
687322234
1741115877
1166294544
1716868980
1341162112
881300418
1143497671
1728063797
1491393065
1621065859
1700360520
1600432216
1566329513
1393494362
1661417035
1141061208
1720927516
945988185
1241739300
1610100955
1693701839
1677011290
1754908919
1052598756
1516325471
1678273493
644059357
1760383961
1097401726
1680181848
1771603669
1541918143
1739790903
1762782254
1716691714
1545743987
1039888784
1741055539
1779502223
1693210157
1535005910
1550782260
1771607187
1336044635
1402308893
931126190
1747215673
1752663214
1018203546
1415060382
1553120901
1528768878
1170389169
1431241282
1740242658
1767012202
1708847758
1471797623
697204542
1301641474
979872798
1768037305
1574988529
1724114981
1042757878
1480102121
1031936199
761927459
1013735779
1688045111
1707781583
1459965469
1741492980
1423715068
810250069
1779257960
1074270981
1672287314
1471348837
1490824224
1003413632
1710597184
1618914285
1776236548
1426815557
1052900767
1562137425
1279014503
1490261070
1163366297
1707891560
1491000795
210130484
1720543124
1709859932
1281953215
1730019427
1012602361
1756818676
1071944661
1477126714
1775899717
1319565200
1721853102
1728645911
713840329
1668737489
1141676272
1758433957
1210696616
1657172976
1687888843
1316767699
1697913993
1173013165
1039228792
1690319136
1698308106
1497296002
1591625943
1776726452
1164124278
1752526132
958997465
1047436779
1769240697
615968390
1733554615
1537998576
985951401
1686773545
1514200352
1771520484
1534618278
1778306231
1777528101
983954485
1343727143
1100262390
1062415220
1658502623
1662315333
1479979997
1732367216
1260823706
1278531004
1491128052
1447519592
1466639541
1207617059
1780785461
1286959332
1158691801
1678808525
1523611601
1335510669
1733507873
1301760317
1711764056
1096450086
1245690019
1372024718
1133811563
1093872713
934975023
1327718570
1705641568
1068388451
1716203310
1767793174
1304197439
1254473389
952558031
1463555309
1430636733
1743593995
1332952666
1291249005
1462786417
1234443329
1455913711
1552361178
1659224176
821271793
1469386169
1645688202
1315981454
1756736415
1776053141
1778069917
1186591048
1537248079
1705720036
818456188
758968481
1154424981
1550380511
1594857518
1025788991
1620235882
1704889774
1669621990
1741778270
1710729452
620573183
907272298
1358674645
1687259644
1497864446
1726872335
1447756192
1541631767
1510676567
1764435839
1715935224
1606994828
1725028250
649788736
1355116223
1643554154
1739942339
1720851939
1497051863
1284840533
1463939472
1725422022
60172730
1530428649
1726165511
1659017884
1634005320
1694522124
1198819941
874826039
1562768525
1385556988
1554141262
1282648811
1536580018
1331615673
1775101496
1407183954
1536288265
1627135017
1756908608
920937984
1566708408
247020065
1756560836
1623665818
1161144298
1348384180
1727854374
1474920266
1622706335
1741915893
825048051
1658348644
1673912838
866624340
1784186165
1707472802
1702080376
1036634233
1740549486
1734086044
1110933949
1612885672
1693170857
1636047652
1304726863
1458562968
1767535345
937373953
1042563362
1720453439
1706948131
1726399857
1315048941
1298969271
1774252597
1733568428
1313308252
1321963782
758541012
1493867665
1712075083
1755299559
819501340
1714810127
1491458927
1607789014
795472774
1706632482
1522250499
1600813565
1766139871
1650322042
1789885333
1155970558
1557450984
1279112612
1672596315
1538044736
1644756292
1522590566
1693749317
1761164349
1454841487
1669061981
1580711290
780105342
1544714809
1340030930
1774417342
1624571313
1636299582
1526205476
1612257319
1401309119
1700013249
1733919589
1565077571
1492672172
1602872689
1675461092
1420578223
1639690935
1646353407
969482272
1581493538
1361139051
655565075
1037380125
1577183714
1776621041
1746312725
1004757391
1460130094
1684611979
1745874944
1711116723
1771472224
1760395741
1695745859
1079737555
1493412749
1409197053
1753467309
1099785865
1199698606
795178641
1746901201
585304852
1118847277
1055338147
1242846426
1475078918
1777053307
1736135842
1665284319
1783534151
1329201055
1684634440
1690423391
1690072803
1172978285
1271288874
1118554507
1486401722
1766555990
994077846
1747103919
44264185
1133472609
1275724425
1760633511
1213117625
1401346366
1522788760
1751989996
1455708539
1053873830
1504295760
1286154399
1576613247
1681205336
1715287075
1599060927
1450799445
1337456190
1604728697
1708922330
1165667766
1328468494
1651113699
1646650576
1044692258
1567710420
1719750172
1589670779
703422332
1484018652
1774681605
1660203885
1348928799
1788435509
1420843672
1549490157
1531306224
1032375428
1735649023
1627602241
1795550417
1652501715
1750493361
1705712501
1631852876
1563957441
1714649919
1392777871
1714725726
1003937404
1592607393
1197514347
1033238718
1553464448
1569891870
1566316803
1534800221
1748344989
1771200648
1508870455
1683866156
1711395234
1690009665
1425252395
918922660
1226978815
1709735345
1376932040
1294907683
1711189341
1774138954
1640605956
1733486401
1744278910
1094049581
962606815
888883477
1694465646
1644337666
1271516192
670269088
1691089028
778779894
1082294073
1503185459
1498503474
1007266090
864608014
1486262012
1469258044
1034685181
1252473009
1022914594
1081438612
1511971195
1461722450
731533352
1688365856
1675031010
1616618968
1754810561
1558155764
1719494683
1747907165
1443025937
1487025882
1496475240
1347730409
1750440889
1058710826
1208980038
1706490902
1750225609
1405835059
634456283
1738865440
1595604316
1232239114
1334187584
1440148828
1563256626
1769351954
724826279
1693137524
1673914142
1691714769
1691416039
1278469506
111159728
1270897331
869827466
1090220333
1401961786
1487064014
1789762223
1658435870
1088848769
1579267244
1653158664
721509299
1664219002
1659736216
1777004957
1755947499
1646953200
1384392937
1361659205
1724199963
1733431087
1579227686
1653245451
1789481001
1764438060
1728439909
1721676619
1155865897
1209179218
1513685449
1698960707
1781647162
1394611419
1700284682
1250981991
1652921619
1580787721
1742555738
1302075349
1699460277
828437901
1473985273
198702201
1759242328
1764301006
1650799944
1309558781
1314086194
663099478
685858924
1646290747
1198807395
1726021848
1706337631
1520647369
1565871922
1583974306
1595005238
897467786
1476301908
728823273
1547485006
1676067592
1325870203
868422666
1665456357
1763406954
1773896922
1339913793
820014912
1242270720
1633090578
1714154418
1568709327
1676412220
1207021839
1697798523
1041720378
1771573781
1751520907
785238028
1175603224
1797102109
1584464571
1359363831
987876529
1506704654
585091199
1464836332
1214398446
1731438912
1683249519
1555135323
1554250968
1157247702
1723080404
1677202221
1728104869
1581087213
1427174921
1571396256
1070149791
1596999630
1731109271
1555043879
1394321745
1284431780
1729039783
1332153949
1582474512
1718449316
1361852402
1749675446
1651663439
1716339469
634654909
1701401910
1766776620
1234810595
1532777139
1635164364
1706127045
1653739311
1111027493
1594049457
1647213090
1536882809
1562443137
988939154
1560134326
1226755536
1040679228
1152475481
1567399300
1608212996
1768746438
1566832748
1371063848
1617923059
1406316440
1626447262
1176016894
1770082109
1234223083
1771939289
1766359773
1744804266
1449166879
1054415831
1516837523
1772350353
1769581714
1779625647
1593857218
1331089951
1545660167
789274455
1130165116
1683162858
1469398167
1749914484
1154035290
1408732899
1217707204
1740830207
1571071809
1688289301
1744856999
1744048042
1314775676
1423881553
1753277979
1688064063
576406419
1743373814
1738333974
1735979491
1541099606
208311897
1603308566
1312367178
1255630767
1532973428
1372548069
1417765684
1056063083
1791670477
1741644989
1777308329
1701127186
1757279405
1304850989
1539348227
1364480215
1743778329
1012164577
1709875595
1755709222
968437312
1763868252
1425054627
975825210
1344083128
1764154991
1713354653
1706405950
1773068813
1017348315
1090633961
1011343090
1793223757
1758311812
1726229041
1319764212
1640565612
892781137
1668742434
1505794694
1715985431
930271408
1277610575
1304325126
1749691256
780773471
882257858
1716244029
1553061481
1747417814
943852208
1674578792
1755158453
1758683515
1706143488
1420481166
1717140023
968284847
1540507704
1722896751
1607020545
1102742855
1134539629
1468125807
1259886861
995010821
1206814351
1008593240
1554554657
1683170173
1757487811
1392702923
1558116547
1530570020
1617761251
1773857117
1735967322
1048354990
1532579201
1534938438
1578007735
1686076698
1463750787
1558455416
1706503925
1551997850
820406510
1044322079
1684344020
1388706341
1764747358
1491572403
988584614
1731448965
539761390
981459108
1651036805
1065078218
1729430671
1767301971
1487490263
1507400889
1771100979
1547417698
1698648572
1681969728
1435945342
1272445912
1163381363
1573693454
1587241806
1426525348
1724168891
1716003363
1152243842
1495606430
1690076393
1718994654
1235347944
1732091567
1585968179
1767624545
1537087903
1648135074
1077875031
1734284626
1728426209
1670858711
1659326062
1353423680
1377759369
225450114
1109725433
1761173105
1459567445
1657354244
873063854
1616874575
1547695510
1346151870
1420025375
1712369604
1601770393
1474559744
984886818
1352398355
1056065575
1275909404
1732500730
1204736055
1604745801
1010400181
1736435238
1700740802
1506849412
1550772228
1469978317
1459092703
1585963063
1576880513
1258109597
1755426932
1765833846
1102172256
1559646776
1387159224
1153461380
1256839632
1661859564
1258162291
1730429404
1635664014
1376706525
1667827579
1645188450
1719978697
1575921145
1214790714
1066820165
1225703136
109987780
1662606018
1441011559
1619442604
1565094392
1278540451
922128454
1753860524
1138346282
1026539164
1725486650
1517711260
1764127512
1677306146
1746423677
1560772903
1695973382
1592773366
1475058831
1618459780
1720553969
1768641808
1728522045
1195146060
1755445041
1787987353
1385621528
1744704624
1760538521
1783097495
1738268556
533273861
1549441192
254184360
1042244635
1479337258
1757729216
123546858
1675260913
1755800033
1577000249
1313968426
1420600904
1707477259
1718081122
1559079438
1321982079
1373209204
1642447692
1772766921
1709979554
1105108271
1483351395
1400953748
1570004583
1753977055
1600878607
1553076110
1480497117
1623530042
1664009976
1407108980
1475265245
1516854210
1735170374
1442859803
1340976131
1585838134
1516890472
1742365266
834675733
1723490309
1035111853
1788746629
1760382107
1640162283
1567034222
1137396833
1493891180
1774131638
1582725221
1447143839
874794401
1508069984
1649343180
1632860355
1100460023
1623609350
1600512847
1723419975
1714194887
1283531207
1220348940
1498938543
1778930391
1669232437
1661375621
1621146789
1601603746
1761124963
1677767544
1722449107
1434102118
1485307027
1726404741
1470987328
1597293581
1432781702
562578677
1673639156
1670058637
1235226309
1438427598
1779163446
1575793032
1138585914
807858012
922126194
1238741313
1755879612
1595348880
1733390404
1657967548
1306001250
1545794257
1747676467
940686129
1119878954
1605328144
1652153415
1773408648
798667507
1725651409
1683685101
1270205079
1726816608
848714670
1660693957
1642754209
1663318054
1770745075
1774136963
1264930159
1401993265
1483191735
1581486673
841026257
1307516389
1179546152
1510791471
1727047840
1179206767
1005830135
1755442709
1305713233
1432064142
1311356648
1296286074
1783791339
1706062481
1243637405
1672471065
1635090958
1303035380
1194908841
1098535459
701875822
1590843944
1737278459
1573002391
1184146549
1613180811
1762874679
1786305859
1756527092
1629698359
1715350352
1499091784
1449390891
1318197371
1740415358
1668287172
1469852933
1635435746
1278322931
1760064894
614929964
1589638334
1725383636
1144671000
1777462281
1743509982
1143937306
1509975440
1699432816
1636367204
1785714301
1614613209
1506538643
1719994852
1545544469
1660622492
1545295088
624999083
1732612160
1778740438
1672796350
1677865447
1569944762
1498571530
1794065111
1780750015
1724447641
1708849036
1681197951
1522156121
1678319853
639605877
1054634307
1736449143
902705288
1770039992
1668384918
1196993730
1364915895
1436120342
1518792581
1101212776
1526847394
988481026
1285060940
1695219936
1569911082
803433397
481228259
1456076026
1099165227
1772731314
1382469500
1564858783
1723207329
1536383346
1735593929
1692122462
1712117750
1634990956
1251943423
1453079607
1462612508
1155823234
1604944928
1719361075
712503746
1035773476
1653727462
1133760879
1517714071
1611875819
1561836227
1601697707
846250581
1133601787
1460517866
893014559
1537129074
1758945673
1382775622
1485912848
1404437424
773319480
1717009298
1594153699
1673601640
1689979869
1483510592
1592207184
1254004352
1540070108
1496281860
1745371628
1058587457
1567687105
1765498963
1549978543
1635684537
1596109525
1100962633
600617481
1387490449
1742305496
769101864
853915670
1515784156
995807536
1455851738
989844379
1644978904
1715484374
1355669949
1265005866
1071833590
1698516136
1662906844
1499891678
1741116261
1670993154
1284281466
1569145451
1504509983
1036302326
825264851
1711522949
1338362904
1720401681
1575375902
1770293543
871742168
1713137014
1216713257
677390164
1269106315
1659747479
1167762863
1668662202
1091517842
1729836113
1666391241
1502950282
1662140945
1655545558
1676433112
1377406184
854346115
1181174274
1663264048
1288104504
1609621238
1782192280
1409016735
992466962
1555014120
1318255824
1570277279
1781506780
1741160840
1656848114
845996340
1781829449
1792697469
1570589541
1223627959
1277948217
1774322748
1635224560
1684231054
1773787920
1692006167
1426120936
1282427771
1776846675
1124371959
847575221
1114220857
814179078
1761366768
1603431312
969662535
1054199769
1581719969
1692498765
1112894503
1733468657
1260251718
1515780101
1570772830
1170449340
1638480438
809245619
1659134609
1728074149
1441562230
813573460
1595480127
1458673683
1776900142
1733712418
1528093884
1258704254
1455080310
685549381
1699907180
1529679867
1609205744
1313658004
1319787941
741877650
1339277640
1562438283
1510803390
1776974233
1169033621
1745073026
1673657591
1392499268
1763837856
1687313184
1455358676
1706561941
1797384659
1106344866
1399049913
1331475818
1551874567
570647668
1537458605
1573675216
1454661894
1758855409
1736512008
1686277236
1774686480
1504899392
1524395155
1589053395
1231660287
1123075073
1609211280
1701806921
1211764956
1098189099
1679513424
1141931582
1715245916
1465034739
1757513432
1335676887
1764336437
1424903477
1763223387
1086819931
1610734654
1075899166
1580297304
641787952
1745515999
1166865919
1788456045
1665879695
1769135104
1683549543
1676316744
1726459265
1370790914
1475501263
1218874473
1705132601
1679062453
1579643900
1660385341
1096970290
1018967783
1687622658
1684444107
982080748
707725963
1671870970
1723817884
1513612784
1659082919
1597454994
727207389
1770706544
1739609960
1398000077
1746421970
648515703
1769585876
1004826629
1159404629
1675165956
1509097025
1649009058
1240643155
1416635615
1126311492
584272746
1749040486
1646204440
1525413585
704700269
1574686679
1738356936
1754649254
1453998692
1073987225
1715399267
1696047037
1675839562
1780974385
866876682
1715290431
1706580385
1710361430
1528371543
1617543603
1575194044
1577803634
828582735
702466889
1394453272
730742422
1654769593
1232250276
1282514346
1729608168
1752421771
1611480698
1205135005
515142190
1708721211
1408470087
928219934
1774932161
1550264365
898921929
1636185948
1713040993
1378179998
1591325878
1472939151
1427658663
1601389715
1718759622
1536601930
1690712233
1637963680
1705298780
1695549865
1458051445
1478813366
1391053612
1680943791
1515781528
1588878694
1775300092
1007483764
1535149387
1787835671
1147286404
1627606447
986857520
1603432422
1658219273
1741629934
1723270058
1129188309
1336187565
1756620662
1621693029
1712461122
1122563690
1745609069
1732427122
941627979
1537349940
992896148
1715306982
1051549743
1717373494
1410666148
1718348315
1784193718
969533552
1669238247
1643314336
1525549062
1242303722
1647592365
1744760271
1743211207
642409081
1482000124
1527025017
1420570512
1603312917
1528227401
1508200787
897473642
1469705906
1088219151
1778651193
1198172100
1749477846
1586254829
1520422386
1694774341
1696770999
1056765840
1651562673
1651506559
1252371748
1702893691
1592852624
1683903938
129823260
1278264605
1175960962
1699674577
1747928745
965086319
1419653088
1154790186
1704050408
1437982490
1504288442
1162803526
1609829378
1609509877
1656109908
1735808929
1524583611
1510255970
1593781126
1657254476
1719415097
1502190246
1646209032
585245796
1195492697
1614492977
1407312520
1426998635
1128375543
1438453936
1742698156
1749114993
1676946654
1662207279
1780559158
1484326312
1753603931
1718166554
1525675057
1711734323
1755032275
1436885005
1167223554
1616106429
1576738351
1788302007
1754707683
1592844530
1244787589
1652737172
1664582525
1711664831
1500722834
1756441605
1586772184
1264836643
1629716752
1740777986
1727643745
1707940847
1506903054
752388896
1738519916
1165484563
1126609198
1242019898
1479047410
604701606
1617419786
1434707893
1776206865
1728544984
941439885
1722990967
1183260327
1473302121
1126330585
1616134104
1755028473
1313305418
1567640067
996599448
1572699195
1734528739
1731153089
1778201495
1533849400
1499238567
1598021973
1530441075
1675821128
1012731128
1704718515
1108021368
1606520554
1191639137
1368826463
1537313696
773766174
1714633709
1705310992
1054814504
1555465127
1681517902
1690762229
1623404325
1155026812
1692026937
1559632211
948150995
1755667908
1554779469
1559460487
1361367448
1773394481
461780682
1308500501
1145464823
1697621815
780459694
1512992906
939492183
1726342459
1421159120
1254677663
1314899355
1704269512
1091938562
1671370844
1721203203
1587071163
1786750905
1745625841
1703976046
1088480408
1735757356
1534412251
1161284471
1565062863
1251896660
1777023535
1696430409
1686312575
942025365
1148616530
1709986862
893579226
1775072731
861091149
1225715762
510307039
713056176
1595877829
1657533607
1019794617
1167817201
1535148495
1723331930
1389602078
1726051783
1710445110
1428325776
1110455514
1753792836
1625971795
1540114155
1719920817
784033275
1693248903
1534667663
1773716819
1171570033
837866411
1463493426
1729086818
585664271
1148699793
1671683684
1669444762
1760613089
1718466001
1712499379
1060718811
1784061935
174650520
1711525668
1659060604
1023635019
919448816
1137890926
1443838750
1777234066
1743096707
1323053866
1714172579
1680631073
1506554334
1683978379
1464141444
1761369142
1725980565
1591150017
1730024730
1547394922
1748855113
1484769552
1590601833
787402648
1516978697
1164497215
1696496934
1703764680
1606566785
1709959108
1575664830
1769214081
1734055194
1762165683
1704395419
1635336789
1720909912
1607779689
1151032522
1775921700
1272527626
1544212595
1583228081
1555406009
1641623198
1603382181
1480891085
1221367087
1716273157
1739860008
783528704
1122388729
1190858777
1252566483
870933996
1698854007
1681918626
1693305138
1236998884
1572312788
1647219492
1484752676
1513171675
1129775376
1712716326
1046629732
1694838980
1571396657
1054243712
1706322208
1654092665
1774424359
119664164
1297896174
1372751260
1178365915
1667134538
1601812264
1273289702
973422284
1323102623
1163523487
967944859
1421591411
974487226
178251130
1790349435
1735372708
784982226
1588407263
1514890185
1045938806
1587121479
1465822668
1375524790
1638888496
1397907523
1521029843
1775722286
1348063066
1710748127
556785944
1070265957
268870935
1205916048
1173910429
1682397109
271217787
686777119
1668771454
1574935357
815574911
1706219430
1449626191
1280526670
1029860056
165375182
1669010276
1593133782
1377530280
1778509744
1609304253
1750867643
230229048
1248963714
1454190164
229888964
1759550473
1546492901
1716233661
1605389757
1485700741
837194952
996596972
610929526
1541755119
1775034077
1732387862
1270684393
1467330956
1791575943
1782887247
1645098021