1524102942
1542090812
1706731224
1694759383
1694058861
1527297860
1510947677
1653726572
1553879297
1549414410
1040506576
1130375182
1523397856
1456356049
1597174689
695823784
1743101105
1746693006
1773363367
948360433
1605668206
1107206864
1302049483
1289069602
859946240
1593303253
1726241877
1715913953
1163009530
1742244742
1786320021
1767623769
1676960839
1471025140
1350914937
1606722444
1756531767
688583827
1310325010
884366542
1676212610
1313831523
1334342615
1702885437
1525056738
1694489312
1744397278
1681828438
1039284895
1350294315
1716836038
1157454467
1616419665
737727500
1654661655
1668914112
825766821
1238212020
1329076017
1532255933
1773448100
1086651871
1025320168
1341633565
1111224223
1326595142
1379007188
618346572
1722427318
592131787
1532925636
1779366109
1739096936
1454501269
1713024970
1269852463
1283175407
1395308176
1750479938
1714316972
679111280
1542090734
1648484489
1615135173
1027359082
1680579436
681785725
1769383209
1597352974
1020604247
1370233500
1750620039
1673195191
1413945250
1706624369
1444380252
1438164882
1388062731
1755606803
929432032
1112216781
1059691763
1427020772
1391822018
1732420939
1077098343
1607898539
585648775
1758998651
1774990597
1075373554
974273910
1542638757
1558520028
1720270047
1270762344
1475301150
1742646010
1456099861
1755757070
635818478
1771634732
1582758466
1209763552
1398058407
1760786888
1227227794
1704373048
1556168350
770628553
1329741682
1562405641
1650289253
1382660843
1526975836
994635853
640340351
1514625735
1746401155
1515287259
1715917559
1479684293
1293037337
1500325955
1742298279
1362922826
1548722497
194063611
1471692997
1764394480
1680592721
1768267807
1782194481
1779900130
271327624
853343704
1587585345
1624152797
1379369514
1606481279
289743123
1334190083
1698971395
1740118027
289553611
1574161769
1067568818
1745193843
1418178136
1426397767
817778111
481105522
1231422391
1265612420
1716438161
1733538969
692949869
1572132582
1505402365
1557331417
1718613827
1709413507
1689238355
1511414168
1144087381
1732227674
1754922070
1351546186
1726661728
987469030
1524095020
1736695856
1546132311
1359455912
870658646
1232053034
1368511559
1242249448
1450379064
1780110098
1025323312
1739934037
953492950
1696620630
1755182647
1487459224
715049051
1683786909
1782117931
1308199917
1232052986
1698968023
1130573811
691477118
1712007820
1789696457
954785402
1048770477
1753822210
1344587174
1704011624
1319368146
1015517554
1332846565
1715181445
1630597900
1184550716
1415639345
1444013262
1018881002
1667396615
1669586396
1421697615
573948973
1697493364
969015014
670237406
1311928176
930877782
1344878400
1559969969
1341715520
1754117648
1745672328
1395361221
1732869570
938329941
1773449210
1779159795
1194849051
1341330075
1737290231
1721441731
1674427113
1041629604
1643239872
1001461858
1453738679
1688839897
1584774162
1421734569
1701703410
1050260391
1549960893
1726851904
1754873569
969719944
1748086500
606163241
1018705331
1380240189
760923783
1665678755
1748428143
1744327171
992369328
1182911412
1762910237
1272009803
1149633536
1695265321
1613204929
1737176810
745578644
1525673752
1612707525
1357565044
1238880403
1461732202
1584349108
1588343139
1420870296
1658882307
1716885475
1769472193
1033731365
1720706016
1376112986
1542820475
1276622772
1315448596
246405185
1784690775
872197017
1217689008
1458142512
1539882828
1703927968
1358311210
1659055090
1745110893
1705018248
1645524269
1721938269
550439795
1547174142
1471581354
1643027895
1699090280
1456836243
1565655246
1737047546
1763135025
805929134
1251644822
1349295055
923496868
1666685840
1668700257
1444830856
1714001787
1698370313
1695896102
1759627236
999022765
1724443379
986779548
1744121451
1791943333
275862672
1406834616
742588825
1730847878
1625905138
1226846414
622483085
1728598388
1451566503
840428553
1699029771
1574898594
1096212389
1680262295
1679385552
1760570488
1759235859
1687517784
1203154720
651175301
896901221
1658916323
1552864898
1202631876
1501714281
1710720297
1766410651
1172963819
1668578117
1780333657
1540091840
1604129233
1670095942
1012445958
1779250489
1166648779
1669170900
1527222113
1559689948
877957864
907508671
924900408
1770992801
1041052568
1539182734
944109040
867749424
1742733284
907603725
543037718
1315449868
1298446599
885861808
909966359
1745836679
1781144868
1676617406
1784720327
1702573013
1566408493
1620780901
1206273232
239923944
1535557460
1020907284
817351311
1164459825
1242126542
1630971848
1762358412
1717501526
1776132357
1048523905
1409983398
1757344705
1012206700
1669933672
1544365855
1358215920
1632874588
1531259559
1747459550
1379789939
1758732924
1239518582
1687185409
1614339600
1125517442
725396325
1413369551
1087527306
681982462
1269082696
1625186706
1467639329
1281242008
1447900375
1766779316
1702705522
1385213921
1690268834
1499486309
1297093869
1471021930
1735457863
1014603215
1713814105
1308136774
1494574712
1674985472
1665961035
1755238043
1211697232
1111337421
111940965
1219079131
874858622
1247119104
992213019
1498103927
1755058932
1197106513
1682457779
1779886096
831871450
1315832253
1777392599
1448360200
1723809393
1728902684
1136808934
1453820274
1732368014
531125238
1543587547
1238021361
953015483
1573295149
1611523711
280638310
1588736285
1275681609
512868356
225023178
1675067438
1192717134
1770597200
1715915709
1760270264
1680218757
1098688420
1641422242
1421773321
1450405056
1335494796
1691121944
674064787
1208360791
1444791729
1059513027
1647918389
1042442547
1332391419
1717765898
742588701
1594135634
1055199267
1001547413
1538972613
1678173188
1531656268
1406348222
1137467080
1697271717
1756994646
1754157444
1646136760
1703919745
1225087443
245130081
1285370737
1687901711
1442587685
1793717087
1114872225
1266144745
1261015409
1733014345
1552772628
722711444
1701712221
719073334
1561222762
1656275124
1328489703
1701730278
1387549374
1430482840
1471039953
1054552685
1223888019
1716413065
1451520093
1734821091
1086310465
1591681718
1609353787
1433052402
1770363515
466248881
1728918499
1327146439
994015910
1779370473
1167632331
1705365878
1232052758
1302428495
1385868564
1411020440
1772662421
1328209034
1525016371
1483274122
1109981459
536892615
1493017915
1463673573
1749092902
1744806343
1657978178
1597299633
1593828994
1679129807
1452031760
1207451232
1772852068
1324923342
1613225803
1092524623
1455523495
1279142116
833919431
1719193467
722709178
639346397
1400380367
1386484728
1100026639
1356078885
1299000659
1212535243
1443053568
1716443513
1093882403
1680715715
116777432
1319870685
1504984512
1669707761
771183754
1262820446
1751402899
647133299
245233688
1117710263
1498504271
1405192883
1264282391
618127619
1720118087
1772495649
1654643501
246507596
1769963492
1219755575
1144317583
560146966
906779563
1722894839
1775024551
1706466059
1504918392
1100924504
1677818567
1254953066
1381455572
673094859
1705945397
1762383730
1514410368
1578022409
1773103510
1726059256
758664241
1595786651
242850637
1161609350
1516829186
1025543633
1239591542
1723136738
1609620899
1506726137
1685511200
1647854747
1395314460
1043480061
1677085555
1105557163
1674592371
513559128
1523248724
968897151
1640470048
693641518
1442050779
1067902530
1557761761
951013084
1001880947
1503682777
1222027121
917028153
1022632178
1137517491
771735612
1434059183
554946885
1764718646
1304122104
1681054713
1681088988
1302475276
1180297222
1495593600
1647482956
1775459082
1478285853
1769263461
1787905907
1032291654
1775047556
1741043447
1154151434
1231529924
1014247539
836337441
1530133262
1785855109
1585245478
1759058080
1234766258
1614727862
659592570
1471764291
1716405121
1726078400
1291493530
1101425193
1757556036
1313158225
1722262665
1726244038
1780123314
1509171128
1494390202
1794347885
983490055
1506201081
1573957183
1315630346
1669966171
1549192978
862632893
1313325401
1571955855
1675837843
1769833223
1732008396
1150685167
1595796379
1701705401
1582670327
1717111446
753685509
1780505333
904858666
1695348611
1274149857
1109892343
181328767
878213919
1429002985
972480254
1038459245
1542961375
1508216529
1295202445
1694256927
1755695385
1739059505
1778926944
1452133696
1451230778
879655435
1339439783
1100929696
1205107566
1770061622
1168161477
1634485976
1041152998
1647470390
1578849295
1250441384
1642366270
1254147633
1074576030
1369610091
1171339861
1616115429
1795034843
1739525688
1141686486
1302367569
1795027249
1747251465
1643353293
1678958788
1461012500
1432969080
1002336933
1534214178
1398936171
1586060838
1572816286
1385062279
1329393834
1280026203
1549406070
729069647
713107063
1684145436
1274092189
1318159485
235752724
1390473809
1110530309
1764391189
1722376035
605758137
1336635677
1681222865
1724736486
1681213891
270772013
1687066412
1411829093
1273579188
1428499468
1710265478
1167507398
1469437213
1627509334
1676139740
520166699
205903656
1780122450
1419724462
1255235485
1029085371
1718162706
1397626274
1237706243
1573607907
1388366632
1121971492
1138519028
465859003
1116522142
1074428839
868666697
1591527718
1782691564
789265635
1773918609
1775844586
1247739104
1711479807
1731159787
1336544812
1469417165
706834720
1758063650
1767945820
1216299528
1519844166
1658803438
1245484848
742226334
1206643788
1730101633
587082271
619708614
686053397
236693652
1578692130
1708611829
1399738523
1104195096
1771900533
1436973604
1512538971
1777876357
1083395629
1651295138
1762913561
1169274061
1743611802
1416766602
1741077890
1659071433
832974081
1238851313
1683762176
1718398540
886236406
1780905246
1304122064
1558873390
1455675826
1299065370
1456879279
1760290410
1524472213
1750900734
1461092333
1601895552
722611066
1564829145
1794672171
1002040263
1717138608
1656606889
478011798
1511127043
1795106713
1670823915
1329473642
1740116015
1720306310
1644197670
1745340364
1794686337
1054702425
1722071225
986011879
1780844222
1731317023
114741807
1100921890
1301751687
1562456898
1647253785
1699122177
1287747298
1730840591
1473585118
1202173814
1439533772
1395313740
1564968157
1794673941
1780469424
1129420291
1046420668
1550149306
737119300
1517729498
851377692
789484810
1559525647
1753383473
1620799545
956679581
1497948070
467227917
722100706
219101481
1065899504
1535013728
1731278029
1563901103
1390839874
1599060055
1389787747
1256544647
198038500
1052847815
980106514
1465945101
1699196513
1637452496
1528346178
1094677033
1347494405
1151680383
1422520470
1479624805
866387010
1697621922
1126385974
1258454035
895290645
1267557531
1474442564
1764344965
1564352959
1480222177
1087835654
1773169289
1055375654
1774766821
1222984530
1076971628
1238217966
1757124519
1176676213
1535242945
1723377115
1541251559
1780764412
1695243600
544945711
1757555262
1796139291
615605765
1780578912
592586246
1355600877
970891319
1252169890
1780905180
1655027359
787001357
275116502
1326006249
1669214225
1650981124
1188046146
1757790475
1763656565
1432300064
1714194887
1780904342
1640891348
1788487955
1751180805
1381157204
1771635086
1474610647
1333325193
1737313449
1373512687
1543202919
1794783297
957199284
1329842903
1513535228
1015001329
1774502061
1335939214
677781450
1782384416
1780587364
1377339019
910045515
1753876366
1216700194
1186825173
244051657
1644245126
671284898
1781926932
1117481059
1166569051
968612097
1685300598
1698344960
1217944826
1687941762
1760782532
1795548971
1743989922
1703153256
1725985527
1287778376
1216703566
1599021343
1126727605
1343578420
1238810548
1449801329
1135328952
1137967745
1593683631
162249126
1794668943
747973891
1796177429
1252490803
1373797237
1781887202
725654294
1642280446
830826840
1781980082
1569400768
1794670961
536116654
1781975454
1777190487
280849334
1790753803
1619217560
1221346100
95143453
1216708822
1685212593
152532098
1141950452
1794778103
1762164388
571887676
1446641117
1310641090
1746559462
1769079504
1772649176
1142905514
1462162575
1591628473
968278039
1447159338
1557982068
1781933478
1733999667
1288204926
983089910
742590205
1551689011
781564038
1644236834
866243123
1772417773
1642662437
1232052920
853375902
1257721783
1708120467
1722259119
1125565827
1796174793
1655356785
712839596
1360936558
1547298967
1716916358
1780757264
1783593106
1776103851
1556058039
1243657786
1312662288
932363345
846659290
244545411
1689983286
1642936426
1718131610
1435519321
1583150921
637377456
1119304769
1796184429
1576974795
681220363
1515584843
1291814125
1711550955
1775314959
1662599299
1707257636
1774465131
1687239259
1797226143
900464499
1216705818
1724113691
1473076004
268737336
1572167249
1230645539
1659830043
1796779039
1795006553
1794721237
1794715411
1119275220
485904402
797503248
1565100533
1291920897
964413578
1797792865
754233405
1718355298
1665483603
1795001797
1782057087
1796102647
663669782
1142491560
1403060454
1316649883
1278134740
1068024168
1794724055
1552247714
1217994544
1461092229
1467420910
1230722729
1795102981
1724905195
1752704911
1723853597
1443529262
1783384955
1655034545
1325348030
1615721760
1390503561
1573318413
1780911356
1782570326
1570985972
1404074503
1717080882
1528350328
1225239033
1375977936
154511523
1778304625
1384903192
1065938646
1796231177
1198914698
1795610297
1287640068
1731265777
1329307023
1780960644
1565181207
1761357979
1391981687
1376338632
1716258018
1753315597
1270548499
1200203168
1597313873
1787590029
1777580230
1795012401
1264822464
814421911
1780511306
1783602376
1726560941
1780806220
1551001212
1362086989
1795015517
975012002
501197109
208791695
823972975
1296945112
1796233417
1379868008
1157884519
1795069989
1795005889
1717998727
1783600534
717239309
1790705013
1641684249
740445065
986582863
1689965180
754231507
1717079440
1717169270
688581701
1717078878
1552142888
1655343542
1683407421
1708835341
867649551
1230661437
1654651070
1662785940
1635212757
448522668
1016014136
981336860
850865006
733517831
1438334045
1737703496
1417989145
1732108553
789906960
1520323237
1752111042
1217703622
1553946384
1381675579
1420563003
1688924703
1785797689
1731379901
1426984232
1170117304
1004122092
1780886776
1778155856
1090807570
966708766
1743949413
1192040361
1727457785
1794714921
1649724753
1741720691
740363760
1716688260
1628797753
1479683797
1780976694
1767138917
1796769703
1715359486
1151421983
1780900728
1318147767
1245158490
1392076149
1781908634
1794702669
1764143520
1467357444
1217444950
1617500344
1297965535
1780809554
822851051
1486468784
1780810686
1790406781
1606608070
1383517919
1230879141
1762230761
1303351169
1772868000
1452781197
1562230751
1723520385
1774340169
1520277400
1291493665
1782034910
1466177322
1654249509
459491752
1365924430
969790125
1771963523
1564930959
1772871970
1598181555
747959237
1406972761
1782036690
1797266927
753993017
1797821827
1797235895
1744970740
1142937620
1782015362
1047715323
526210509
1025324308
93776888
1646500514
748928946
1417410233
1567915055
746142385
70781625
1645040266
1164483622
1445020607
1780122644
1441222013
980131333
1797789525
1329061397
1443121754
1682175615
1575490983
911887229
1217452020
261067593
1644408220
1641959356
523104425
1793528315
1070758075
964841123
1761878087
1486484569
1644999610
1358572337
1773758267
1448054816
1072731119
1745855965
1303545809
1719145869
1218781002
1749160232
1718113826
1032288860
1357619822
827210358
1758737486
1796238099
1773790541
942117197
1796239289
1783069830
1660721999
1780799822
1141025226
678128583
1760417388
1797827891
1782040092
236759609
1208725983
1785626291
1694079901
1461627756
1712658727
1364198177
1733522797
1566418253
779342385
1783648972
1796241129
1364050957
873053349
1697495062
1796113817
1457446378
1484373231
566920354
1763349211
1512686410
1757441028
1483599033
1769910540
1553058726
1664888929
1230581327
756884532
1732259991
1781968464
783171711
1795154069
1317564854
1483056657
1796243595
1568326706
1796139585
1199626981
1783664128
1671557373
1644160292
924055682
1592719799
952816448
1744515228
685614440
1797213515
1772892794
1054482312
1658343237
1395593340
1796166561
1781971236
1674123833
1783647556
1552896216
1331350095
1376673738
1566832748
1150994955
1728237622
1726231902
1659847843
1388558279
754013670
1397726493
1381626825
1717663074
1563214736
1797252289
1389937951
1134025992
1350608305
1796174361
1141498804
587319998
1748647838
674730242
1797237925
1717906206
1435987551
1757188895
1663082732
1703757893
1716235174
1134759654
1734736537
1566543261
1719848184
1238420586
526026048
1683427238
1673673348
1461092287
1390686515
1393572645
1467460734
754141548
1395500062
1714782089
1370070934
1614731348
1437453137
1796239949
1779508101
1530633439
1413858993
1783676268
567149682
925963400
937675919
1547318932
1736607468
1694905370
1518175936
1783160256
260804499
822370566
1477543446
1229988631
1560171863
1216812865
1462131387
1794726415
702643295
522261105
1506671686
1304868965
1281367450
1188055454
1565235961
1796054585
1218005332
1634565319
1477384617
1484117655
1267535255
1515078494
799032777
612077295
1641377092
832861458
1565143959
1795547371
1655077110
1401270869
1780944838
1794946331
1796740791
1795185877
1796063249
1566435605
1731844301
1540452219
1428704660
1353967449
1786848585
1290730638
124300320
1250149017
1730729117
1158898851
1380399214
1057519701
1761320179
1774288028
1568536857
517689652
1568538861
1390367363
1796051437
1780758796
1796058575
1719487378
713101462
1658347545
1204154140
1655078628
979399752
1687518663
1378326240
1248386080
1468548672
1134770038
1400034973
1617310433
1533504277
1321080789
1658274915
1107889319
1733066731
1658349279
1658658833
1465501690
1008018177
1794921239
546209514
1517847872
1631779606
847893911
246405491
1645913294
251859195
1678124725
1643392706
1704289844
1230898016
1797363111
1773732802
206613512
1784102736
1216293494
1782560984
1400987290
1659027558
1646434685
1572420446
1732072299
1743731655
1718195450
1657746191
1013959975
1468037388
1564479287
294151551
1173471497
1103293313
1479315635
1395239673
1678124061
922388174
1662951520
1378866872
1378350370
1301950852
1435734668
1419834808
1711030963
1796308755
548011172
1659149169
1545369448
1761093327
1781397324
1780751644
1769383377
1654505238
819378781
997994114
1782112104
1795559821
1594801842
1690608240
1757749249
1731480053
1780754400
1796122491
1156721353
1623268882
900925789
1098002494
1545373058
1486925562
1647742288
1796820359
1655561619
1747572317
1504501510
1796307279
1154623729
995965576
1497212763
1783171374
1726146970
1627505802
1759220650
1463119538
892707676
1795566341
1646502982
1711177441
1719312524
1444130449
1315137728
1660424253
1357548183
1450358775
1227376484
1262945953
1282420040
1745934669
474619930
761133632
1414066409
1467962720
1027185882
1667192567
1466154154
849091034
1177355386
924750120
1796330715
605115314
1717890176
742383931
980536609
1081572743
1760521561
1082710860
1785824491
1604734698
1718217284
763894300
1506502124
1550980174
1797818913
1767992766
1157121553
920798505
783563598
1734029327
1139857164
556268967
1716515428
1215973645
1643504911
1646279818
1229421951
1545375926
1381715708
1717744762
501207659
1731486765
1790409893
1112939235
1781649578
493524209
1568811963
1731177155
1543875071
1225417714
1781859548
1263907633
1523519261
1544397335
1646272272
1290064298
1663955812
1733490017
1784101328
1229633073
1717891876
1463159034
1719502076
1783137878
552899627
1519568671
1782123284
1732513807
1659117139
1560566656
1733668681
1795152537
1539271523
1798289465
1496502415
1794954291
703031763
1676929959
1373320696
1676555622
1644169694
926965113
1797792423
1726271445
903424776
1660853883
1291692556
851453066
1797823525
1781868756
748616105
1432581062
1780986878
539293504
1304684793
1232471355
1067631360
1547247390
1783042748
720195786
484194946
1782610732
1288740410
1773574977
867358560
1717898786
1781351362
1379602448
1638794592
1028108728
1678126803
548409164
1644987506
1657247411
1717660511
1024042719
1299996552
1522106820
1547099938
1634331915
1482160837
1709808086
1542657486
1781358332
1491218317
1644984140
1303020377
1218170431
1324975258
1617563719
1334029445
638429964
1782107680
183883049
1271032081
962939549
924748852
1797420575
1107158362
1216048320
1245267542
1795147019
1480610193
1069336112
1660421931
159836457
912872334
1550925850
1781862574
1781863400
1642780540
1298103572
1144154354
937649807
1004823383
1781877680
1551005396
1520507856
1076589362
1484373441
1797673031
1759197990
1689214911
839256458
1732634513
1083146465
1341686647
1761227729
1781920026
1659262537
1796057413
1066451822
1218208744
1768472233
1706020044
1501901725
1787303007
1541565109
1717898222
527315385
1305762312
1499824342
1717660896
1720374438
1753598322
1746037622
1795185351
832861410
1469131626
1721172522
1783189256
1782622872
1423377063
1218228378
1590041984
937736750
235411520
1552592652
1797393529
1578699229
948117274
940695822
1555893872
1780758230
1769559103
1738962687
1284801680
898636218
1779567788
676739638
1579854917
1230547099
1480351259
1781571874
1216609734
1726544859
1692559141
1544463697
1363903164
674724524
1716983856
1551057118
1016392962
1481656415
1731459607
112624350
1717666964
1725696194
919173403
260832696
1783921538
1587879534
1646320352
1604052541
1106298454
1730810754
1563299929
1662789946
1258059584
1559117373
1794670191
1780917958
1377230554
538089136
1756249262
1082755629
1388016836
1567124193
1340189970
1666981142
1726714983
1460340121
1765309236
1798368823
122924524
766890992
1780356796
1732065553
1115513690
1524840293
1787378871
790062228
1718724704
796883686
610639549
1046939246
1646578932
1797625921
1377425594
1678119759
1216603560
1674003771
1567432463
779141346
1363891892
1758326908
814730536
268289281
1676960363
1717344722
1796755783
1356308681
1662783564
1454703798
1764402460
1467559499
1392002271
1733055591
1751984617
1754680881
1780462642
1294041767
1067832762
1377130680
1733573327
1781340264
1781622772
1174247377
1046600419
1690008861
1658624391
1504877402
1572746050
1721074142
1769395312
1678121025
1760195269
1310356927
1310183792
1445788877
1635216525
1282310769
1265536222
1597032844
1565484861
1793395983
1770338333
1798121931
1771498774
1796594973
1133131124
1785360017
1394588930
1719192654
1767125022
1795135619
1137343736
1657287703
795099693
1666549704
519895134
1780793972
1547407410
1198070024
702977493
1722849543
1716631346
957464331
1229664897
660240536
767164373
1550278006
1772086055
1796738539
1744597550
881061818
1662790774
689109864
1664606254
1586962658
981980007
1486023406
1693123561
1527576275
1767405421
1357339797
1024043611
1218801026
952401333
1334379753
775939951
1256759476
214796861
1797623339
1777181876
165465429
1656626346
1593506183
1443747823
1543620373
1561998232
1436818770
1316724211
1644821182
1219364942
1626445747
1657690185
703479150
1630908879
1769463087
559254184
1689156299
1784068884
752271612
1563231182
245060769
1784144486
1156858951
1794667539
1239363940
173300432
1673887883
1578489841
1796255617
1069010706
1798286479
1103537144
1607534903
1002855695
1531917983
1659526023
1151229132
1648699124
115589198
1312231756
1483311765
1784723019
1663972628
1768911195
209180194
1468061004
1780967064
1343353833
1766676414
1163635021
1190401329
1793612735
1283077224
1782536368
1793752391
1780124396
1784042592
631591984
1697399493
1639536654
1737822920
1547790367
224714754
1780993966
1741899565
1783686458
1717306314
1216056298
1652550537
1464903760
1669246669
1795545311
1732035531
123929838
1284335021
1781349246
1681150533
1754833248
1166907561
1784049216
1491375485
1796827781
1778746242
1678134577
1483309923
1780965860
1643510778
1796253701
853320104
1075376050
1114861439
1719762856
1414062935
1188868006
1797629853
1781887784
1070958103
1794736273
1796529721
1254370853
1798360673
1780534968
1618077560
1304176031
1782397434
1580901198
1596707621
1265696645
1230552897
1112827502
1291222682
1774056489
1781815496
1781584441
1779703513
1678122953
1482170713
1380207064
1657868345
1736363083
1798360517
1049307349
1166897552
1461388100
625853620
1797628385
1679350484
1761295250
168177319
1647965132
1766628691
1676948091
1369513511
1554237061
586306981
1395312996
1541036484
1672412125
1721229463
831088440
218363604
1659873693
1734490547
1518511455
1139981313
1782538108
1720233264
1572043956
1798122031
1643066494
156935423
493540405
1073029198
1760183285
213127894
1580736774
1334690944
1551354062
233291480
1787987779
1722042185
1552265822
1189926514
1054445957
744379083
1632774767
1038185222
1694428412
1744485806
1308340929
1116655785
1798120787
1547145341
705229239
1339011032
1264757816
1289391871
1390409927
1483328363
1539169578
1662779046
221708815
1717785910
1574041297
1216051102
1784135806
1003364174
828090201
1108202427
1363362794
864819898
1701697104
1732104063
838692226
1633506028
629744104
1795547153
1586862566
1774502314
1080948601
1305246055
1287726784
1731885673
1553735994
1108852774
1781575294
1645613886
1483352185
172395836
734143634
947432541
1761216937
1782211554
1766780221
1218523086
1673599810
176736130
1590641017
1782343970
866968759
980372627
1127051986
1783433694
1756045644
1469167068
1551519824
1359606553
1781813078
1008461633
1662778124
931395568
1643532740
1303469971
1006853581
1179177146
1755912784
702620747
1658235862
1003253926
1796570711
1288311140
1797425799
1216031008
1469420486
1479650081
1773617756
1180827978
1643537780
1731412739
1223757623
1662629939
592009980
1005911703
1231331583
1658564141
1549527128
1444157324
1256766912
1618004009
1783107190
1755327523
1783650499
1660017133
1451869188
1757121984
1577417641
1797774923
1638013246
468149063
1646949674
1718508173
1305495807
610645105
1356109214
1461077671
1783129730
245132421
1660356515
1340255801
1715893109
749375461
1733177747
1479258902
1150046810
1768075405
763708533
1040517096
1782372084
1784001010
1671351543
1555280284
1355853908
801611516
1654735282
1231322349
1704271019
686738530
1782680188
1635977069
1136651140
1567998433
1217383784
1692651517
1723070680
1671127705
1777439708
783188518
1782139496
1796579983
1525940022
1142821920
767523159
962415225
1795653303
1304014996
640195913
1464904016
1459263165
907499634
1733183497
1567255783
1785736399
908740750
1782375806
1782374502
1394312371
815124108
1462389739
1663944714
1551789604
1769077314
1798116359
1790046515
1214352028
1798762687
1780916870
1795603069
1236267189
1238222354
1471410276
277268834
1406540885
724411195
1290837535
1532439754
1554123575
1547849955
1308628905
1753426053
1717874776
1002929400
1704343053
864652683
1547376090
1461536541
1194698730
1351085924
1548434097
1798421441
1798235745
1773104316
1625023711
962563128
1795134531
1785590353
1340010511
1796262721
1557296647
1796583283
1782381504
1733201055
1130147269
945836586
1796258195
1764360283
1128940348
1260533649
685005620
1759026482
1493642116
1598801834
1676505873
999835620
1783131706
1776986724
1782061970
789916340
1201436619
1429694901
1348159703
1775984837
869114016
755909510
1744649142
1678127397
1482895735
1304824393
1326530481
1293535554
1568559089
1783128660
1491193447
1644384514
1467253000
1732961085
1782684130
1450451498
1147549600
863386237
1246443894
1431582387
1304886617
1378930216
1792835021
1780917630
1261957084
1183670549
1651422744
1564369043
786433163
931497545
1066022774
1781473668
1679530309
1712439962
1568231423
1568148623
1204822733
1647153079
1270086991
646500643
1775851340
954912034
845132572
1479620189
1735609999
1733212481
1659868717
1534485774
1704339540
1782890458
1797433431
1781638844
928259443
1365593560
1744089257
1145804274
1080319741
1634360794
1783172318
1796897551
847165165
1091786211
1660636405
595558952
1775560815
1723970134
1798283979
1392364393
1231991483
1782380346
1782194347
1775247805
1733599381
689425548
1629819381
1483279967
1794904829
1593155879
1469474350
1688095567
1724824143
1638010596
1196462250
1226963557
1134554164
557066205
1417371368
1638009912
1229045731
1686626261
1683213791
1568574652
1070203369
1732312113
1661090755
1720440604
742076321
688683167
1465375874
1740143543
1780458504
1633698934
667722775
763710675
1616202185
1714457713
1784582058
1134954253
1647052339
665063496
1714588242
1782157120
1304294689
1376916950
173254548
1558145034
1229594481
1657924709
1438568410
1718718444
1795655247
1773359152
1565973449
1428192610
1784739011
1041183034
666412413
1608743006
763711445
1618898451
1580400017
518541682
1155978941
1717792819
1677767420
1216712964
1784586576
1796895475
1717029882
1765253725
1157703469
1760336991
1560973363
1294856428
1643530278
1794586447
163009154
1451128833
1731356431
1460871789
1425060901
1797331927
1798121599
1701685443
1729728185
1387301990
1694129034
1554041798
1652530191
1782385776
1715879677
1556388497
1777062031
1224323979
1212962819
1486330359
1259067685
1602018558
1798111061
1669279741
1782371112
838721726
1732515589
1611560276
1657653104
1660106781
1656833069
1782005712
1376834496
1583959256
1157361209
169703120
1338322401
1717170206
1304271305
1190259416
1305141199
1783921290
653885264
1733520115
806853658
1310559458
1656207029
1733389775
278061628
917365710
667725361
1194611183
235965881
1481752078
1647093434
1647621232
851926250
1795119291
1307961998
1431703135
541672211
1797331327
1478548550
1306036387
1213876024
1796353141
1617908110
1284172251
1700824137
1760298516
1660355951
1142720871
1573715436
1617284537
875372554
1763706595
1060952646
607465629
1773076046
1146950256
974317131
895103540
1718826024
1445892576
1523679742
1794324441
1732700142
1796250979
896412665
1181720473
1796577735
773363842
957658109
1671830655
1713667361
1229402253
1633602330
1109895887
1158154275
1478566896
674846916
1063894684
882964855
1454807406
1309155391
1499457513
1780917062
1309041523
1783419556
1000781989
853162437
1719465506
1729035289
1356137425
1731356241
1249365927
992102512
1270756098
1029949403
1798557443
1145759704
1352009142
1110467092
1734433289
1782185847
645320907
399743353
1183854313
1788819939
720298368
1297057474
689121208
624885218
1466000322
1473826514
1269857161
1643521230
1674985608
1784585850
653883384
1222970496
1169738866
653882972
1795546445
1777591862
888367934
1421501882
1417283997
1552913150
1783420526
1646432445
1796574335
692971507
1014068484
1668263604
197264905
1672407569
1285431013
1719104371
667726481
1703313694
1780454188
1423048264
1795424101
1783107438
1784206338
564672015
1720236882
1795642895
1601165227
641299349
488349852
1643595538
1643534158
170568400
567958530
1772383898
1674754529
1100814582
1565870406
1635522642
1782354340
1623822013
1484032621
1148602842
894358663
1090096731
1798234629
1701890797
1082371308
901500393
1776355990
1731355977
1778999222
1551012248
1067857168
1081947321
1765557959
1699200637
513841922
1304309925
1738965788
1714010805
1618398783
1631649119
733861707
1432385113
1243220902
1305314521
1568867469
1253979662
1511096277
1379524856
1555481412
1495698458
896140523
612100564
1576381550
1796546479
934427114
1054772244
740943150
1533977289
1783807492
1795106117
1357336951
1324434529
1092122036
976501593
1633431179
1796302337
1783329142
1288108058
1468765396
1100728983
1661820574
1715666319
1778883880
916243070
1037740559
1751286654
1493545955
1647900728
1768682698
97467807
1550630844
1245991533
960917620
1237319750
1798690213
1784042096
1003370402
1695241424
831113593
1237079491
980184086
1143406386
1056525561
1644223253
1469203424
575591160
1551061934
1275295829
1544847782
786756817
1797900349
1797280825
826532078
1488375200
1783976564
861025117
631594228
1473826360
1731963769
1641421206
1701006814
1017247839
1657208667
1496744158
1315526537
1626701846
1615739186
1775692845
1796292079
1661548395
514048050
1081233088
1692928858
1685341370
1539394783
1798511265
1406357510
1778892636
228796660
1469307416
1719266392
1798263101
577132072
1784144108
1795502927
1554566252
663277262
782561230
1798685023
590061319
1391017983
1782219570
1629654383
1703854626
1590424539
514890732
1734383233
1176544826
1717455946
858507907
1646893622
1732653535
1798247091
1701706162
1719664390
1643954811
1597170915
1783549824
1525228432
810069880
1477636248
251997509
768592845
1691704055
1796431683
1625433257
750583704
1606699892
1275634750
787589213
741689959
1124449885
1376750913
1605678361
1680804394
1766897403
1767437561
1734311029
1142966472
885674524
918213030
1258973667
1798726345
1749553931
666190250
1554491263
1275943543
1692428873
1395180619
1796421193
1565945941
709525206
1796536277
1218545225
1724729992
1661790383
1325612115
1797247667
1420855540
1731256373
1387347418
1734595295
1154323776
948567151
1553064964
1782356448
1720843794
1397288773
1325318917
1394605567
1469495782
834683287
1680741719
1377346031
1543195091
1717618100
1551464918
1566097799
1650061512
1282145466
1795527087
509427414
1480756271
887570830
1797187259
1483388409
1727340534
1642775756
735385756
1716511036
947470556
1781332486
1547896313
1258510734
834673801
867621479
1305345137
1795678571