1486200989
1769846495
1751059053
1634486966
1288278643
1720279973
1601130250
1743934042
1774123596
1744741074
1764388578
1728305425
1728695666
1741335081
1734924809
1457218050
1651020113
1702739940
1670005264
1746386653
1678559730
1709907617
1723351508
1752627458
1766170680
1311380718
1762382786
1174036438
1553822127
1744104197
1756035765
1761680924
1759086590
1336174901
1717582169
1517486849
1684143809
1508523406
1664911206
1642714720
1737912408
740013755
1733016324
1720176777
1559381025
1732611794
1474477337
1638383642
1727360494
1642109229
1616060079
1764039692
1700020378
1242772157
1569906103
1710730197
1342773457
1703751617
1621207448
1676944505
1755886550
1376349720
1607356026
1711773673
1076405566
1540700264
966966157
989437427
1772074871
1391139242
1272623213
1743520058
1769277229
1581468472
1745148517
1732920331
1310283324
1710794988
1736897814
1701883932
1692892928
1757952636
1717804514
1329397842
1548461251
1739326686
1178745610
1003174620
1223943717
1761344358
1596495653
1698413896
1760575346
1754487735
1517112291
1570574526
1614611431
1738443289
1720371362
1759938596
755541197
1545612994
1761617006
1497632677
1609662273
1709082462
1755288657
847102311
1749167342
1696603111
1728635983
833065325
1774723670
1770039334
1642935993
1729104910
1070646330
1681689516
1750244269
1551396478
1775785350
1670144943
1612268367
1694539877
1689265877
1731702582
1383529782
1556571637
1744207620
1747340281
1759684054
1525820216
1202558447
1692700107
1733320335
1681814458
1579890896
1735141857
589199796
1609074336
1785405645
1451931470
976703547
1578940952
1513175788
1771049260
1720688990
1579937769
1537997407
1706169453
1782232985
1246941332
1727330489
1772078277
995264562
1722748571
896558296
1775401627
1713317646
1781194189
1588167890
1343632576
1446220164
1744048361
1555332186
1299541734
1023622044
1418783682
1735391903
1732959609
1282481638
1771069440
1561104204
1652806089
1748130220
1686322611
1542449557
1725493880
1687038489
1744909289
1656594509
1728423660
1611068093
1510662001
1288252868
1756831555
1242058471
1590238108
1595354054
1728835296
1545809075
1755454319
1230003146
1761342173
1660632239
1566127698
1776285765
1355066907
1678636662
1247327370
1598265653
1292836249
1681807976
1458237395
1541337442
1784857313
1630619843
1775000935
1539306441
1732011979
1716766930
1672618125
1716334555
1729764906
1722270549
1551453534
1713106198
823458074
1761794688
1758563325
820825567
1723160924
1354666005
1711245211
1516581120
1570607877
1674709202
1437691047
1714454320
1660307517
1660782965
1749979376
1629948935
1770044109
1747248288
1004640124
1656476679
1662754441
1680862273
1671318563
1719702447
1700914949
1480524497
1778119893
1600565689
1702017851
1746419623
1774938883
1782419691
1645011863
771800607
1729812342
1534236612
1472577471
1266646998
1718214222
1332879112
1560538477
1543354232
1141826543
1682350038
1584895298
958816700
1708229692
1367578830
1701156919
1284199023
1419489706
1753564523
1758416906
1695065104
1560406524
1550472860
1749492327
1272136473
1723442797
1063223316
1426818522
1759486390
1531463058
1739683142
1252769266
1588260100
910499181
1721097267
1770764980
1570319140
1757916317
1710130877
1252832292
1472438481
1669656142
1621114965
1664765409
1601112392
1562283204
1767534648
1776078326
1661808738
1371348851
1071339673
1612166966
1751525049
1705548093
1542212294
1540055278
1553815783
1543109380
1732662877
1585559378
844009064
1696205366
1756044801
1290353918
1701714403
1692838613
1369626022
1753772038
1493112698
1725810104
1659358751
1679002349
1650123913
1745834998
1117093848
1320929597
1730510990
1705155940
894628343
1789436305
1710298063
1747930842
1744827152
1766828353
1753056250
1665305084
1258285184
1728930631
1491344161
1761816622
933874672
1734085058
227775814
1700167430
1689916948
1555407267
1681817989
1564262398
616262893
1742683285
1573334118
1786664743
1769604252
1068093074
1691133837
1412046014
1759875357
1711689108
1746448068
1706096241
1476791992
1695172701
1133279347
615634681
1760322642
882584229
1633802941
1403772550
1591645953
1729302282
1681175319
1754273202
1634352088
1678243658
1459353613
1636161534
1329238262
1700368901
761767080
1557600235
1513311930
1467562050
1700854201
1201824405
1738427157
1526095918
1517536624
1755133915
1339204430
1686217520
1770762962
1255058743
1380164040
1646557734
1462751975
731434020
1530654621
1667629078
1724042486
1626509625
1782147709
1736464478
1636107061
1319532217
1666594369
1602483671
1709862707
1583681628
1759695722
1657993332
1166643019
1750443315
1682028623
1714347682
862685221
1747200136
1681508053
1635474977
1627678021
699578447
948698457
1562017670
1721588100
1747197396
1596806645
1745468683
1638331317
1582231083
1578435466
1674158559
1762942386
1738321809
1703372599
1241109577
1715098995
1259103040
1648190883
1688374102
1744195319
1729556778
1595505486
1483262017
1626607689
1561385322
1569521487
1502581572
1689921186
1745092747
1519395255
844707094
1746949558
1705948589
1554833011
1455981596
1719989111
1232549991
1747853511
1751979029
1716607367
1020154780
1779790736
1729266062
1676552093
1661611162
1655646046
1735649608
1714160195
1731081289
1659460940
1742051028
1679916946
1271183944
1759335447
1605621451
1123757191
1203099212
1397529109
1725843033
1727899982
1576004127
858822201
1758142569
1602526571
1514013471
1713975434
1757553653
1631990953
858404470
1564008367
1759982950
1255495587
1542427981
1316336193
1750814061
1741866578
1673659921
861746807
1607109093
1694063937
1738542565
1768823219
1613046906
1555712664
1612288855
1394627161
1731083325
1688378654
1671903785
1685005001
1598823291
1140663558
1767497083
1043172893
1683942244
1582883092
1747780005
1662698545
1143934854
1741704722
1781427505
1630685224
1144271323
1749234050
1057520361
1661965876
1698165721
818362323
1142263787
1497639656
1436536452
1633201589
1706075416
1473077383
1681807376
1379463646
1080568985
1621937422
1552616612
1755537509
995278328
1461201812
1714104793
1746189252
1659531099
1750378387
1502324298
1722245350
1605700413
1498482798
1741169950
1719000035
1237595855
1622304162
1513508400
1597245688
1675723958
1708795092
1796302241
1677485318
1520994114
1711924128
1759795173
1056925636
1761366059
1678814823
1469047328
1709940021
874057852
1710048122
900589304
1576015613
1446671156
1773287246
1562611947
1549870691
1670598936
1409027441
1762855081
1679720622
1790776553
1551827141
1733883840
682537757
1465595444
1599447793
1724642697
1779487697
1761848367
1749194273
914434822
1709046523
795096549
1477512660
1782485055
1768287831
1537165770
1725612568
1689655456
1765037884
1681987227
837323277
1784489873
822154532
1575653167
1718510514
1576211758
1708904526
1642784722
1734380065
1766754629
1660364595
1078894693
1500021845
1224929874
1768500995
1671146731
1722930279
1613509821
1039202687
1745716334
1419656228
1705025661
1671056969
1760766466
1674861459
809565007
1696203778
1598092643
1584103790
1619586749
1702094604
1330933174
1632806870
1570062908
1642511043
1603718366
1775949941
1645009364
1513662342
729207399
1527333855
1674643202
1736261543
1751921395
1771284640
1532208284
1585160323
1588973069
1704834923
1585362415
1587496609
1117507741
1642283935
1492480989
1755525514
1753339013
1268003593
1203988196
1769762150
1060172537
1773724715
1293392489
1703036848
1744790592
1770980328
1697423116
1744533537
1759631001
1520893981
1729981872
1649678101
1640518603
1287731759
803692691
1671690032
1771683495
1695983263
1785402707
1782054271
1513178924
768806384
1554520102
1293375533
1772361402
1760993103
1638651676
1719326241
1773649093
1765347239
1735997065
1736202420
1457507890
1783937365
1553317500
1245728444
1732172373
1651137835
1776992439
1746122345
1772130405
1616712311
1582243503
1056558977
1428667897
1628955261
1071945870
1780967801
1435424853
1021071089
1640727944
1076467878
1608880243
1655594320
1777513585
1702257120
1718211437
1573230871
1165637004
1017473732
1719982347
1753077368
939219938
1579672895
1757336829
1703420523
1301503119
1767154431
1549938831
1693432760
1711471888
1682243959
1671638091
1383530098
1695786365
1705499450
1527792147
1613588117
1680741307
1223643820
1502966778
1778603566
1659186963
1768728058
1733120878
1702549777
678494371
1680569612
1731657480
1699396206
1753405367
1424943493
1555835308
1687683081
932979682
1556828566
1487893151
1646849684
1705375300
1733008554
1690348357
1684306873
1030809706
1657154937
564563493
1691898510
1728137727
1511352448
1762447642
1130220886
1713966856
1771844564
1741374638
1721097799
1733011437
1571820437
1633218715
1705409768
1542258239
1743308042
1674468285
1171921820
1791984289
1272931037
1725032702
1759987606
1575265799
1700835087
1717612626
1609596439
1792683945
1518947338
1714446590
1782821195
1740938918
1466853744
1723567606
1776984747
1737370623
960120684
1201898576
1736482863
1754015613
1746553153
1740751910
1673209070
1794323531
1660458502
1501783353
1713331527
1680618842
932496924
1594563541
1745786094
1713873721
1740576286
1556660238
1650814632
1736472629
1744186156
1735720514
1638549780
723904024
1022391438
1656801738
1686871837
1024261458
1657252501
1764276492
1661186009
1558699466
1705961719
1727408165
1750742966
1535047552
1690394696
1756489967
1639661548
1251546255
1704782082
1228430896
890022349
1720282755
1738321567
1692535047
1586685947
1601409931
1695460516
818658746
1116504403
1763996232
1381402972
1745428021
1747704444
1745160895
1711227156
945598528
1728594341
1732363036
1736149543
1645354526
1301551737
1760454338
1618310944
1682808736
1760694362
1319596727
1313894291
834768206
1584038894
1771737938
1334544661
855654571
1037630326
1692301897
1721787303
1498742884
1774948893
1573475080
1599665609
1129333738
1660130834
1749334848
1712339724
1695613930
1684434705
1779355937
1720799232
1670257724
1679988103
1675635224
1576410162
1701980603
1525529531
1618317950
1748497269
1700056792
1512520677
1644356208
1745327860
1630758215
1247398654
1561349866
992028138
1160090415
1695988643
1690764025
1687895454
1669292197
1758551485
1730440422
1353207741
1479895074
1738231279
1113481917
1741629124
1742724126
1549379309
1707216894
1743116379
1731515476
1724715396
1751059110
1749610684
1744913544
1728797271
1732491324
1686505854
1753799771
1504414422
1705408352
1785603023
1490072179
1296404304
1751524777
1731240022
1754024119
1337240913
1705517414
1667915381
1658529655
1663219937
1692694515
1698059860
1711905958
1683414315
1727229647
1668449622
1737669319
641981815
1483446066
1586499360
981816355
1736095171
965974814
1789983979
1562401286
1768345177
1700824347
1766142343
1709217973
876756634
911959053
1710645467
1006672525
1616584914
1669642440
1593973663
1746773821
1143659018
1747069934
1717835147
1269634415
1676407951
1305128498
1760574852
1702517419
1712682680
1756422735
1072891086
1669275198
1729724620
1555737072
1668087166
755722152
1584625913
1553691069
1617467540
1750750874
1315225621
1301066854
1666645950
1717018094
1660294118
1634162374
1762109949
1746001311
1757655430
1309141053
1710294277
1720563834
1713043477
1770129451
1551476592
1252240267
859945314
1187320302
1525590449
1604714157
1415923441
1693155704
1657639041
1723050652
1085885039
1739284550
1672143520
1712500288
1738235040
1610354082
1723510226
1579799856
1729262552
1641387868
1638866176
1095995560
1695471941
1210615299
1443029125
1104590337
1689197596
1040848123
1399002393
1562150389
1491486500
1454970470
1708369649
1326672422
1715000537
1762839586
1704065892
1740881669
1643493484
1748782242
1511443410
1063207918
1747358281
644302756
1452539672
1535015920
1250894187
1596313942
1471084100
1523102187
1696795952
1185378025
1575169076
1775061352
1745176817
1773880501
1243470244
1576200016
1697058559
1609306244
1746364168
1678917830
1708480722
841087422
1734382350
1721713873
1007288065
1642683188
1764941849
1694909846
1609566667
1717369738
1752576485
1341630879
1773099734
1720673583
1768182394
1673984296
1770538364
1391094966
1555256939
1673166416
1061183661
1275084907
1546238768
1684767550
1703466363
1653883377
895000918
1718477817
1693089567
1595650983
1764437497
1153883187
1711282375
1455008851
1277772395
1744282911
897143076
1756657741
1682366193
1678480956
1156346797
1128341035
1686319471
979728879
1017532593
1134525889
1655169360
1677105578
1474020548
1682255522
1705468246
1673615919
1559397775
1601879220
1323989984
1739594187
1725016420
1686970388
1540321986
1514581756
1580875018
1723427814
1728998942
1702080339
1470514042
1750245173
1518713493
1769234639
1695986965
1130798756
1553284618
1752744177
1539094899
1766495080
1757266459
819015308
1359350414
1744520130
1728891123
1572510548
1239361610
1774859420
1768791994
1763681535
1693888997
1160312531
1606332349
1623677879
1703837442
1341789621
1293387337
1677667703
1731072308
923394450
1525293556
1703225587
1717656005
1689039347
1456087630
1676285405
1532039762
1656058121
1758967036
1658528643
1501696680
1666605661
1205294840
1576198244
1787701243
815003344
1769925224
1144270761
1681810142
1759635942
1758304730
1516949654
1469702592
1577651673
1750463754
1624520761
1746604255
1676034514
1539107227
1782423243
818558494
1749605880
1287997463
1190707413
1713771482
1205185564
1506936552
1703422376
1550685295
1657684018
1689242356
1513181672
1696206340
1605023392
1299702074
1662480505
1400292540
1594921442
1748334548
1653185843
1754242363
1711903278
1604096818
1752638627
1696247165
1486876468
1701705430
1718199687
1128910725
1333215714
1507413203
1540311734
1555720800
1591667784
1633929589
1275560830
1512499168
1516939624
1468236167
950225187
1437702129
1412139112
1056094821
1685013543
1583585566
1778021501
1210124264
1539662150
1767607605
1731422466
1683115881
1729019877
1418003023
1573841749
1786674875
1753078495
1715574345
1717625911
1764778903
1704989149
910080215
982870298
1669903304
1705762527
1250893829
1725313124
1705206048
1774528584
900456093
975619264
1759193826
1748333056
1741205253
1441763591
1536263777
1719755949
1729678545
1434865696
1381878512
1737454044
1751914859
1512345598
1700921770
1595274484
1749886978
1563542672
1437738801
1258919552
1488109257
270442012
1749080834
1712446686
1548567522
1568549503
1681042212
1688083148
1521240440
1782464947
1593969349
1749582427
1179112715
1751433319
1306256603
1655324303
1587529620
1737695938
1720846642
1743947145
1601883118
1779414211
1662183648
1702754536
1496919946
506115999
1747077200
1687016752
1483080410
630504464
1758788087
894571960
1602676154
1381406934
1677695230
1552820501
1540562738
1725610438
1709371532
1469057319
1718808810
1767752299
1134859777
1735432314
1594716257
1712666623
1680618643
1282816707
1601284873
1457686227
1673721932
1685542777
1746846778
1219240047
1242844758
1659838339
1753486732
1766983116
664965668
1752270597
1657521814
1667117782
1532747238
1735248002
1686555374
1546528817
1758912074
1682888574
1611193258
1530964856
1522835079
1586066952
1340428862
1497633981
1637257734
1694321931
1359303969
1743088240
1736161856
1710188160
1656497368
1674318675
1735746076
1573466769
1755863521
1695619490
1383497315
1727246741
1770300536
1744992068
1779894829
1731754315
1682452754
1593970563
1726380740
1548540947
1775161638
1707458633
1624136513
1723825109
1532118710
1729300978
1639497721
1757753534
1274982326
1733156108
1726207039
1434092096
1639555492
1775499739
1737837154
1690833750
1778180331
1750676540
1757496681
1775843025
1744397342
1214532298
1269822938
1710294319
1701257082
1713339976
1696019271
1767501070
1425565162
1712320063
1658750615
1745122253
1719001053
1513657986
1656334689
1520958818
1747777427
1150403512
1683250969
1763056711
1655332329
831572429
1636159492
1739051445
1724640879
1571448899
1597188749
1746553249
713613429
828987113
1767102733
1638261204
1761810343
1036973373
1511198864
1626031639
1298660442
1464065043
1666282770
756803991
1739871846
1740431620
1793743845
1762239988
1725901254
1563910664
1757575532
1448019612
1768286486
1732327937
1572221533
1685367609
1691249408
1736889361
1021117008
1334926496
1381404386
772604045
1760791159
1627597518
1408183604
1776502551
1021380921
1590961482
1748288601
1247718270
1765324972
1464308799
1734999520
1723848274
1398438030
1776486341
1770558994
1713469026
1544995132
1260693397
1545784884
1701912042
1732105018
1693020048
262344372
1467094692
738226981
931310473
1204735483
1524308787
1764964223
1378963226
1716977377
1784500929
1666464482
1766991357
1150421282
1315800064
1061537502
1430998317
1471162717
1307187052
1342767359
1754672510
1377411510
1099547686
1756213714
1678058178
1281323043
1750953082
617397790
1762249683
1487260091
913476210
1689377041
1449000224
995282394
1792165651
1782694845
1466103615
1726539758
1425106610
1763273177
1733320553
1266098683
1226109500
1768547510
1665256806
1736579721
1730323037
1641134856
1310588052
1658549006
1312007730
1403779836
1739936146
1634801192
1657192858
1663220231
1720541331
1774532772
1764404954
1485531585
1759709090
1767533036
1523771083
1777430730
1767307197
1691753316
1438088224
1759297247
1746946612
1769149276
1701967910
1717779491
1205387558
1605826383
1684427111
1780014695
1643476650
1309468074
1032155765
1269264743
1741388379
1709381514
1733316788
1521981289
1690566292
1696996495
1705344722
1688241046
946083647
1598833354
914004342
1735063604
1683715257
1738510133
1165256400
1706163816
1637940359
1716941054
1768239002
1660120143
1752941004
1585422485
1502559390
1724040933
1741370369
1575561296
1763941459
1531244085
1669602718
1540095011
1340602404
1665903347
1779378735
1740250265
1604411027
1762193185
1757027759
1563461950
1747475692
1528292017
1736577447
1540031659
1784768897
1579578677
1771286604
1508150212
1597374285
1703169301
1519377849
1538262089
1715947906
1793599307
1045218634
1729862837
1044356575
1646709700
1680486611
1567038557
1667833324
1653095953
1717788325
1751468401
1734677771
1775585278
1594027149
1741775539
1562773602
1499823062
1264826291
1741427901
1781933915
1756447478
1049491158
1795820401
1047226550
1685629463
1246709493
1560304125
1736901808
1304185124
1587708043
1273705911
1531114949
1730690292
1757522746
1632868472
1692751666
1746193223
1728554489
778246781
873866911
1566712345
1676546897
1533368155
1202366705
1301058234
762526322
1773089934
1748604311
1605759855
1320370305
1761126785
1610354610
962615423
1721402806
1597747668
1688648288
1314329940
1460039571
1607376966
1742155142
1648524916
1644927540
1553090084
1671685969
1607775109
1729002932
1551451305
1682743794
1320113802
1197537397
1669672434
1773293215
1561908423
1338993265
1752307194
1742184163
1670565905
1665841356
791506247
1659815607
1678289717
1775609548
1656421435
1216184976
1768637113
1685588393
1727037132
1584100048
1742652973
1717776035
1467751668
1503510296
1457711301
1006187266
1199491102
1330239566
1725170734
833074271
1716977295
1636103885
1640931013
1580700660
1779720474
1437900553
1292587852
1520067716
1703021186
1348854211
1707848719
1703647319
1512278740
1748167719
1618102969
1223528479
1616832459
1635953428
1488367573
1523057072
276204832
1714797344
1754983895
1192788787
1740279269
1418129715
1720284311
1730177939
1739525232
1701188338
1692030627
1778584525
462487945
1793372837
1782966221
1677133108
1648261615
1626020582
1256959952
1354587729
1742333719
1694340179
1602871493
1537787270
1760479633
1672098169
1546262436
1756129243
1527099463
1769667181
1760406542
1095033464
1696106266
1652481615
1552035068
1685736176
1726799518
1556357895
469532158
1770497838
1632810254
1574850831
1683748545
1670974659
1700854897
1393182326
1512402958
1122749174
1385464623
1425552902
1656680270
1479010009
1752644993
1183490713
933739029
1776722425
1696205068
1519410187
1689539846
1700976234
1519748790
994620250
1461804842
1770436000
1763104558
556584792
1783869799
1771950880
1524907636
1004218869
1744659548
1671450483
1689893051
1422696043
881847788
1652783136
1039006104
1302223239
1793206421
1543626376
1544161760
1584689614
1206085769
1777362200
590447581
1683160434
1096764942
674348199
1759479590
1715727885
1515393639
1551302696
1737448112
1767141551
1713060320
1749626129
1663912993
1419526072
1729730652
1465413515
1765304429
792817865
1756426757
1253308648
1527804217
741489859
1736189877
1696639897
1586368909
1703428180
771922876
892309327
1562821679
1556523828
1536684164
1727273566
1787119475
1311431410
1585502114
1579764513
1751395660
1638488637
1769977342
1494449700
1427556552
1607062049
1704015674
1778635308
1790038311
1741077789
1752102251
1762275264
1735140591
1774645668
1726354780
1527156973
1710756244
1418480932
1731943902
1654790115
670596966
1080674700
1696337849
1603361696
1733195416
1744740539
1710418650
1567544808
1252181520
1781823919
1509412052
1728573616
1710379212
1635315580
1516171138
1561070847
1498049051
1693446580
1658854889
991251411
1406930721
1739030010
1756216154
1252308668
869520656
1241395866
1762467718
1738543784
1716414855
1455461167
1724099580
1301550505
1720223321
1542175662
1701585524
1734045739
258237159
1484512668
1737633629
1215042570
1713878801
1741075594
1448565942
1712314922
1780948998
1760777047
1505229702
1256966278
398241725
1517363049
1712637915
1659104434
1771326753
1660672638
1702097382
1524902766
1779958055
1273035022
1755077595
1760691252
1489096298
1672905565
1779660724
1237615994
1688471021
1560334318
1163652803
1711647285
1605832979
1578999197
1599536035
1734346778
1589775825
1431693065
1711782807
1723096060
1372378405
1641178742
1761110035
1792131951
1678564940
1241103297
1763729863
1658311665
1549134079
1753314982
1683034980
1373047551
1574246702
1729264458
1746709731
1574259730
1703426494
1693058661
1757723172
1705686075
931371222
1795442227
1607471945
1700499496
1003550930
1435945342
1626536033
1771800216
1755932859
1756855351
1712321239
1349890227
1533811385
1780144021
1646330280
1767140284
1710493732
1612369213
1245831398
1543509019
1156925662
1772375184
1464501607
1687936603
1273940656
1524809303
1768088895
1759508227
1776665982
1771970150
1691008088
1777814283
1721763438
1515567386
1764036921
1687559451
1728816120
1657383048
1632679350
924089647
1721542045
1745124367
1702435330
1518503799
1578427872
1695166682
1773201823
1754480195
1701065078
1681956206
1676471862
1701398509
1685932026
1595633469
1643968064
1781941644
1592902680
1780355695
1746180699
1539630324
1156476994
1668135328
1716723896
1743220528
1754806771
1683916064
1533554180
1668457284
1640548122
1714321032
1178906899
1777750602
1768780220
1759344716
1739940035
1632806312
962379488
1583782390
1680356529
1743916849
1700523271
1556491072
1703716861
1573605090
1617469792
941598923
1610344730
1572998909
1605441864
1693203668
1482056196
1560867687
1654619058
1503051246
1737382013
1318611403
1772307020
1282962511
1520095472
1739299500
1046496891
459831388
1284329555
910469246
1730180879
1736347748
1601108867
1729389495
1631563744
1387213804
1321203389
1761197303
1685457786
1645520571
1633209007
1696792706
1712315236
1094984982
1773081322
1728803153
1584536466
681439774
1522516125
1783819931
1652607975
1508369410
1569480623
1372511909
1762782017
1129142723
1511861315
1552053255
1674068721
1762515798
1535751216
1738557446
868646541
1735537478
1693577353
1534630377
1325547514
1207721394
1297453960
1769660260
1540762563
1707941661
1752332181
965533002
848593860
1272319616
1381306809
1761261095
1694433300
834260482
1312363881
1761724153
1772633520
1506904816
981689421
1674098524
1749246929
1790526493
1733440932
1771477065
1559261131
1771600260
1260104540
1681477424
1697461202
1749341623
1611848906
1397941094
1595712233
1682256127
589992755
1647565626
1449979703
1602888122
1444998916
1484511496
1571537970
987328204
1575812384
1746330600
1723228744
1734352762
1751063023
1662963390
1497154033
769873920
1771695171
1763283006
893652420
1575348253
1780540150
678325438
1517363131
1497176134
1211241369
1772264885
1202182594
617346642
669386712
1375171286
1699064099
1302908376
1713076537
1329378371
1642127209
1413706289
1517069078
1797321161
1753497487
1715822384
1213227819
1669474989
1376351248
937424557
1243197682
1633730416
1691575488
859379053
1381265002
1733827087
1658844772
1694554916
1478705084
1715574477
1687155397
692181979
1753680988
550987544
856592929
1778602004
1768889034
1730133275
1534918988
1745331484
1775259147
1669456445
1750580820
1618540579
1740295178
1727572523
1013523951
1597955592
1147114794
773590500
1573094110
770209073
1571192416
1770639491
1724326128
1483530471
519044461
1721237191
1734485345
1767071239
1758029750
1449399018
1449188577
632506837
1725844758
1748900122
1781948369
754642555
1473226674
1040121053
1703431401
1663031312
1750648535
1600260349
1752060464
1764486318
1520104754
1768812958
1765901834
1690011488
1637671495
885209109
1712847076
1639297928
1340991958
1722361166
1776273119
1777215398
1778451684
1687778528
1754240877
271460499
1388852615
1773088182
1718983287
1763602594
1720515017
969731407
640427563
1412674387
1737811909
1279355080
1757826072
1776588712
1653468507
1558353445
1702828420
1623969634
1680628560
1598328134
701682649
1078557674
1757092226
1715337687
1657066841
1417226591
662437369
1706216572
1683918900
1329204840
1734449656
1454819404
1715624864
1513880200
882185856
1529576873
1638718788
1610691933
641538073
1574536783
1248200237
1122747238
1768998714
1768251703
1775387230
1263407783
1633228991
1370941590
1747410857
1278846634
1760932636
1678886278
1084133401
1711599207
1758246041
1499241550
1755401667
1765407604
1746040742
1274116631
1627903633
1218851089
1769356985
1738377441
1244292506
1433569424
1684560503
1596922552
1523460132
1570687642
1707315815
1666603980
1624523347
1779553918
1776632277
1731208660
1732394923
1470621042
1736021318
1757846816
898908457
1028741329
1773895256
1523141820
1480575964
1745636193
1710175092
874112868
1760171555
1694916818
1227627330
1779814983
1759532545
1692611999
1707272861
1787032259
1751243365
1721609363
1671358228
1747778002
1662994517
1711680118
1686502196
1687264334
819155264
1720857408
1753796113
1316662147
1024109637
1720858487
804370564
1342614423
1183657019
1631247048
745085011
1534242415
702188684
1650806370
1387704593
1750184511
1744969144
1719095239
1779296827
1752441952
1624095391
1757610332
1463289967
1642707509
1567038634
1494701810
1499556435
1651296302
1653133147
1695961758
887617402
1693054982
1696800654
945164024
1712904203
1712482884
1529499856
1728248050
1756204669
1712557943
1783318112
1559563660
1185502540
1775221936
1719588910
1768617336
1676401103
1310922474
1703267203
1710718367
1759621477
1690766824
918483041
1742539797
1713101900
1441520840
1055493779
1566685992
1614579058
1724396030
1745947457
1685721292
1512694717
1270878015
1665868767
1591649322
1792605735
1734462331
1691142530
1702826610
1753612639
1792929365
1695816775
1784766509
1669579934
1696206402
1782464193
1648525167
1681655458
1739096885
398242229
1581809460
1600553378
1762550437
1756735337
1261223179
1771087554
1606707234
1680867585
1458293461
1373608857
1725249617
1762218008
1674678091
1676412586
1312196513
1471243486
1505226788
1309200671
1710028853
1180050921
1716363135
1664193051
1766668265
1764819457
1504400074
1610060542
542269735
1291028185
1404042030
1723711743
1217698347
1626897314
1749845505
1768073736
902517708
1291463584
1754199781
1751499134
1289772979
1576646979
1551620712
660863935
691065711
1711102127
1407651030
1730561357
1497770637
1552678423
1540665450
1488214711
1763683823
1751983588
1614847314
1681259247
1497333056
1039575773
1539330705
1681137863
1768885235
678508705
1601061188
1479809057
1333009250
1270630166
1692830962
1552240648
1772262549
1747832850
1086216440
1116156199
1386867947
1754870830
1697540856
1525885926
1771063509
1583224655
1590964965
1620669653
1305388492
1661132627
1744829097
1574558679
1709098485
1718657583
1779538525
1621433078
1645712942
1607459790
795711874
1744837789
1738640627
1591997461
1593114830
1413127098
1670254928
1694391530
1249926993
1728709032
855259778
1321015659
1747466104
1300464258
1759781137
1705520184
1343337266
1624226029
1780731271
1772221830
1754724830
1515257519
1613545074
1685535575
735250636
1769150598
611745181
1746047466
1763103470
1743888212
1791453483
1655287925
1712767982
1527317567
1782144033
1775007931
1281317525
1732406959
1785002341
1581531584
1753677351
1584881106
1775368971
1698817314
1523123299
1551377642
1702317872
1780657407
1690686256
1692365081
1792559537
1574161618
1564251087
1320956174
1575854363
1323575507
1749349896
1697500488
1504279895
1442056403
1740604478
1774015137
889003564
1694724628
1653541799
935647141
1610910544
1455684661
1682807164
929679549
1589465978
1753648176
1031718930
1718982879
1256258403
1773284049
1792944819
1743133052
1742053848
1464847632
1741262896
1741355859
1438835088
1644692808
1676917084
1713337224
1756228379
1761407483
1779458081
1684331468
1018268549
1648756448
1570907811
916990989
1648910312
1756982432
1366224914
1696425836
1431277648
1793857589
1749548941
1712024108
1546697056
1685772006
858127367
1669050144
1073661754
1757388594
1342909507
1673289109
1647055487
1774063850
1718250191
1664737413
1687040024
1747305544
1742903951
1248004663
1688901059
1723197530
1718526501
1788624697
1449088276
1679722609
1668264002
1519018157
1728902253
1140503970
966875549
1778122351
1457952725
1701089042
1244219744
1049880649
1737530826
1502984812
993012373
1529412199
1579561665
1771057143
1779069249
898833995
1772825223
1767858447
1753109281
1757670088
1789682839
1626922880
1778419837
1684867914
1727479945
1592176497
1521628171
1609128208
1752771258
1436410653
1621683283
1746135203
1757701557
1728169630
1773527696
652978196
1751073531
1780815502
1730175623
1391971717
1765303531
1680925658
1749426455
1702783961
1166633355
1586373603
1738344966
1743824261
1655512388
1203653801
1539649418
933328355
1760528839
1346455011
1546121184
1269749037
1718712756
1239305924
1493105184
1700809486
1626988434
1772217548
1665013452
1698720652
1593607223
710992735
1641789200
1681006841
1578935324
1097626946
1689213904
1598202641
1309519507
1770499903
1514011031
1139390723
1641005678
1743848762
1169749882
1752957098
1178291272
1279937476
574858992
1762025193
1485146588
1126348092
1764800794
851111548
1144707998
1114709334
1511962011
1781466709
1719562614
1767008597
1751883890
963844274
1771220133
1665985567
1463094542
1783447613
1751821018
1095959199
1287155669
1623065775
1692415732
1727220327
1724377057
607395740
1110691603
1725278778
1682800405
1555883714
1779132813
1580309349
1013122262
1722609702
1532928531
1660777609
1765629518
1382924817
1714041253
1785649305
1437882298
815664542
1678862275
1774904393
1563758790
1722486809
1659104707
1472984363
1498757250
1403570929
1693199865
1598500144
1569133759
1607198379
1652907263
1742855495
1755106460
1614817541
1699391090
1521690124
1743793600
1744407750
587040306
1703324602
1691870031
1666156792
1702151028
1218704376
1111341111
1726790477
1090554369
1522092754
1073722379
1177437104
1696202562
1186517684
1735279017
729761518
1773960822
1727976682
1738216332
1543418060
1765817092
1737086807
1499236578
1686334226
1718253502
1500634181
1695507548
1737633627
1772731314
1646685278
1747691244
1787288931
1661698892
811132382
1735735057
1668349874
1711051227
1296401482
932417048
1734715563
1530851896
1725947376
1679654111
720237019
1712978897
992117774
1762761767
1787743779
1540794158
1398634856
1711299597
1788146919
1669120748
1693831305
1577488629
1513796632
1720088418
1483297621
623608064
1756604211
870998776
1759131937
1194051250
1614003910
1238193458
1730223921
1783332244
1672958303
1653029821
1720825695
1741120896
1651873575
1645437530
1426663830
1744788116
1760273287
1754434945
1754241562
1344884231
976261901
1760309640
1747634339
1003158587
1570548165
1760397837
1320309746
1597844100
1698665317
1380122372
1716212830
1795194289
1696215322
1766499299
1747911086
1545541273
1701396896
1777474393
964644474
1763315584
1203955886
109651987
1721276003
844682615
910195088
1768992226
1293976782
1597326263
1266897693
1698003427
1763606753
1737498554
1690071954
1785283341
995255656
1691829847
1616242382
1680383191
1438338433
1540190678
1480313949
1177454286
857007969
1767558046
1599007410
1754734271
1301059146
1681810554
1633067537
1026719489
1660506780
1754627582
1753664529
950021879
1613844629
1786899349
1303205269
1666857596
1237381850
1149174402
1242578572
1685586001
1604728112
1441597785
1727011614
1213196173
1481499146
1744033990
1789712215
1777783697
1732420947
1239201413
1528255182
1571480661
919179696
1588293074
1371948122
1618264137
1766333160
1771969583
1611638211
1757964260
1625855479
1546933223
1340605880
1776128678
1711802407
1548624898
1591132426
1310354048
1549318293
1576834275
1695201574
233706807
1782335781
1735563292
1630783712
955211410
1766607347
1140280884
1025698904
1754652545
1159277551
1588428966
1767066262
1081727497
1680007516
1527418289
1405268663
1458387897
1744012112
1520959458
1671433336
636370936
1439917749
1746117955
1748108989
1622295375
1762341300
1736022581
1448564247
1604229339
850714058
1695165382
923611996
1401042106
1612510999
1268353264
1738238140
1631906964
1592838091
1513989233
1385625271
1076372695