1755731246
1762797453
1759200146
1735870219
1784076417
1771001690
1746470386
1778896559
1418593029
1732110081
1730629551
1647227364
1729791539
1736540917
1256739606
1717993322
1751714399
1519102383
1768806765
1594143886
1282120435
1060599127
917064182
773672888
1781275797
1567294670
1627680375
1468092123
1719046984
1637577419
1188906722
1762629742
1570675623
1766206321
1755098760
1718224096
1750095362
1738078211
1779358182
1288656902
1333605143
1604452829
1412987197
1719999513
1771838551
644140925
1776057702
1096344756
1669187245
1191191409
968193588
859489976
1736177680
1402302325
1777308329
1035965210
1744036673
887847229
1487297264
1744113292
1789197521
1656541208
1611858413
1745374514
1752157268
1295777072
1729157633
1717992744
1696528417
1790252901
1153513508
1755253119
1774687041
1541397780
1410102201
1588037386
1739539171
1469767074
1568357304
1421840626
992845349
1719970808
1263877298
1729250041
1776086264
1671158618
1189955105
1495463425
1788302399
1613655667
1719058698
1731172217
1736793090
1738882657
1704536336
1085260598
1555571157
1787886075
1702964731
1478588697
1788518501
1717609119
1793006911
1498313215
1376713264
1729417527
1766423375
1774998600
880770750
1061955296
1696967522
1780030309
1366765431
1742149721
1389038227
1730925283
1770834587
629980450
1520031025
1785264591
1754799902
1656435381
1688718668
1479176506
888003142
1144100246
1417130629
1113282115
1174248168
1349777555
1785115723
1738497696
1385703924
1776755820
1701802244
1757956505
1580554470
1349375327
1708290832
1713652156
1431846829
1790853999
1316811530
1795354311
1717349704
1716037066
1796657363
1341822913
1765932726
1068504322
1788351331
1354747639
1510209207
1749978611
1718052276
1074926989
1740757274
1716753629
1774612430
1288654828
1430286624
1764683631
1776258246
1738481774
1746902214
1717203744
1689862535
1717680712
1691953873
1617188670
1730538067
1423515429
1777313137
1723370205
953388442
1103016777
1777120211
1594350642
1023236947
1724103384
1479144891
1109425059
1734877410
1279438513
1697584863
1630393746
1764160258
817939569
1757537821
1750223304
1382731019
1715180802
1710874811
1190822738
1289770172
1574368125
1607946428
1627715325
1427642489
1782461154
1741025423
1735255511
1751462090
1709577306
1765436220
1729859639
1638777545
1715204560
1775818427
1747894218
1560703974
1696982818
1705193546
1734369046
1711278125
665204368
1397880888
1715477564
1198119108
1776306680
1762761047
1522527098
1776401740
950711872
1700671749
1792113589
654438106
1395491572
1234497266
1359277440
541085141
1659831206
519328589
1126241147
1752750227
1414156556
1679211187
1728905455
1646142252
1584257523
1474427650
1484337412
1581521537
1215485516
1740312601
1773106179
820454609
1507780735
1626765472
1606115204
1757379000
1715290016
857114859
1775196137
1576960826
1759637117
1516035067
1497196776
1158009907
1032377632
1604998099
778920339
1546063064
1472494344
1241055372
676052598
1714666592
1678490343
1728585098
1657756136
1447484642
1630494666
740653651
1012621552
1633235719
1720584736
1582532815
1734103970
1039932938
1766335811
1719994113
1751641969
1797221897
1748075286
1130336945
1744821823
1716051556
1584625648
1714754734
1312231170
1716134172
1307265273
1738583282
1702572230
1198118216
1737097164
773234396
1793340059
1115476918
1386750599
1003316803
1406753836
1238029016
1736018487
1712481284
873733787
286280821
1742957230
1767084809
1536664844
1721120056
1746395380
1781701761
1715176230
1172080959
1796367863
1759025969
1449520331
1446453133
1786360417
1737740941
1765207866
1720574584
1448034746
1716953154
1732318317
1781936215
1760156169
1781270378
774206618
1649556770
1796451791
706687860
882300466
1771443242
1515149141
1203905869
1743109749
1644709852
1748816133
1177270262
1762074301
1606864800
1261054094
1384930434
1714047832
1780943196
690487238
1739879360
1748448151
1153293974
1485707543
1750448779
1594157424
1712297004
1359918734
1078272547
1488099092
1600166157
1531539243
506550719
1588038764
1727106552
1484768199
1741661924
1285241572
1796751443
1777128909
1621318704
1782134077
1689831593
1663605524
1679454736
1211420111
1210952048
1504448574
1728917705
1726413117
1407710990
1718320008
1496069435
1772477284
1718393876
636432717
1757169022
1765478932
1755064094
1467117374
1753742413
1758166411
1718699037
1104221813
1171022124
1296848562
1264812254
1746749730
1726562268
1583554502
1014656640
1743128891
1263234629
1595158050
1599376654
1761213481
1782589794
1714445545
1728801639
1715366874
1568548890
1687527116
1774433698
1790626913
1618229851
1079985921
1196516057
1772430527
1717079135
1559719505
840249397
1341104819
1747021000
1774740593
1475424776
1716366944
1732180811
993130577
1454088795
1700738905
1494311039
1755578404
1734357524
477758662
1445429555
1465819721
1725661884
1798011429
1757438982
1739057283
1768263252
1539651572
1729029146
1659705031
1777541578
1730833785
1739147957
1078891472
1759781423
1202290466
1751423505
1722062586
1755235758
1324995873
1740336264
1661486897
1311763299
781734231
1680857813
1733545418
1549847305
1483510205
1171665321
1469955152
1796676477
1767110795
811270052