1542891179
1698990446
1640474624
1481066934
1128480192
1643178290
1308463872
800247336
1756027101
1414270230
1582134963
1682459836
1291475456
1461011507
1635664770
1705163101
1341869676
1504662622
1555314037
1654040289
1048073423
1655998385
1263952708
1263768131
200282723
1728193100
1623722523
1030675274
1559624175
1774818277
1617393917
1744339410
1590267279
1676394242
1638556297
1460153926
1580021351
1720587138
1531754399
1771538741
1748591631
1763729610
1425502179
900595687
537619377
1513456244
1726340539
1732247577
1558873390
1270557809
1787559773
1311111688
1718957882
1666211907
1485401698
1766744465
1777308329
1258059584
1777907112
1693759001
1532331158
1372093220
1702205756
1267557531
1434340857
1708079112
1023717134
1561333703
1598111565
1074291765
1586425007
1393748371
1544687752
1413776436
809930896
1732856823
1619380054
1391938968
175323628
1604738880
1424378146
1538940511
1675493093
1731844002
1526638547
1474057515
1569518755
1759347866
1663154987
1465241502
1596877214
1324171883
1450404146
1765130260
1447297700
1075221942
701458203
1508090841
1568550563
1654661511
1210506678
1213149050
1547937741
1414102373
767496356
1766073586
899129397
1180047922
1731995346
1439062211
1364050957
1037650987
1741392959
1618004009
1725269844
1595573294
1444013262
1384514041
1617865574
881152830
1451559008
1539269569
1726871298
1304199490
1749909785
1013412969
1336427996
1645623500
1487255896
1029941882
1495912809
1631530888
1774877057
1121616425
1664002540
1744808071
1468680717
1561577989
1732098625
1753549610
1104564542
1323607925
1788174603
1234639187
1232236281
1735000926
1778358285
1047605101
1528124569
1583549145
807925220
1477998376
1579555446
1441918754
537075414
1431436820
1721238050
1697005511
1507195718
1329582458
1561931717
1555048661
800871936
1708293178
1103040626
1660624389
1421420509
1777331037
1304650841
1141375508
1762728334
1715018798
112600566
1703449997
876451383
1171617496
1504716307
1753785997
1312619304
1656915229
1301808707
1693663930
1422762188
1279561917
1334342615
1637740878
1763219491
1596018731
1400233050
1466085046
1693699786
1716795465
1780803625
1104878767
990850045
1747095456
1430407659
1777001430
1267535255
1759288103
1601017239
1779232095
1574190753
1612979720
1035684640
1326255390
1662761970
1409841026
1513604179
1580380549
535526028
1537781279
1532898330
1430221182
1010902111
1746128142
1445740534
1755059680
1278927940
1538066072
1745748080
1601632705
1696184152
1512799919
1518528810
1460832887
1756147696
1346955522
1780791799
1204362121
1639114482
1210564125
1754094444
1516744916
1747861872
1627153635
1653911008
1283625348
1307106150
1520187670
1248787666
1649762837
1681955933
1523512284
988226099
250647411
1740686315
1608588867
1516745838
1670725096
1690953742
1779502393
783541010
970056131
1783257375
1766928106
1640165844
1758254272
1651955178
1382791104
1440531848
1450461903
1159027669
1673463321
1748147547
1261714862
1073939028
1602995324
1771787381
1741941463
1408344625
1247056437
1749810808
1670549306
1473303022
1513120079
1434640911
873430115
1652211068
1644848556
1789744999
1656262074
1796418827
1582695765
1748482602
1756500996
1770617115
1518527588
1507879601
683012066
1780314557
1624111966
1322065130
1399105048
1753694502
995914075
1726965247
1154330196
1123133239
1727894717
1509448300
1503142237
1712095997
1704828543
1617634845
567533806
1678173188
1530531304
1671271816
1617398093
1476075976
1521882927
809325165
1739939186
1760107000
1633358280
1549517825
1737690906
1684650107
1754353168
1705683937
1232086721
1548371532
1519248221
1735713442
1234446798
1351502063
1772425735
1486658864
1448374412
1428051927
1758956351
1762001269
1789883647
1165281340
898737043
687604896
1101251216
1292707645
1477042844
1709621347
1507850550
1087056583
1796479719
1477290128
1166782784
1519654979
1227616492
1630492444
1379758603
1083491738
1445574502
1693774277
1364656068
864724395
953127529
1744154754
1078607920
992609959
1344389172
1589231049
1521284367
1114334108
1146781884
1358366875
1179150496
1653936804
1774865108
1674837411
1269687457
1609800141
1112288254
1688698102
1682078117
1613590726
1571565663
1721216107
933163859
1126252441
1405226325
1765088755
1603120598
1180500930
1684885239
1351249084
1741800695
1472368412
1583268966
1622895253
1752302266
1669401709
1749656981
1556768281
1611271588
1465663045
1114817319
1540757022
1501841511
1571912651
1007010138
1415720276
1199410468
951551227
827109987
1739416645
1301394847
697341334
1477292216
1765537789
1165518527
1344214290
1414104424
1571332975
1355916067
1247868989
1588351550
1256399354
1204029593
1779383461
1470601411
1739458089
1633188474
1761204831
1791047129
1731393625
567533834
1512356617
1706780172
1710938836
858575748
1584683007
1712112517
1398668101
1712417598
1734620519
1736194329
255925047
1676826412
1644535526
1514410368
1358386453
1693704807
1166394515
1452195691
1461226347
1505304598
1734891362
1726479385
1744775198
1782003877
1737785614
1463827519
1742296828
1459771261
1633621212
1779635544
1462579211
1741288273
968838340
1796946221
1743701219
1395486174
1231250570
1550690958
874001421
1188981383
817432213
1577530956
1433321390
1794340911
1151931937
1671184132
1378355401
1063287679
1332274951
1329231611
1082683523
1465858876
1475521761
1072562671
1190937845
1791126033
1427448983
1603202968
1770293543
1664863439
1585282962
1787847761
1544652993
1676907554
1353788964
1268479332
1353944251
995847192
1379561631
1542207407
1236037741
1665979140
1126744065
1049250596
1236274335
1356493527
1548156980
1575251542
1095531009
1745899416
1164121573
1535996053
1081355784
599624745
1751851719
1413455244
1401250315
1559531940
778131165
1780368985
898752888
652048284
1433291481
1480266046
1709018616
1710593654
1545535826
1717773100
1587017485
1775971070
1709138408
1740230612
1761756178
1644169666
1502466502
1693473321
1542966617
1386452231
1629285367
1445375199
1743116141
1375578410
1776586327
1637061678
1459063091
1140814836
1757393160
1753980471
1776912117
767897222
885204782
1604902448
859182751
1720523657
1659849855
1730433566
1163182386
1449193238
1253449538
1209704467
1679891268
1536736897
1766906348
1669281841
1758691902
882215314
1649193392
598983696
1207036598
503755496
642123572
1449354026
1204694114
1180753013
1791182123
1548010105
1556023789
1151973898
1340750906
1736684972
1764704824
1521369675
1327499733
1742022628
1142028896
1393113146
1773336900
1544884115
962960555
1686989993
1651915107
1780649252
1239804269
1662737239
1153873516
1699523604
1758780941
789950963
975593343
1773273262
993013012
1515052144
913480690
1782490881
945133207
1798008799
1464542442
1035627644
1761390102
1555252360
1502295938
1403246546
1515753138
1691582685
1559457088
1718031034
901524938
1750453160
1567224752
1258148312
1583176173
1693151100
1424093831
1184336542
1524761293
1781863221
1295470664
1603006632
1762072451
1579213033
1438931982
1779467614
1665940427
1723487225
1760675073
999445782
1728460633
1701488947
122065683
1743537974
1374540669
1466181632
1645422472
1523627348
1444786664
1744624687
1744345770
1091236200
1215581948
1340034259
1589860685
1529987545
1662671961
1795006865
1348590281
1205388548
1792497433
1719874822
1078788143
1035059218
1699057484
1719912260
1418170032
1333426890
264957951
1180410657
1710111428
1660204808
1204936547
909717717
1218775903
1239187370
1158539094
1759398808
1763123839
1484125411
1745211741
1149636822
1440747511
965049782
1385434483
1550940422
782150701
1576711244
1673901334
1720121078
1751468890
1744166442
1729115267
1761672631
1105313476
1471176996
1187271631
1663005344
1771097385
1228983688
1698730544
1713898945
1644891662
1593458876
1782687875
1741299578
905351995
1345087948
1602910087
1427142977
1577839093
983806764
1515951172
1381948754
1080118039
1530886477
1524733132
1763237750
1736851508
1773210191
1773581181
1728235017
873257449
1614548200
1535297712
1550320419
1152503704
1586252505
1382019930
1785787969
1463740677
1756747498
1467114262
1683178868
1770978698
1102431799
1619047092
956265460
1731376663
1543572702
1687654989
1191773751
1783035535
1419851646
1603688685
942350647
12881514
1576208580
1692867271
1250083420
1639313970
1341715520
1648954865
1328517893
1237233259
1494992786
1473646622
1775898352
1608935663
1157787318
844960028
1220421322
1485395520
1666831211
1769647190
1514242238
740029746
1746579911
1724633978
1535001677
1196699257
1552277535
1750501156
1311863276
1161818631
1710143316
1466274982
1755202499
1458986628
1584098676
1640633924
1702941185
1178313011
1170276081
1335820864
1181163136
1730958085
1615248905
1732421566
1684829186
1775536312
1770412850
1454225761
715755289
1234313912
488858239
1055375654
1728115260
1536046568
1673913580
1277666244
1351163727
1068862541
1747191247
1573899013
1671919095
1559628079
1733902388
1029392185
1599900584
1753483199
919314714
706696203
1590985449
1681639367
1275257535
1496673277
1186712509
1398389688
1512456706
1346653872
865895505
926236881
1278869016
1367721388
1311751914
1528933483
1493871884
1754070849
1734105644
1761575813
1078264496
1783053065
1158657696
1497258105
1516657969
1286714373
1349032395
1780185453
955711891
1737275116
1069010706
1672891274
1286834568
1767751254
1413223158
1643387904
1762439285
1516542814
1729522217
1737424358
1053112334
1648368544
1304336507
1600657290
1452625649
1622426045
1597135290
1465082987
1730617586
1327538996
961343281
1693177800
1767524069
1439446359
1539344229
755565342
1786692791
583315945
1622767981
1666153135
1748449816
1454103672
1473467916
1474336165
1570608275
1671833070
1571969265
1208832635
1246033117
1246306186
1739546300
1298176864
1735387030
1790857779
1613893841
1681785846
1391874043
1693187837
1740644802
1715967153
1716277989
1587518953
1588556458
1102898114
1711992350
871160046
1709954313
1610122642
1694820190
1672406859
448840908
1538623133
1477802490
1766156888
1741993224
1489929997
1772184721
1795200389
1410336687
1754295239
981887485
1733727201
1762256449
1417516188
1745726262
1111618804
1778967776
1777029583
997791063
1076341149
1173569191
1719569017
1121955735
1762669757
1482788232
1522489872
1712807466
1581027448
1695384820
1725891329
1744364468
1780972975
1561892158
1495384183
1614669153
1110687761
1535750993
1602405591
1761170610
1761652626
1395503686
1764250375
1747266142
1747095627
1564466653
1604237469
1711748622
1790005033
1494054537
1058864618
1542322076
1169067709
1051291386
1518703926
1369885265
1230409366
1478192763
1645405583
835784643
1778130398
1739478966
1222866587
1322896243
1073314341
1729931037
1652228782
1749784441
1770016453
1472838723
1037422908
1678370592
1750444815
1752420556
1261615606
1722188080
1672582864
1614092280
1494410172
1705469664
1679210504
1571566992
1680332206
1230314939
253099121
1717458800
1208361763
1663941989
1576074052
756845316
1753522621
1760268060
1704652936
803101486
1452399008
1157435918
1739713544
1695827220
1674044247
1744190537
1749816768
1601057935
1069194244
1516596153
1779227222
1669193385
1280907278
1426356033
1771908385
1612779710
1325736360
1701146296
1747603024
1692101867
1744433736
1689078632
1713344742
1748307936
217171535
1539930606
1573493253
1716842654
1769010376
1625148825
1631193286
1129873991
1419171563
1776869739
1662859123
572191533
1448752666
1353560498
1560946380
1757347944
1266549114
1706657275
1661541857
902116394
1690060890
1350794316
1785264591
1498343276
841568623
1678069466
1341215046
1752970579
1742820298
1441470610
1216694040
1536795623
1304164671
1180809927
1439115579
1087917622
1163211976
1766504883
540921069
1678425445
1598688690
1700659144
1393078503
1773056182
1663934478
1773037452
1545490992
1079660445
1425240716
1291250501
1662605937
674489831
1677824068
1647529298
825895768
1717190575
1393335993
1649665637
1581874645
852925046
1653735099
706695395
1752825887
1595969626
1297271062
1674670740
1733923555
858160884
834064986
965245133
1651924667
1028360511
1769060070
1698843969
1489498233
1695297065
1574671151
1427239873
1744836508
1787989303
1491239051
1577641974
1292657591
1511105747
1585857283
1747760468
1793296769
1267167186
1437366903
1091309072
1754173883
1136352520
1773916882
1721628205
1719943085
1487177843
1741358818
1762779528
1533588423
987871524
1479464946
1075717620
1194024324
1284673090
1736228780
1269275554
1636807030
1753528040
1599785474
1620453585
1783267042
1700567489
1683896191
1688557912
1432805394
1773262707
1015537368
1746230634
1780126936
1494220464
1754911930
945199297
1345766717
1179383881
1778784824
261272464
748437012
1712850755
1428759205
1774168336
1685574636
1687571804
1460146552
1290575421
1778299191
1486269983
1427139903
1650642069
1616303144
1479687440
636233907
1742620033
1299429150
1449614302
1394180569
1768298305
1579659910
1712101595
1346853966
1415603502
1773548048
1721612242
1148391402
1649603980
1435432823
1767840652
1541064400
1166777113
1680462182
1748903163
1659198816
1618331887
1632310552
1469891379
1389738799
1715292044
660000150
1257766936
1132449220
1522984104
1083997666
1375215380
1182755037
1772340216
1187773951
1197359375
1467634125
1446654026
1503617291
855690374
1773715671
930579142
1721088242
1413138116
1770712174
1462846816
1734645349
1046856886
1448194112
1745799055
1108173137
1271146743
1041225685
1766148321
1781589559
970518503
1563338393
1572711400
1715416358
1680502060
1788487585
1679656218
1715431045
1578595527
1738764496
1788658017
1734008960
1736126322
1753318597
1527802292
1367955881
1057391629
1422459124
914937794
1723279739
1725117976
1694363097
1780929295
1682039855
1527665398
1518334378
1662369210
1783141557
910653811
1748088279
1717360835
1739275263
1757965259
1679646966
1723673496
1637488038
1018954292
1505751773
1215463528
1328586416
1428996709
543559398
1691151064
1745840561
1658048951
1484477328
1407562409
1369081458
1251400328
1699461892
1032950614
1222095995
1326601772
1473428932
1570683900
1753120816
1732570328
1641408448
1714891614
1739528570
706002529
1271658207
751381129
1558968136
1409397170
1487969786
1500097490
725307695
1789193455
785096173
1549616869
1762879796
1272798684
753633241
1447348830
1298518794
912910291
1652252573
1688343809
1278969140
1275540917
1770654096
1451635255
1462419849
1717794040
1766601186
1142111205
1589434427
1170857103
1724223716
1760029255
1568840436
1195010499
1170960393
916387932
695744585
1386674180
1424254027
1243166447
971049723
1726637832
1604243743
1719086045
692851658
1021792215
1530759893
968694456
1511786943
1754736064
1724743516
1748337345
1162627889
760756739
1256963029
1279290854
785478527
1497366500
951782496
1133001657
1778266663
1600966422
1748984446
1239913236
1398878433
504592391
1707992490
898008338
934117270
1694195622
1769566911
1704333815
1359379673
1306068423
1552266835
1091308865
1527998827
1687557926
1790553701
1701166560
1305189344
1584178235
1786750905
1776776597
1691165690
1441646298
1322389621
1776876468
1731665117
1659226135
1773838630
1587207371
1772691868
1243764312
1746367351
1739527234
1404216919
1412337820
1139901515
1790388935
1575752654
1185590196
1792036385
1534409463
1216118103
819560832
1726766846
1757513728
975564645
1585443618
937018388
1685229870
1515090974
1563401405
1717190571
1094458613
1778833877
1096142243
1669636513
1539944513
1250248374
1153531055
1411060876
1227207366
1631559248
1756328071
1460942586
1554291743
1740221886
1198816642
1415906699
1734539237
1435320580
1546156430
683964294
1386342622
1762242543
1745158466
1544699595
1220234300
1587592133
1392525448
1743580817
1774710349
1043014979
1590549519
1360915532
1726207539
1744782784
1786796387
1772857538
1410660505
1776039899
1095282417
1356292367
1792582147
1059458956
1146422002
1777139766
1497123489
1636937425
847985343
1565296272
1727583531
1748446747
1526501736
1452298148
1698396628
1719570906
1778831839
1737584489
1391406619
1570658541
1394165882
1618022765
1402919153
1708739549
895342023
1763680337
1742057878
1154022988
1745519416
1414793428
1553818185
1445174848
649078165
1174657223
959710622
1743186866
1579194813
667929238
874929907
1164356389
1634302485
1792896993
1550936946
1393342092
1763601246
1780432302
1301711233
474334836
1745386512
1537768600
1701234610
1536370111
1364907741
1719270595
1320932639
1610039499
1743404073
1229045101
1303458106
1274510356
1421143223
1126479418
1452130134
1580078725
860041183
1117439705
765047968
1396782431
504600525
1443285055
1422253934
1610744013
760493817
1757376136
1778767615
1348690681
1176958900
1471734583
1403674236
1081276874
1559919664
1458609238
1700043879
1680952028
579601829
1435958722
883488664
1317777333
1073144201
1477797978
1730160340
1621672462
1046212522
1551947679
1681622508
1704879393
1730112690
1194677617
1163471468
1121604301
1764699929
1101992367
1649937675
1761040183
1656592143
1772886115
1607353945
1687795748
1772693118
1632772531
1138725257
1441254714
1486792787
1187439829
1278891868
1769073504
1736349427
1776095606
1739899146
1743126214
1477966086
1170810355
1270510105
1757450052
1643758347
1690858128
1194071018
1740784803
1456331056
1676664703
1765593517
1062342932
1325541701
1343503556
1227340718
936493148
1367766318
1029301545
1694660292
1757944921
1623619136
1466898468
1591566292
1297400332
1770874650
1743185682
1048583469
1426832549
1440419346
1382005915
1413393661
1028137028
1771787158
1208186057
1729748575
1378062090
1421379866
1312297667
1774768276
1740733504
1271056645
1594733489
1471847281
1609272497
1235764992
1448198772
1736588417
1516707927
1728265015
1576505376
548810423
1733908611
1666238016
1728221182
524942154
1191996677
1767467722
1770757497
1384842505
1712598569
1455385434
1441242019
1524360033
1724064678
1720403204
1192059620
967725531
1372292409
1758746610
1772177264
1688275671
1689165647
1287296483
1218575648
1746330537
1209949873
1576781977
1551925444
948884439
862534856
1759554045
1047829440
1484923389
1690750240
1488913862
1750049371
1178074743
1756614449
1712994962
855457681
1759486456
1719263520
1078710777
1184892388
1563934598
1703468872
932218890
1565321207
1400506166
1035711786
627997756
1236263974
1038518374
1113142249
889307088
1635664642
776362272
1793403869
1709391495
1233719583
1689920515
1702545414
1752326885
1214329330
1526345070
1670634275
1399606232
1244355125
1701197648
489709522
1585716509
1641795879
1196295917
1523179446
1749716510
1455426494
1736429555
1314768060
744552200
1593699078
1209356262
1614669272
1141239950
1238914258
1057325233
1270066316
1334469794
1618128999
1783398519
1161202536
1756653006
1548871593
1251998079
1754428446
1292813166
1290176269
829176493
1790815599
852553462
1000732000
1617476401
1575877438
1646489729
1793527115
1518223211
1257109935
1589679605
1216277405
1758752038
1727810676
1422689063
1673669032
1051130496
1757156348
1440663093
1091597909
1726186127
1354912131
1529228224
1366154610
1733445802
1446541363
1727540499
1453032491
1445587620
1639062052
1555794419
1682045294