1542306552
1787292297
1400966681
1777086983
1789418919
1099546538
1343290546
1779601370
1425920043
1686607242
1766714903
1725872444
1735595272
1759557146
1648059584
1743876112
1511723046
1769155806
1368541936
1531842849
1471258785
1767106149
1660154269
1365739917
1690472250
1142829524
1216935235
1508660670
1667627342
1439471980
1773090870
1752620429
997553261
1482515018
1481938943
1780633444
1768233236
1511015385
1771517249
535676564
1710351280
1278370335
1714340973
1456519342
197349590
1744462104
197353678
1291787993
1768022436
1784429749
1494860984
1386242234
1758007473
1566513306
738137856
1088854794
1698770185
1683523756
1690138572
1208492630
659213982
591116745
1675236159
1734931287
1646714467
1757324794
1364176735
1791632047
702508401
1732427605
1468324996
1517050810
1210377025
1632294073
1775289037
1685977109
653155311
1395491572
1743590260
1751063901
1725533718
1294547963
1016604563
1380347988
1582366481
1777331060
1669962001
687001696
944366108
1742541220
1559774759
1727687936
732570469
1778645646
1762077108
1758132920
1723229261
1774439646
1755375391
1432044761
1747467782
927073155
1282375673
710584108
1556437331
1732034813
1742735172
1749687014
872022210
1791544863
1032897072
1730990013
1753551438
1433159446
1768875170
1711339617
1794840605
1736989722
1762211332
1743021099
1688037354
818613337
1743734768
1662226500
707526499
1532337172
970328293
1228504179
1752078366
1291786463
1716348799
1070183072
1777497346
1541278730
1636934604
1289603104
1517833170
1650930672
1778433076
1596041714
1662840491
1507799046
1242027252
1209976673
1729350938
1291327307
1293913288
1749679796
1738526386
1777085375
1311811911
1650960160
1471806837
1698833258
1755213079
1755913136
1769909986
1778278622
1212375716
1360135436
1307308781
835821620
687923564
1780823881
1792160089
707539643
1333121618
1534074441
1792092347
552308884
1642079424
1252431934
1696814101
1795282799
150438670
1497595725
1766363190
944167542
1607312387
1578904751
1710360564
1293744617
1392665969
902352837
1473271981
1464439996
1598586984
1703244732
1700168852
1365780936
728730773
1397023498
1138596329
1769626849
1493770906
1720079076
1783440749
1655186955
1771976174
1465707543
1525222466
1756091038
1525219534
1175252232
1274216419
1620676190
1026750875
1430025415
1425693669
1582847061
1639034295
1010600999
1785976827
895467776
1780899344
1464381010
857673140
1144336883
1755373251
1681808743
940622226
1755346789
844111656
1369816160
1498835261
1481543464
958098985
1771520025
1344985113
823341708
1706932019
1536210371
1013117805
1444320999
1744095324
1783013174
1739487667
1776406006
1032209030
1394589534
1758243263
1726934740
1542891179
1735710460
1764153861
1521353142
1357960318
1478634401
1583476525
1776877130
1789469263
1686167620
1101711062
1573982239
1047380534
1757322680
840435191
1502569407
1434988019
1788123307
1575378324
1601041229
1777052357
1205060703
1793165785
1720620993
1777565175
1717055744
1196049552
1727953109
1256702280
1441359616
1784087570
1775319724
1421823104
958175215
1718429950
1650984909
1535558071
1296292242
1488506051
1789784313
1048873874
1017058710
1328713160
1068583064
1694661872
1671919095
1466610369
1694441259
1330999538
1507435240
1211934197
1712112228
613938522
1539399123