1248632255
1273674674
856256670
1743105338
532550568
786295201
1658694575
538311084
861619519
1049836544
1665945556
237181018
1766333477
1461773731
834149447
1101657821
1510944194
1445303869
1520109127
1724923204
1751171456
1170152964
1115636524
1500490122
1640037331
1150718172
603264305
1731178723
1781191040
580637345
960165169
1077063748
1558550955
1679464089
1100021997
1766423326
1480238398
1742165849
1760981783
973020867
1772582809
1065938632
1712423451
1720533754
1731752602
853506011
1787331563
1536887042
1282468475
1265640724
947904843
1502481133
1391349836
1709954069
990388421
766657578
262373412
613620385
1349642268
1506990179
1261387005
1428413515
1236374640
865839866
1746055600
1333899509
1177445127
1317402152
1340749916
987470179
847699654
1290496605
1706293182
1540504595
1687344653
1494987419
1576577496
1539501469
987230083
1495573302
1257468978
53890802
1025814852
1754001455
1442073551
1325093111
1372382215
1791535937
1632345370
1234702787
737771135
1295905024
1556587689
723608761
186159370
1756250236
1109941006
639652271
837226561
998626899
886478394
1556424731
1589787385
853154140
1758834530
885834860
1508397730
958421323
1742098714
723421622
1263984144
1768468979
657359449
1191318769
633039324
1776754334
988360888
1578568979
1713312784
1175523731
1319229039
821280291
1236373122
1333545390
1776537215
1737968670
1485558790
1005875136
1423276119
1237062130
1499259944
1749711720
1126705034
1499265180
1092201543
1365556353
538581646
1180014462
1502624121
1283814475
1441445548
1525377367
1189542227
1436275091
1554008184
1267231865
1177400187
1760794732
1291747407
1760793376
1511494352
932855572
1499741209
1296422960
1280104430
1321880331
1728980108
1451398983
1721544196
1485685243
1590478806
1574524735
1504894757
1373366994
1465151319
1459937027
1480840630
947893641
1038533479
951827166
1704793940
1541589210
1772294625
1737952250
1179853559
1165594102
1540181536
1364779096
944906403
1070890666
747342746
627389874
1731858637
1760860057
1662249132
1747355670
550477506
1157404583
1545387794
1282515936
1059490239
1041880400
1578254375
1324678132
1719195181
1067936030
1775679870
1445509203
270381693
1738944957
1205405147
1214277183
1531685746
1604519283
1212984354
455720608
1515230555
871131230
1201718625
1234714445
775953771
1367029494
604032737
1256913749
1782854693
773548323
1754819028
1276995731
1158229849
1203742769
847540850
1442169479
1164674365
1507756650
1489988382
683000061
828785415
1701619334
1126562965
1239271843
814090363
639835584
1029276926
609736822
1750467157
1630414692
1031784857
1330844653
1116717005
1633054232
693753645
244758972
1027822959
875422844
776201106
998623715
1635936092
1718833412
1676325049
1747390762
1170633147
1705802209
1630554148
1765987100
1469409993
1780184325
1319352681
1694847773
1523810427
1737538343
1684866926
1398587090
1057224689
1768256983
1764350644
1481713062
155168163
883170577
845025393
1786028411
986552377
869757317
573135562
1687579365
1625862680
1365019167
1766724414
1070510818
1071795529
643540125
544507118
970171913
267899908
765414829
626914223
538146827
1713597073
578473500
1646744975
1766410639
1232265621
1442080105
1417400569
867066871
1745898565
648857612
1632611900
1720905911
1270806618
1421791348
1781297686
1569504319
1702884686
1695021266
1284078075
695941245
1672798582
1273700652
1579408245
1701983056
1774526485
1795416915
1324041422
1754541734
1489988982
1604380056
1613487341
1540798902
599181361
1655591167
1514704698
1684950413
1223898746
1107869233
1783088737
1743787409
265930375
1498945687
1398570002
1229307213
1478016911
958964824
673137824
1561479949
1255752475
1682303040
1724330652
1029235774
1105153525
1697382750
863052819
1239262879
756976016
1335211192
1275970865
1520363780
1272157303
631810257
744527111
1557010674
1305896509
1619798067
1700375267
1604258606
1171933388
1607660004
948861633
618396824
1649465275
1565039966
1782373923
1463938542
1753809912
1258881620
1061608049
1733166613
826617807
1396453450
1541250563
1057088734
1092200785
920335485
837069867
1442712315
838491286
1239594664
1722888585
214531973
1604533553
1185367569
1735581574
999843820
1729484218
1698377588
1777482064
702729244
977038762
1499844967
1763277554
582765732
1243092298
1614069260
615714801
1590341770
1741322696
1693645170
744534113
519313196
1474101978
1609971967
880487582
1713010083
502265600
1193035989
1485557938
1781912371
1480913431
1487253400
1406130490
552739905
1650189480
1760265644
1116120786
1761613907
1420393333
1298058764
1761942162
1746561484
1706691526
1508152566
1380069570
846861176
1523200277
1258563442
1371133309
1739056431
1499262666
1632414803
1266045066
1412409911
1511770876
1724104604
1765387639
1459451508
1278274250
524344064
1757558460
1743589456
1505070737
1026127366
1687302971
1027191081
1592737831
1495105851
726842287
853785712
600365752
735491039
820757302
1784687003
1761593983
874242530
918456534
837176798
1782296058
1607153611
1536403486
1045476605
1717004791
1305111381
126781697
970202654
944766043
1672996525
692691811
1746962557
1670781570
1187530854
926938069
1401101835
1517955946
1561847780
1493297958
1050122056
994828960
1348932793
1275621404
967276059
1176824816
868598849
1233552248
680293189
770774375
1322338519
899722177
1644419518
656740496
1315940400
1049148667
1197544144
1495370534
1778133801
1300701890
1728434625
1399015460
959348919
968500060
1202215926
1097329675
840374230
1108241012
620796705
1068774404
1689961907
1603119945
1669753170
268469626
1719391230
1563632465
1535661690
571916628
1710128767
1784280363
609903832
1062569324
986323706
1793879761
1307136812
1749387417
1047821977
1480231358
1531978923
1349818175
1657975152
1248815735
575813112
1534647703
1530816197
1712475469
1775144335
1707135330
754425684
1673563002
1030316081
1454848524
691106579
1277001995
1739685420
1701178666
1775686071
1780918153
1139299211
709754202
1593451110
1711182649
603210596
1703199518
1152206810
1392571335
1712751947
1726430169
1747421760
1691020132
1729929383
1446514291
36000264
1665441647
1362328304
1447982964
1777061599
1617825173
559464763
986637731
1293678332
1769526325
599460520
823299957
674075328
1519090293
1349776223
1640949400
1374417404
1748076000
1754824796
1330135227
1534998994
919316385
1505242784
1349816787
1389672303
1570126244
1557862278
1525438810
1408430588
785416054
1778042407
1787054567
1737324853
989474206
1780593917
1565168114
907779636
1349423605
1780279319
818657422
1313538511
1716258646
1732353723
945024934
690050165
1676448810
982470282
1423659316
79135199
1536264731
744547976
1614898739
1050053656
1759256753
1523547160
1532918660
1737623589
695623563
1255285171
1719268193
1572272095
1370402136
1230995556
54923849
1779694019
1489786967
1461811742
1776723466
1273696499
1724828989
1285029230
1250306997
1777127618
1773456689
1126916847
701280396
986010497
978389787
1394531972
1753564889
625490079
1267788759
1745604997
1784031877
1223528946
1254808552
1570606475
1514878164
1481657531
1028806151
666424909
1346033144
1278058556
1714494202
1728525052
1761450671
1737632955
832559529
1532117758
1452782199
1494698629
1408065744
1771445484
1409203778
1431815931
1762662780
1445502115
1576633480
1237974609
1655034460
1669800461
1149600539
1782285046
1421885135
1702894460
847783356
683050051
1470197315
1647934729
1774926096
1777309250
688635936
1741136355
1247245139
1273678189
616884767
1214399088
1201955763
1468165547
1660548734
1022678015
1440052841
1065808100
1766711590
967894988
1334782160
1757390012
1421826627
961311435
541211783
1714995902
1526157293
1784686199
1456364960
732846651
684396427
1107936591
1142798660
1352043727
1689017541
1596787116
1484232682
1503088426
683679349
798779866
1710901594
473239587
1509164822
1571539298
1535492606
739665906
553604043
1723444006
1181585395
758212294
825884301
1240077812
1655711550
1278577971
730487898
661273318
1024284113
669890150
1313194063
1291205764
952834646
1736001224
1737331395
1599730898
262171855
628423387
1627607405
675434207
1440834367
1794061735
1344317573
1455278854
1081801983
1737406857
1326974701
1689080050
1303099682
1224888060
1482871222
852943647
1156655353
1762896680
1341755131
1594889193
1794877703
709752814
1216042618
1665395728
1751042584
1333302953
863366091
1276865547
1159503227
486144516
1613636661
1504885446
1436526484
1353766577
1677429312
1737334911
662110349
1734270357
1525131153
1523686707
684284506
1276334316
1693067981
1074628810
1774666172
1168160610
236596450
646862941
677268127
1144604905
1172346350
1758250627
1213630879
1628409416
922884296
500125792
1329139826
1712359281
1793464577
1305233647
1772834180
1485390659
1143228961
820452042
1744586979
1731893516
837514411
1676422717
1347827320
739191795
243220823
1571817321
1020157485
1234237803
1626228822
671305300
1495655929
1770096612
1435350183
736746470
1781765682
1644590792
917359422
195266501
1718864496
730399054
838665656
1244415369
1221565795
587161415
1773787103
1621188944
1755153465
1399033330
1089097328
1761781332
1718482460
1377851813
1768958560
730406304
1266696667
1256472157
765035177
1139672618
1731668480
1766681782
1632718638
1769444572
740571190
1780109999
1626511702
1059962907
771036004
1554375057
819779413
1521182537
1413242716
1732533680
741250194
890570892
1719328379
768735745
1536525516
1261066565
1456272308
808228259
1692027244
619783272
1026623255
1740112210
836172355
1733451096
1612725848
1740558577
1708563862
1771067086
1220449446
1576948249
1780252035
801678975
1561334207
898243430
386380922
1516302055
881855690
1682926145
1502994802
1481055966
1707990025
698749817
1551171203
606552333
649159781
1470059954
730468800
1198028952
708152402
556954129
1090244629
756865025
1750984845
1657633160
1719576985
1680889419
960263001
646250943
638830761
1043735317
1769526489
1262983632
1072376385
1705551152
797963558
1735421930
1740946414
1455696568
848880217
1591536467
1700691581
1690435859
852080099
1352049775
1405577596
1721364446
1723605152
1713764510
767369955
1782591505
1352525079
1082791965
1042287425
553540726
288807395
1219150831
1613172063
1289014944
876298490
668944783
1663738879
1352708924
1075474996
1764983641
746057321
1679396753
1407599592
1090240693
457386782
1709072330
1413245734
1266527004
1276255321
1522993488
1790574157
899956682
1783635184
746074959
1702805548
1061370819
1512167894
835960879
869159473
859544653
1394410527
1718502328
1718837418
1499745719
1007737071
1184200324
627158827
899477855
1599520982
744264479
1745507799
753811039
990702516
1782669640
1667213790
1006258967
1712044504
272693232
903938832
945429681
1222669094
1758652754
1764904419
1769373570
1623126516
1563642624
1686538737
1231342567
1758193024
1220830764
800234032
1729480186
1745899767
1530789110
1590651212
1724749019
1177671560
1077863834
1669050940
982778675
1782506315
1783639372
1076304240
1771786109
612633858
1746669927
1685308217
1782959859
1660057814
1454065255
1415305437
746053417
892612873
1040151131
970355952
963015901
1140059044
876353273
718214912
1589956613
1604522121
1394181385
1274106185
1410789427
1635364821
1598524020
650613749
753116109
1176206543
1523543108
1697888149
944910075
1199361984
1729216256
728062016
1267229885
1738294195
1293458154
1796646997
1389056469
732824848
1274906358
1672456705
1690645327
752712134
1508483050
1763270379
780363473
858151403
1324674612
1597413143
1534709434
587628047
1468310575
1383293860
1783819630
1494253620
1497113065
1132955166
1771237513
1649903470
1751784757
1635365737
1203377778
1721256300
1339443635
619286972
1622741477
1183673229
1095861011
1292925852
1135293863
1481441442
1757392650
1311074915
1104395470
1201025287
1787166227
1515649685
1175289027
1619132843
1710980910
1494079761
1586928426
729599097
750139744
883003041
1503423597
1687222504
596079205
1701984636
1665759695
889387035
1296885540
1531858202
270462360
1437627378
1488365236
1432732039
1616212563
1126126425
928005988
668948891
1651536968
757526438
1352048931
1416402042
966971158
781769682
1679304217
1504851142
155544242
740950084
626648582
1753841637
1164404708
1422413665
749594073
1453092595
808363407
1017567176
764599006
771035958
1208220684
1403017021
1420642002
1499239372
1045908833
868112164
1666496692
1793207675
1185359582
1508432591
1779274469
1682636548
1754862541
690747431
840990167
1669888372
599854024
1662607805
1002348783
1741243094
1755142893
1780111271
1600061152
692691181
1266699547
1252712204
1724780406
1674836330
887694733
1634382358
722011203
1352046657
1729160068
694101094
1436044367
1029648691
1291398830
1367710585
1789642133
1654407296
1527072384
1743417901
1498073985
1438573248
1709078730
1576261396
912017785
1578138703
1782837231
1739404225
1755331224
720865988
1744842469
634181174
997097677
1368328482
1596316126
888719039
1515121047
1535520209
1698918384
1167445741
1393171225
1774793468
1763593865
1782202122
219613827
746330450
1782242348
1512000593
1755380676
1666823994
1781861684
1413237540
944699935
1094190021
1317847806
1776779065
1754438917
1331804244
164967769
1742301470
1194656521
824326521
1065038204
1776313929
1685363395
1043737631
1579732719
1512939436
1408601938
722008921
1509250500
1396647266
1644539480
561409158
1769707540
1538602081
1678883660
1505264152
1780858843
1065037014
1298597026
1389019337
1740698482
974168280
1186884341
1762400105
1744461526
1003323997
1050204482
1771207219
1670768884
1611576852
1504413896
1755132517
1434223878
1715308086
1301414193
1026645327
1292804195
1772701509
1067400954
1406316937
964189480
1718826887
1076310674
555352372
1742480680
1784052348
1794437867
1522899069
1475483639
1779843646
1723179516
653811269
654534012
1577437501
1058414468
1172157771
1549440964
1503132795
1615520753
1746439418
243578798
1223163800
1183672243
916344848
1255675255
1774702083
1731776554
1691844537
1787113647
898230366
1394594943
1380926044
1224474151
708150660
849852896
1683663070
1038903767
128523910
1786924677
469771245
850998011
1768103394
1646245821
1090247249
961080198
1701616079
1543221234
1197551188
1732957006
1768042616
1524477137
730404348
1700503570
1539197914
778457738
753555009
1519168825
1187044893
1412630638
1048810172
1683067133
1746654983
1371125438
1729231336
755646891
1780676006
1627951166
1637691768
678835166
1231449359
1090240057
866717428
929957234
1526845638
845275397
1218688814
1311722716
1249791980
1719189928
1331698253
1432167036
1490280557
1671756440
907486594
1335923421
1235715679
1536063266
1683853820
1577746116
958768750
1756779073
1733643911
1733761367
1625872346
822743481
1685089924
1357690667
1250703289
1463198695
1526868188
1461979290
1088663815
1744029581
1753679664
978266853
1649390578
1715728312
1021805970
1226489482
1471825530
1662804930
1169406371
1350410437
1545525152
1284151769
728062976
1667298752
947390637
1278329457
1769007272
721415349
1186999258
885915661
1148953642
1202482899
598778840
1691572062
589884434
1317720818
1353344565
1051463419
1177025289
1698207554
708379437
929695435
1507157046
1331374768
607575321
1578558638
1545153201
908083364
1291939003
616125177
1723908764
1767625254
1581156654
1631251597
1598550647
1572830923
1694550877
1154208113
1315761198
1695548102
1744868984
862340593
1766967338
1621190242
1389755937
1350902264
1147353052
1745116029
1781767946
1452510199
1782629396
1109092604
781367581
1516378428
1794750165
1238873646
1064010606
752770664
987737468
1715765826
1749514669
525834867
1779235015
227717825
1772572077
1751246218
838161830
653269642
1649050535
1619128001
1725003609
1103784513
1241699346
1499744667
1016682748
1508213008
472025936
670400714
1696014019
1729532076
559757619
708198374
1405492587
1024472767
1219982398
1448419507
1257957130
1212592324
693392730
1668237603
877553319
1665436115
1482311717
653516993