1315618647
1724206464
1720972108
1650949737
1533279677
1741291319
1588523468
1010703286
1320997605
1783700649
1748818096
1565658180
1414679673
1331695485
1400456920
1691135765
1731197530
1757028844
1683196651
1136858509
1507526330
1500093847
1642425092
1711937910
961929095
1052085844
1043229566
1290788820
1623443045
202257954
1652700485
860592643
988468388
1565956838
1594983267
1282232775
1594564794
1382512703
989314594
1140571745
1484177249
1585815493
1724741578
1710238793
675935715
227986998
1750730789
1694195793
580973998
1136534580
888707750
1429186780
1759230965
1650676531
1549439477
1418936611
1057559196
1758226998
1291989959
1557889756
1664009819
1677059903
1330650272
1725319528
1629938167
1668904502
1768499782
1751770818
1724291420
1532701878
1201393090
1123482607
1598925465
1720591796
1475965666
1520549916
895455932
1787775787
796826939
1062449317
1683339348
1495030829
861239809
1405281918
1566159409
927015966
1314967000
1724289230
1729576702
1519094664
1679912592
1108368232
1226962907
1680937647
1735115962
1439391046
751337734
768996379
1183075341
1656950854
1314119232
841785266
1695572860
1462663447
572843744
1262471242
1340384448
1306918688
839906987
946897876
1251197575
1509276667
1471113185
1662879043
1753463544
1754041634
1504188175
1165993216
1073960379
957594595
1772783305
1474057066
1120927657
1322441465
756834231
1689565045
1595222227
876437280
1775967299
1738911141
1392349111
1731100461
1385563961
1557235799
1519028663
1310713053
1194208552
1738473727
1574446933
1510781461
982429122
1446237541
1221527936
1420622955
1747455421
1089291997
1222517501
1731219395
1764057450
998657221
1343427003
691182630
1741072875
768613129
1683535073
833756131
1760124721
1567945092
1364973896
1552594992
1291318911
1662873530
1507015555
1073505676
1689686955
1313785754
1675048217
501686960
1738470545
1718872413
1704578274
1429069971
1719123909
1770622653
1435643753
1739761143
1000525339
1170695162
546425550
1668700540
1593523213
902578916
1772204130
1673213926
824439175
1736173508
1699007718
778462861
1647357617
1076476944
1183072625
1624038667
1632408799
1745840470
1619583693
1742323081
1289059951
1095814503
957541989
1409076438
1273898312
1180677001
1614095423
1581918693
1502056310
1776970193
1158133013
1658343278
1777710949
1223838962
1736069676
692273635
1094498427
1236567370
1727648559
1079183746
1708148191
1293007854
1738952611
1351093527
943305656
1325365680
1105658663
1657025564
1677334043
1555005294
1658071906
1724619550
1766584443
1467452435
1044105680
1370976370
1493619813
1511933248
1449494119
1412845463
1537400567
578844642
1738909741
1708174391
1702677899
1342045871
1404774972
1683980346
1703814989
1699402986
1478940149
1678886171
1287644053
1724743686
1755937297
1419631589
1557399528
251594632
1530826961
1328275193
1371701257
804826436
1111191305
1698057777
1703328519
1660147522
1063153548
1077313822
1452589505
1398206881
1644830392
233004666
1379963351
1495069852
1357466075
1447759701
1283803109
1245313724
858324944
1509923295
1694810811
1430840210
1233780845
1256442393
1316870743
1696247142
555330815
1499177326
1365001083
1741400858
1371576580
1184275131
1371555318
1771633372
1505901987
1548923219
1005916538
1311047624
1738479417
239913686
1787107633
804150654
1585454677
1259315573
776749048
893209032
1280722669
1043323616
828659533
1572198956
914735539
866741250
865630977
831104702
1328411134
1743934149
1747950264
1774549243
1765117668
1183464393
1400379058
1276543170
1563088734
840817730
962959584
995987961
1661505183
1507855355
1549400263
1769986492
1681956491
559785692
1761121366
1140307851
1090686598
1729424994
1520292036
1471071214
1083609812
1747413184
1558650768
1551248848
1615761486
645749528
1370976624
1673753801
1220953998
1285816011
1598655387
1561686179
1741077113
845288790
1649991950
1289871813
1570192529
1187162524
1703849509
1689438665
1739909695
1588521256
1455012829
1646876414
1686929458
1237266720
160702758
1728939249
1033501644
1174618468
1733245499
1317117735
1213542355
565722909
671433080
1447819549
1624368076
1733891310
91313043
1448509893
1551204059
1588473064
1789447957
1256513869
982730030
1131314662
861107177
1791229797
1566712512
1045083011
1265894474
1313102499
1650129571
1484138141
1238611418
1476200296
1528292301
1741619337
1697720361
695811818
1546699725
1319159166
483307836
1170415135
1749188943
1667764394
1223318846
1685744906
973170312
1792674831
753993603
1056190723
1747336268
1200195677
1362407627
1184820351
1686084811
870536390
1532700136
1262235128
1401743732
1738471537
1532694220
1184122095
503668201
1734792745
1382059718
1599998889
1545706683
1197688946
1755166150
1280667721
1630898224
657313643
1040380944
1682479662
1212876888
967881897
606658842
1727526087
1125344529
1293330376
816080826
1424693456
1480838140
1297320567
1140208638
1408365286
1747903889
1240063868
1457794474
1325084573
1463609045
1763875330
1598765177
1747138541
1671845175
1114247790
1019353807
1603630284
1732301057
1738930223
1128802774
1764936721
1522764357
1482928524
1251662249
672651057
839675040
1410081174
1731251792
1756521513
1528897476
782953744
1322241521
1297653049
1051784377
1741074565
515942998
1574955871
1272840063
1759420459
1682358362
1718915095
1566451667
1779116670
588561795
915605933
770686008
1535863527
1451867533
1357711136
747253693
1077246463
1371115774
1705424217
1185585430
825622134
1540434652
1296120766
1552627600
928323516
1676290265
1056390468
915825941
1505638145
1052463205
1602707898
1277767690
689420708
1753741749
776547425
118002622
1359841157
1703205253
650039390
1219696307
1041481897
1601789366
1207238025
1648194141
1094867345
1038800099
1495343436
1760195935
1783153533
1714366592
1561219609
949968668
1686542082
514816132
1778573292
1718817996
1597561681
1641851620
1269602506
1581033786
1614317089
1285927925
1667484548
977233849
1684880485
696970808
1552811936
721373095
690875124
1731362746
67649622
1772861999
1580532861
991243571
1534769408
1229577634
1495042559
1240964337
1673044914
1730241961
1747048352
1268779838
1039981935
1706307955
1170780760
962570626
1407869382
1337113928
1623440905
1055496546
703480445
1662301781
1273779251
1713460574
1376574600
1735854974
219835599
150766259
1306919370
689061263
1564806637
1645912633
1410251085
1514926873
1785592583
1086990909
1530532023
1616318395
673264497
1328146196
1499510778
1569315074
872484096
1109863407
1232771565
1305021994
1178711637
1613494100
1022501647
1550397512
1756287373
1576106533
1425325789
1376581976
743576907
1485285108
1676391116
1725768144
1516751127
1569228449
1678184858
1134366997
1382030093
782667464
1100091522
1732923987
721083207
124547874
1308484444
1204714046
1769919490
1039592825
292882489
1640180351
1477734402
1741080779
1670066516
855549311
1144306275
1071516419
1278219936
1753162323
1737416875
1666027909
970819162
1095969921
1458936551
1236568296
1683594238
1473816846
1334531177
1262668716
1638067960
1303205928
1564548813
1659006201
1397201215
1029720286
1644022638
1081749646
1713814914
1041270019
1504160703
1718940186
1187234955
1432804269
1229462649
1717020651
1639454687
1490388257
1291391342
1621999090
1140586771
1562770638
969433099
812772358
1561058308
1522709364
1774691504
1724255406
1718134453
1299456417
1762872523
1057165315
1732170504
1318949933
1311285461
1460012829
1299089587
1717187958
1557707166
1557216893
1180060739
1731105159
680247558
1718815598
1361201921
1774617350
1266405708
1783220301
1221621811
1147220786
1745617357
1494791413
1681981497
1441566187
883332682
1704211085
1306990445
1533225053
1606477631
1649259774
1752537080
769235028
1461855122
1702831206
1701220876
1532776935
15288177
693408416
1167666724
1211267854
1679870497
1030864567
1685432873
1609598784
1554023817
1553780906
1541305749
557020671
1706569038
1471977517
1306064625
1677763993
1528970866
1476748392
1371057928