1674634009
1205894724
1618846387
1522737587
1770430747
1646856226
1736148499
1053458785
1692384294
1701823235
1641757835
791720243
1669923141
1561789973
1629477953
458054856
1679718772
1608605517
1618131431
1761799614
1626889684
1325516654
1639615288
1653880086
1395761950
1379676783
1365331144
1266525111
1608379262
1745520064
1253306422
1242665772
1018936455
1314468863
1408464305
1721074285
1711845992
1330990705
1717607514
1539376261
1211262310
1553363135
1746704421
1506728773
1287450676
832452792
781678758
1226052604
954173404
1593488118
1564625485
1610104367
1381558587
1384462272
1623557367
1683703129
1512219752
1776709887
1528599220
1568256175
1676175492
1700724950
1703127804
1703873424
1687759026
1665624525
1230567684
1418393067
1097254389
1166937089
1562670669
1527275348
1750417046
982483522
1535381675
1469185400
562939360
1688947395
945284186
1271857009
1605944532
1750847539
1067858075
1512355954
934308688
1082316975
1076010307
879910717
941579931
1743581427
1382452735
1598674989
1576078435
1773946343
1782939109
976247731
1635510336
265780384
1312307496
1723747380
690604952
1721250524
843574262
1433852504
1579188559
1709727812
1431016950
943421454
1445194224
1711807076
1208050117
1557099479
1128319071
1089614752
1756878969
1712929641
1392090924
738865848
1032753026
1601046275
961119286
953419764
1095011617
1700638097
1556085724
1578853350
1764752103
1001257103
1692098668
1272094060
1608154326
271459578
937452565
1002602978
1680782480
1707418649
1320020342
1261516426
614472505
1593891155
1079589830
1708056229
1540119376
1004960318
1240544301
1660553064
812135483
1595181728
1666385481
1484157459
1767691886
1723841006
1120161050
1707532150
1261418222
234439473
1565678913
1140703119
1650617074
1695327974
1615567793
1779286780
1407751967
925128405
513303435
1771664519
1665475493
1716338226
1779445673
1308449673
1718956539
1515917569
604915075
1128737749
1604395304
1589831086
1433428375
1682838948
1709699914
1731845579
544658212
1748252678
1148530210
892353260
1199743609
1612147769
398814241
1663885248
1746120922
151946165
1718400304
1463123286
1556926276
1587520767
1097253113
1732536489
1029243733
1709005364
1730828260
1753650174
1714701623
1649085978
1560188181
1025133809
840883217
1227779582
1609297513
1426508445
1706135181
499817624
1445247037
1606368527
753573328
1467736107
1705123274
508002226
1278666089
1717677859
962489511
1378999426
1480667147
766046728
1771452517
680826900
1591309640
1761108221
1292738269
1664219428
1504285032
735559121
1753873102
1500268840
1425633543
1721949918
1660053692
1334304300
1747960394
760294767
1703869190
1618152331
1666482636
1665101324
1533630666
1429407418
1628051226
1768887791
1777131667
1294691733
1730014831
1359624762
1746930708
1632146911
1409717758
1569353205
1728908978
1070124866
903145172
1723520747
1754310437
1410509775
761803616
1633719591
1546367971
1626700295
1292083110
765269298
1554825417
1654162271
725174604
1595424186
1573176642
1762146331
1443350387
1679904150
1747075561
1302488764
1624795377
1620136992
1665044676
1086049776
1268386350
1238871353
1645311246
1727121642
706387286
1672194630
1304524975
1774337685
1372140996
1759495676
824496885
1529770511
1287670193
1659486475
1746909506
1483617122
1352025393
707794106
1659857402
1577627875
1112657979
1191853526
1679222842
1662605264
881727057
1722021865
563475915
1572539210
1761143144
1093335077
1764155824
974945057
1782070678
1628118680
1274434009
1462500592
1595329998
897722137
1348470730
741157319
710887868
1299724935
1674079401
1363376193
1669224530
1749102832
914121525
1660455322
1564071069
1748189846
86395533
1660889901
931915491
1675788282
1505097054
1574496995
1198488805
1272497696
1308412334
1686618034
1408399778
1606424451
816783627
1728698270
1774423452
967074467
1536024170
1555068475
595046877
741637867
748288805
1269717195
1770249420
1295950429
1753544506
1006785430
745748588
204259011
1488511061
684047028
1114904944
580527395
1689084607
513301743
1435108111
1536797995
1710177418
852873997
1423728418
1443139691
1636042648
1104753056
1431237881
47976142
1197740367
820923343
1776739834
730689194
1615116893
807123367
1430296101
1736592374
1662606730
1549481645
1186187663
1321243677
1066825261
1436610182
1086089088
1456001793
1500455650
1495232348
1035095171
1526553567
1338518631
752865024
756954158
1434801465
1557669113
1444723997
1720011880
1454560385
197530650
262354048
499818852
1261680958
1538798674
1532546771
1262172610
1731248209
1442078580
289995545
1522138734
959527288
1185501862
1770901668
888753584
1723871424
1734757403
1132749366
1735861770
1011157621
1363232612
1729817479
1271767851
1683093452
932842625
803852327
1795653061
1658063527
969523206
1279010892
1731793929
683767289
1096777921
1788928301
1595509402
1265956738
1604534973
1565596940
886865520
788780184
1561901729
1657197809
1767193242
1720299312
805633054
1779692465
1585794102
522362817
1468440184
608108168
1018878929
1769837538
1775377378
1378483323
1600917019
1704221670
1646156079
1662294118
648152140
511772968
1132327853
1585462668
1658985249
1499666202
1669440638
1698399171
1598298990
1721342409
1774607208
1073625162
1438477480
1462948646
817371857
1437841399
1494380656
1263804202
1436063756
1763326870
1359860073
1281944121
1741275988
1768076477
1656874773
1749133276
1288222688
779977323
1392314272
1274876535
1537228611
1659009071
1694087043
1529682053
940450605
74145790
579749098
1450867243
1271790088
1593028007
850778935
1575861870
1439314389
1347242830
1774103456
1506256907
1740156651
1686697036
778919572
1508788615
782027181
1537026133
1690588287
1747584913
1750912807
1724497429
1464214718
938199310
1777468389
1489160958
1749671932
1684906160
1572812882
1261805176
1743708501
1586861494
1760683163
1365606148
1058124792
1777773713
1542641821
1313658852
1732334085
1272472690
1734343378
151922953
1387204001
1208696150
1519789327
1691879354
499814804
1436416518
1658094581
1754774282
1759221560
692477433
1690874717
1265400150
1177578094
1683895565
1191758173
1639952588
807059059
1397694501
1738099314
1793318327
1483029686
278449910
1238569123
1357757420
1632167167
1787317647
1582662681
1744539786
1593755514
1772999183
1379099649
1595507572
1672454705
1384823765
604207535
1412892551
1441271288
1713630576
942235653
1746612738
1045354211
1206435997
1568138892
529570171
686615243
1646612426
1534207973
1764819008
1720178416
1770236470
1766277700
1310562289
1571895052
1268894382
1112263623
782134445
1731919326
1605702330
625400086
1142922726
1798148143
1718538561
1672921219
1556196477
783547837
1690508519
1720634143
1655011842
1335204304
1395772421
1542878077
1710485223
1727351076
598781758
1390752000
1539275659
1186112140
1556736360
1196415178
1396320489
1426858744
210832685
1528856165
1472887685
1658936193
1605000198
968713470
1640364272
489919632
1702893151
1227954489
1418650905
1692931270
1432961144
1711177679
1658984764
1167756503
1515987071
1670310950
961397996
1615675932
1739870568
1568606955
1172799014
1760008966
1067893473
1730250735
1763324073
1427721614
1745035450
1768687647
1507922280
1425128571
1661097696
1732790304
1688583119
903652597
1737416687
1758823786
1769164620
1335364584
1423623412
1490288840
689461229
1598810877
1651002963
1688699418
862020674
212982200
1592010060
1572287034
1558695850
1297779408
1651598176
1763399607
1685504140
1523871209
1590144795
910914247
1440645731
1576669954
1716607362
1508878771
1696622482
513302515
212533583
1388214502
1515861800
1034765968
1542292436
1609849725
1767036541
1758029531
1584512683
1664557359
1699419475
1796912285
1339474866
1233793001
1689462153
1159527513
1717745344
631182042
1186166029
1536043780
1290228110
1116051066
1168993490
847040391
1653792616
1765625551
1784129245
1289881940
789115332
1209992072
732845010
841213621
1108315294
1199890526
1749830065
1742643072
1346934085
1759969627
1785311123
848018850
1042309184
1668554079
1547857346
1488238479
1771702627
199401016
1170494791
1761469436
853728251
1296947290
1359641048
731176374
1483098138
1296995382
1748232787
1447429712
1755181360
1560773479
865148408
738471552
1588003997
1685735154
1289043727
1754188046
1387925369
1234875493
1322925521
1113418753
1167278631
1168645205
1750241191
1024208572
1558733715
1029329879
1414031060
1486243465
251040823
1592394049
1667705278
1668551925
1390455201
1743356067
1757272755
1722678695
1763713159
696401374
1152238361
1250093414
1519835351
1749291764
1571378227
1261928195
1415671471
1669772659
1558693338
1759286398
1463606814
863975310
723095108
1757971796
1751530890
682053739
187356401
811529393
983520285
880657659
693199733
1367613063
239891178
1706468216
1408817253
1522618054
1790183411
1359646236
1259474563
1009689575
1653280031
896705338
658822865
1522981363
1750787737
579865667
1724727262
1592761032
1209440556
1288187939
1559915290
1551166450
1454866300
1349778404
512430200
117682589
1666645357
1770382237
606044490
1661109786
62206620
1570653943
843267181
1316494908
1498682396
1478249000
1665687775
1482873954
1750402753
1536722256
1746350687
939024134
1107619214
1736623103
1626887982
1788937353
1554389795
125460507
1740137979
1566849650
1771461863
1504474326
702217839
1283621166
1570655805
1543834235
950783170
1671452208
1302292545
1584389482
1553494092
1060392030
587309399
1089215670
1755227976
1630588145
1711174783
1552946150
767142777
1535572384
1651081905
1419044010
199449862
1460073464
1656950903
1729748575
1352231978
228507997
893324326
1632347391
1021083230
820911698
1726854384
1334537579
1718923669
1011964195
1686964361
1766969065
1445948538
52449809
1506836596
597110875
1546355625
1380509228
1639061743
493781964
1411650518
1048786363
1170740168
859987618
1196167552
1735766086
1748515824
765120847
1698856266
472016072
1676105369
1320563418
1769011630
972201877
1580693540
1780112095
1694819557
1233452344
1659944995
761828038
1624293464
681199159
1055268446
1730638595
1184662335
1762713892
1162217372
1148055760
1556219042
1065248054
1217822040
1102695037
1747778849
1440166675
1208723849
1670995323
1560094517
1764064039
1319721437
1545301432
754765338
1524132681
955149284
1747776437
1726172725
1659513714
1530816936
1141034974
261183616
1216151528
907571661
1678089812
1620473620
1204358413
1350659735
815354770
1225920575
1556440827
1431645387
1539691177
1471916496
1422425924
1000873949
1499504267
1754895347
1173684309
732211864
1598068284
809800687
1190379328
1170714652
1573195406
1232510751
1716879974
1546323457
1311780215
1753787270
1518687443
1184660397
832418077
1796458127
1683093884
1170708982
1640293718
1727443724
1043121660
1720335015
1154770432
1504490435
1761609452
1593607564
1747902843
1529176718
782633228
1128705791
549675554
1032625349
1079192739
1617662088
1689653706
1738475901
1781934545
1743064804
1267007119
1743596855
1498324377
1531295230
1686946614
1788373537
698693357
1731956380
1480745931
1526140007
1065056280
719550922
1473374395
1389826412
1363070039
910464234
1636956531
1651008143
1593620984
1757377921
1619862545
1530232052
774395914
1225304158
1486484238
1765293000
1539833439
1148891085
777373660
866737864
1260716942
1763382622
1681742684
1386581793
1088218203
490401828
1649131452
1226749776
1704247493
1312790648
1513657986
1086009790
1387259622
1644835990
1773814277
1453016920
1767751254
1610567738
767069524
1747774053
1790829337
1309075808
782196291
1111392680
112315007
785153582
1685893327
1749606768
754060186
1460757484
645020215
1558897546
1618132491
692890864
1436844743
1612273691
1730694512
120544660
1684236998
1599483247
1108989386
1426417090
1693257594
1216686234
1771149563
1244600735
979448402
652979108
791133445
1774721579
1250483173
1797049129
1184656767
1548957705
1315012812
1731054685
619554626
1214759374
1097483857
1361534343
1771475507
1785964733
1341420380
1581545898
843969336
1563989443
1259151076
1706533445
1321400675
1460381152
1741238149
1718211737
1259159058
1593089094
1229819597
1671436304
802588598
1648822452
1329246108
1609927884
1442524642
1601080703
1499522250
1522630267
1607089659
818946206
1713623072
1675905545
1478012815
1519429940
1286515465
1713689439
1687739202
951869027
1599972156
1140768005
1764363615
1773523161
1109197924
1088215451
1448775415
952079607
729173929
1069772506
1415765824
1159462297
580726039
1782335294
1767343966
1114129995
978084507
682069721
684115950
1759137711
1076420610
932425606
771261194
1003830535
1654746669
1680697804
1682738121
1405091515
1775074581
1713565046
1500542075
937904760
1577208330
1775214601
1509360026
1201557413
1536690871
1272741580
1071575973
1682986973
1149051170
1516955372
1727473628
939965233
1745777262
1656382054
1164556487
1696167905
1262036902
782636627
1558558632
1180750888
1140340041
1776581449
1067733863
1289115807
1289177105
1227952449
996508579
73917777
1112228488
1644345508
1275055708
968964470
1409490758
1443757055
1531367638
789120732
1189007478
602538654
1183688192
1700807782
1658592591
1656201212
1379154562
1579464939
690569522
1448671249
1467716544
932512394
1436659886
1150156931
809603572
1781182064
1604395496
680977392
1773719654
1776063190
1298548516
1572422734
1300949995
1677210011
1112659197
1690683963
928895858
1385784923
1220035786
1385929308
1434752936
1288123633
708130990
1744472355
1717776464
1334194263
1673870135
1293783990
1009687824
255925112
931476926
1653502720
1397796582
1686476421
500752314
1283275167
1704171990
1347730099
1392083578
900822811
1719258060
1190269971
576105680
1469899969
1705281199
837559452
1499475204
1067785909
1557924766
806122355
474924058
1446779035
1562646823
1601873391
1731205473
1706309635
1793846267
1152013525
831744960
1666241886
1307789231
1796389795
1427435752
1748747396
1744979862
677095503
1790709009
1199911037
1585431440
1781220950
1734800067
746406741
1674988470
1723705656
1644969407
1687938203
1362245808
1274131943
1296365497
1745377606
1796732523
1796466419
1270162400
1455936453
673581437
1609043700
1279498587
1781647262
1779131164
1462338890
513051443
1672302468
814483936
1395656185
1642581303
1174292977
894015366
1671542414
671388544
1227949309
1295075096
1475393504
1727242561
1067373838
1788415715
1445008085
1796611043
1306532713
220985436
1584477713
1559761020
1008616556
1355502577
1699256413
1378131570
733697215
1030401499
1618360454
1727860516
1782403946
213084243
1129652557
1201942389
1770293543
1075622662
1718492928
1601121785
952756185
1721768750
1558276930
1149673166
1056088839
1153989875
1728246242
1005356950
837735376
1427023973
1472889741
848897327
1435522172
1460053515
776723172
1524071757
1434316206
1412925168
1031680389
1742754411
1338026788
1552314629
1190468327
622465351
1637198445
1602468981
1605434778
1785094713
1761410401
1749228714
1248817124
1553550578
1424206843
1262747224
1685630241
1213911852
1771530960
1635840372
1713649574
1152317452
753265504
268711634
1556267346
894946279
1345558992
687032663
1483724325
1603223149
1212682914
1190944387
1238491410
1782383496
1441502044
1149462560
1119620010
1454841431
1740442616
1624131368
1782157392
1289366946
1748634467
1429192460
1566920721
1104895599
1588455645
1311788929
1056013118
1772886150
937908036
1403607068
1068900254
1603773757
1654822395
661672583
1150992924
1766667967
1378651798
782845950
1642630507
1560318737
1574499727
1514769990
1505822804
1745675515
1686211960
1159693168
1352605545
1251883737
1024498188
1632841298
1275373507
1669289639
1718882951
1173849329
1017805943
269733695
1659116053
227184040
1540541439
1766128339
1779509264
1409224422
1730553270
1602904680
1003056645
1257496369
1589343462
1327730732
1709174482
1284368673
1588994505
1270279080
1644224544
1732315983
882376926
1119634105
1598347876
1672103110
1760502012
1453335942
1583526088
1752528363
808935403
1298553786
1504710631
1386870802
1201984891
572981909
789042729
900156635
1154083202
763058703
1545466686
1456839111
605003678
1312571985
731789120
736325986
1212670192
703966101
254147231
1772497567
1606763369
1067881793
570677280
1264225152
1295311474
1208512746
1661890077
1745331870
1463248779
499567830
1413396814
1779514968
1766163685
1298523004
1705518626
1738454892
1538048835
1795936309
1775205524
1608801330
1615736828
1395813397
1694899995
1468048121
1489018912
1164964915
1718290876
1301454054
1757407567
204368702
1096287909
1703847423
1767994310
1701135349
1714656178
1796015315
1666051999
739184591
1591102659
1489943900
1568995669
1704688661
1166956149
1448681593
1331549165
1781278400
774283327
867760672
1418994879
1242662589
279979518
1151073939
1744166232
1270461512
847244264
1782094064
1079195779
1674408310
236343875
1114588224
1686927697
1750009245
1782542666
1449200502
1275893005
1434334424
573366560
1633764146
1418334570
1742504672
1287013269
1612963258
1733641130
1497630940
1023087800
849633386
1527384780
1613091365
1765010124
1446780797
1102631715
1487372839
1782279254
1195105901
989781352
847719077
792261724
1315785490
1729992571
450644732
1115677555
1670810152
1368249137
1253116895
1537947291
789160259
1104333169
1711516259
1741170044
248233341
1411974526
1445252079
1649711496
1796334727
1422006344
1167761251
1171390166
1482235178
1332226773
1795298543
1495029698
1735399507
768490552
1185350447
981532153
1628249998
1526437526
1134696067
1763556271
1443237395
1462004874
1735536560
606165866
499556748
1178454371
1097366772
1634202368
1553284040
1790421277
699778895
1344598074
1757124589
951868043
961875959
1446267929
817056298
1428786337
1235842318
1767875659
1604958304
547689530
1171398748
1088440507
1668496407
1659182133
1278680859
1763202377
1701956789
1171390716
1455528689
1620725624
1347414039
947114576
1772287904
1590612247
1644645714
1170617235
1663039726
1286753958
1753230096
1490291275
1642217121
576105676
1709534498
720210519
1481778077
1637230119
1381845273
1114910565
1199788808
884873095
1018374598
981067296
1781218889
1674902887
1488034530
785241275
1175722135
1162486827
1706597017
1169170825
1418204518
235112195
1399388121
1555438869
1361318290
1607238766
1211976856
1772295307
1777040807
1098465667
1723742972
1502033537
1528817761
1691002470
1440022766
1394362682
1565271952
1654630754
1333432198
1091450369
1785291993
984315976
1778573162
167670339
1515863383
1609599924
1378138506
838636497
1709750366
1435266788
1490528648
1164944157
1444788253
1741090299
1265486094
1249999582
1251096301
1368078539
1676928546
1239735154
1623127213
1597247569
1725971344
1773273262
1774688448
1672869150
1630967931
1163405982
1640730622
1150995072
544592140
1625846188
1609836292
1022728482
1760141161
1700005990
1405287648
1551890507
788826754
1796594063
1378589106
1137939001
1715229583
1384049794
563345033
1221143633
1782345536
1467482648
1549385165
1733463008
1752409171
1435871518
242619188
1149446614
1434485494
1432577944
1025534776
1159717273
1530154450
1345458663
1740857493
1114221259
1741194989
1659704766
129175928
661014850
1471951745
1630522226
209885458
1321322659
1335757319
1349820154
1636804509
1785141091
1731033657
1172734046
1748029546
1525998771
698074090
1282241897
801063512
1581217665
67281651
1569457903
1676368163
1490133842
700275373
1212829264
678274948
1694944481
1781911291
1683917609
1699274730
1397860564
1450412279
1273795159
1545638394
1344403795
1244203357
1603297899
1184160566
1307808917
1666738305
1704436110
1738259447
800855974
1383459337
1439875109
1556354634
1185351673
764459828
1683946086
1612979720
729350196
843275059
1048387511
1049987296
1696949691
1680304957
830305214
1051683253
747434913
1553134302
1398117151
497941967
1292058718
958485407
1682070577
1719603033
1246857075
1692297537
1254096387
1782470232
820650303
1071885259
1403421361
1758640101
1217345122
826725724
1686095236
1687392951
1168555470
1434473716
1621864396
1189375420
1694941779
1595689685
1080870143
693451502
244357422
1141953053
1453616628
1683627847
1385101821
1760492752
1762844406
1424099313
232012443
74093137
1796513115
1716871943
1555659837
1618826729
1790930763
1282525787
1590797769
1071008813
1718125656
1647992656
1521713824
1226252786
726094899
1684557866
1298564486
1419852545
1698187678
1748907488
902243895
677895683
1116475905
1312543499
1532866445
1294693099
1086915128
1572125998
1714571508
1249561774
1160260394
1733477092
1481635255
1499080283
1287676477
676180523
1154154862
1658339740
1074019481
1529227038
1128278297
1718237723
1582311525
735186442
1509931228
1420512331
1317951430
1004148124
1749804159
1451284809
1796557477
1540384535
817147817
1579395975
1305467178
1170711222
1619183689
1457781730
1697645012
1264031551
1708275790
846663875
776993010
1779511270
1478387675
819528344
1124781606
1725927407
1597725658
1012613198
1203906950
1187854116
1664325266
612032978
1116721301
1781349086
1424948148
1113427703
737235656
1775657240
1058002630
1406469395
1687393002
1638511383
988519631
922465388
1549605758
1763747093
1678622651
1740808522
620226196
1736067250
949458378
1655031289
810146935
1455138242
1226401857
1539720741
865928778
687686736
1163187827
1406876166
1782396188
1478069671
1680757525
1171402838
1405655454
1599257211
1378394870
1793819167
1674984799
1378221666
1693240529
1338022358
1166918539
843430685
1759204319
1549933638
1724164285
1759129867
1717400115
1443313436
1763531517
1282032159
1476172762
898845146
1259154262
1085741914
83804185
1560515943
1679415650
945764318
1502244534
1659902864
1171288541
1244924848
1603949825
1136858584
822389955
1707378916
1756119461
1293147674
923857718
857451272
1046662830
1767937028
1254764804
1782355312
703016935
695041029
1161789377
1164463385
1679845668
1741082961
1765177018
1744944208
1771859766
1792613319
1545046043
1722659105
1796234613
1767255620
1593291241
1735720507
1522579332
592628242
911807931
1495886056
1268327110
1527837585
877145208
993076715
1158573234
1791620745
861092251
1574514263
1751762727
1796231493
1512712587
1237501412
1481680127
1778573038
1201447304
1603771919
1650191484
1750812185
900841799
1651382777
239892726
1787106635
898728263
1446798335
825392385
1652556320
1768442923
1718523352
1765610754
643874431
1301190874
712048200
1451636323
1214131805
1546377854
972254587
1665497316
1693238312
1565988134
1052786176
733661293
716762121
1707148629
1393019402
1659732548
1663554751
1041547150
1369956817
1460232526
1386594197
1389546223
1227388283
1697500942
1308404176
1009056905
1765567990
1490528416
1663040408
1192419606
1647881262
1056561887
1776067945
1552121544
1771155658
701829070
1185362595
119034027
1581407820
1479825077
1642196755
979681282
1690898985
1796579839
838077651
846393595
927611528
1309763116
1699629008
1157643688
1535797907
1673186639
1749479562
1468054197
504739752
948498005
1011523418
773543258
1673866339
1782349608
1334639992
1026688266
1485052413
760585569
1601787004
1127716586
1672473466
1269712146
1488154012
1325555448
739417896
1709452357
981170856
696404352
1649114728
1641977055
1284461959
890825145
1208912370
1616203725
1530679749
1596680518
1652644932
1658920689
1123002295
1728629279
1775083564
1524521846
706057733
1408558013
1766416527
1114134605
1333355605
1105709942
1418065806
1651608615
1550120346
1760851528
1507372980
1689487363
1531704083
833591988
1713062420
1796131089
1314999943
788604570
1457624003
1253173713
1705169197
1446770159
894945471
1278091395
1617483885
532977540
836863559
1644871868
1232102349
839824153
1672412343
1707052640
1522665093
1080239246
254356247
1796705551
1732716393
1732603125
1625913711
1777857816
1704794242
1311801495
1236498786
1781898525
1541496827
1730002059
1088989987
553483169
1729860618
1595298258
1306866010
1659079153
1175420439
745650003
1472044188
863909612
1572568564
1759740481
1556251153
1580802557
1189888896
1596947621
1549822442
1551897397
1173163265
1782562358
1622973851
1763539697
1748249708
937130789
1728782513
1225929677
1400049164
994833811
1299281884
685486953
1468045193
1425976586
1786389069
77991678
838313962
1796448043
1471788983
1503587434
1631298926
1307879877
639428896
1771114554
1132346956
1259881442
1275129774
1486242645
1306105693
1316492490
1729524143
769771132
1748390079
1392922841
1374234459
1298492089
981745280
1473565953
1534834305
1236955090
1739426552
1720881182
1136211768
1686953076
1671511066
241064478
519247519
1343369935
1489637287
1439676252
1152026979
1452214405
1289083615
1434487066
1091826134
1185358561
725304315
860516221
965284246
1156160018
1715973999
1195239798
1691548261
1437784688
1766115627
1027856098
1717321172
1719027350
787240079
1782495034
1796586405
1434481068
1435874231
1482095487
1733676446
1451701521
1651829850
853520507
1688783513
1592327124
1525633821
1740928801
970212042
1674629822
1629018984
826471914
1751776554
1504812049
1562204140
1617264055
1670925012
1782361222
1437608880
1172631059
1642133214
1101466051
730852229
705850581
1067343694
1311441116
1288795822
1423988289
1511061481
1772124417
156164863
1213091699
1242858033
1760840134
1419188733
1377919961
1303915682
1338024014
1790411325
962479519
1601981578
1760259432
861160627
745650301
1344827509
733230407
1720714008
1582201230
1448667841
1760816962
1758185943
1630546408
1128188429
1741085801
1665538325
1745273319
1782693416
1080901881
1733020951
1451296630
1740093322
1438771810
1102532193
241404219
1591153841
721988059
1358722784
1672276173
1218355598
811511230
1151010734
1649876098
1067950596
951866177
1699063815
263861218
1273639409
1105428157
1696842165
1552783328
1150797631
1276213184
1468050785
1312491765
1559770016
1109507452
1390144186
1677648846
193761174
1773217728
1452993663
203507271
242901875
1378655106
838912291
687032925
1467527501
1091538544
1167569121
1136715466
1553090340
613163054
1742222986
889941140
1070981315
663408834
1706293459
1711134282
1349917783
1154045838
1593351075
1426873254
1272035870
1687942551
1723109440
1778844509
615171025
1671946642
493004413
1511555238
1218645396
1078896624
1156586828
513051283
1595906928
1519565894
731788354
697418771
464600088
1388825194
1644634231
1149155816
806206029
1311791823
1716368648
1742572222
1632062769
1798079887
936288508
1231412296
1732718021
1776174316
1556652114
1078614165
1360658610
1422144402
1482904664
1515063115
1572127984
1517830333
492821398
1773312105
888105977
1211977946
1107536838
1763098788
1594317585
1298501788
521509218
1639387192
1567308647
697022127
1598149614
1762097397
1297315778
174454290
1150500946
1326202220
1692622949
1534332890
1718766839
1615397051
1626502638
1394357704
1273669349
1669899130
1244949290
238784848
1532519621
1274330106
709496603
489483886
236000982
1644733881
731790760
1193539763
1528481417
182290272
1767660410
1502264476
1751193027
1729923565
1721246738
1439611719
630058062
995183097
1746708304
931974959
1732730497
1358037228
1692336477
1740171889
982174103
1439993578
1772841404
1457442602
1631260491
1760895643
667858589
1171269560
937901116
719913463
630051981
1529229939
826466460
1545162737
1344056385
753280868
1661951022
1020762869
1432609050
1289099557
654686467
1190777272
1260748326
1656103627
1599212682
1735374884
1003970325
1109049924
1730042940
1676589797
1564474324
1558228929
1375367778
1092381734
1499914909
1782122956
1433584085
1149239504
1484730343
1662441047
1100318195
1716345073
1611491868
1067348082