1700930988
1750049075
1571448893
617913081
1409497087
1739437641
1707721106
1735857092
1699870492
1716450039
1322130486
1776835434
1429493345
1769511835
1646762092
1776834272
1700933978
1416746562
1395974890
1410211895
1662847296
1409321993
1416157792
689666923
1714057635
1775860104
1734385132
930401426
1159594441
1791045919
1765474014
1531754155
1243970778
1732103293
1393769184
1677001047
1691798472
1462517887
1578628075
1786948651
1757817960
1782167061
1411047834
1428563191
1741099110
679134555
706652618
1409472581
1682855472
1760066743
1220101014
1697207159
1397463692
197239231
1310274802
1729666358
1756579387
1282061366
1562421573
749473539
789541713
1576855684
818071653
1393636803
1662329405
1715111671
1748583277
1709876633
1748578911
1613608096
1763344400
1779940649
1198909109
1763784179
1718823317
1738091647
1764510800
1781314140
1350877401
1708432906
1363065540
839232760
1746029385
884452829
930379645
1455128561
1599402667
1743858039
1775912657
734062297
1664454335
1714058655
1766763408
1052360779
1797384815
1777570517
1710263588
648852498
1775013177
1050921410
1735855368
1255675327
1647929840
1551625170
1518219623
1167069605
1211570468
943461960
1734599380
1491197426
1758456341
1400800993
1625062764
465393676
1772867474
1779997316
1797279281
1518532157
1730319030
1628608387
1097917242
1710092168
1524249975
1662860110
1195594375
1699872062
1732785374
1769878166
1684675248
1102519987
1394549020
1706327831
1033000762
1686423120
1431722896
1709660930
1728939934
1345808012
1196519438
1164262570
887494741
1556527116
1760890521
1665668678
1744985503
1319832777
1780473194
1700007611
1756215967
1428559421
1782403734
1217050276
1163669920
1780117331
736313119
1756026206
1783005539
633352297
1020602198
809411398
1758559040
1546516201
1033518428
1450326447
1585076768
887279130
1536922354
1285140067
1455140878
1620221063
1655504324
1766150890
1700931598
1657592697
935836383
1775196137
1785745121
1238180966
1215539998
1779901761
1725722526
1528246041
1555526470
1545882784
957413851
975339435
1789288987
1726163498
1051608788
1655949062
1347385081
1742789009
1752208079
1143599151
188060558
1405518925
914808123
1480706992
1039663284
1789680881
1264114565
971304641
1708060725
1740146214
1798775501
1149360803
988061364
815930779
1784934745
1155082649
790510077
1700789103
1699059634
1794962533
1130828365
1098418754
1764155449
1731494454
1757539732
1261355737
1760910174
1714752549
1442847130
1672556134
1049463524
655556585
1766681376
1675580791
1576042254
782229911
1653024837
1394409068
1768597641