1574735525
1665039247
1511651221
1689972293
1696153813
1424831900
699596464
966783765
676095594
1691244829
1644158313
1754402062
853604967
1629256117
871493206
1444083908
1581641596
1728703095
853602603
1737612770
1086629784
1223272574
1442350367
1277547388
1395107297
1534011860
1722797380
1672284790
958463789
1686450440
1524544814
1222767715
861494459
1615242699
1516340782
1475094990
1752150887
1604302420
1494238572
1621992604
1616897699
1671430047
1568497143
1410375086
1627667872
1252220075
493150442
1555417790
1464976367
1258078621
1679716559
1360568316
1631569684
1767050129
776534336
1279080644
600359530
1429303015
1280510780
1702480672
1586384411
1775639729
1456175352
1465006067
1097489586
797803665
1103975566
1639868302
1670695866
1444875056
1088287670
1754726217
1715148495
1760830572
1644688659
1089752036
1440092637
740997792
1117677957
711809501
1760847158
1235558307
968457457
1600875781
1616838872
1579712184
1009689360
570962034
953822832
1625105641
158970349
1208221257
1357244133
1726955046
1508736743
1471788518
1172205230
1716982569
1481499384
1068306469
1433012999
1643305739
1203281319
1567957867
1065412822
1062239079
1698833854
1667763890
676278210
1599522265
1686081425
1623580978
1124564712
1669758137
1554274817
981113715
653443041
1678469969
1446412234
606577181
708926787
1662317967
1415385497
1474319175
1785677651
1416235750
1517773649
753043897
1758095944
1060112496
1610926948
1474705650
1223271230
1230013917
682386517
1672879596
1784375195
1659604979
708989239
1577546149
1425858066
1272623193
937712931
636756060
1770273166
1092058200
1613137537
1754082079
1728810464
1663611196
1759266576
1705997394
1241156534
1524067917
1589498966
1772413202
1175675761
1308652641
1668399434
940169324
1521376135
1746879536
1384788352
1728763026
1682567435
1467186054
725444733
1265700611
1098476952
728731840
1723941196
1296298341
1199680466
1285992116
1323193888
806577892
1308741972
1766881741
1509263991
1330421334
858202523
1543671627
1485257614
1583853956
1615297027
1542257168
1760256328
1716982103
1371480739
1530994794
1013030722
951597782
1460865606
1063744434
1696866468
1505109429
1691234800
1270516794
1332193613
1442764017
1060855660
1568913038
1728729609
1559557657
1319381210
508171523
180378094
1749231197
1363094169
1062831479
993890955
1541561496
1392683041
1761588747
796512884
1529287499
966965496
191693912
1621240175
1738079285
1698669606
1669982355
1424162163
1164822286
961360493
1518931439
1189955105
1299907964
1325110727
1686034527
1239346940
1764238045
1777831269
1179364560
1681459567
1297303439
1774799882
906668022
976865554
1184516774
1047607512
1791711833
1544411731
1131260843
1013882296
1735104576
1167162792
1272285544
1765134551
1259685070
1270298850
1444150922
720752100
1709867106
1159817606
1752376705
1721748928
789099714
1580861979
1746266453
1415529710
1703752728
1161043226
1752016398
666901425
1385113322
1625384083
1128234942
1695027595
1792760207
1676266456
1439223787
858467297
620712108
707467398
1662922652
1566963980
650577097
1677882158
858436489
949905096
1745611528
1645220635
939859917
1763074695
1490372410
1760447677
1574818730
500884706
1776027350
1733968261
1555580335
1510758959
1212928779
1754803589
1552575604
1620446166
1269239657
1532904001
1321173340
1754765361
1740487038
1779863337
1677354082
1780819372
1686749107
1745132623
845729882
1086289092
1790240721
1759452763
1452090661
1621714298
1435208294
595674608
654284117
1451678492
793823274
1091771714
1765990906
1369596939
1694668762
1360583479
1050989508
1568905514
1250985312
1601305079
1721130419
1534529330
1536681827
1765275061
772693983
1550149300
792669213
972068460
1392276174
921317510
1555915161
1255565420
1740809460
1415414229
1613050610
1417026882
1204937598
1774773672
1115889446
980430188
1674883808
1374914550
1744272293
949349515
1694500300
1790130389
1434867693
592570202
1601084395
1530235735
1689040530
1232970301
204788053
827473358
1086599656
1050124927
1061331154
1784987093
1469973980
1353040079
1522311045
1702697874
1334921315
1624365978
1320213980
1598410164
1158668745
1106761568
1781913483
1267303518
1779079240
1461617914
1678109302
1224670514
975209266
1594021475
1741964127
1561828797
1261334150
1767743958
888757586
786331441
1654087931
1152672265
1244160470
1749736721
899231456
1562285441
1737701379
1704927915
945687839
1031620714
1645465713
1742970266
1766928839
962345567
1391078984
891999242
1451126982
1765285677
1428164568
1713050158
1668020077
1772972940
969824510
1674294655
1798132429
1775046739
1444184804
1768556188
1735618324
1442042358
1677583938
1750704905
1768613798
1642522664
1704154586
1482712861
1738961359
1721202772
806467276
974758959
1492315290
1734609817
1646372436
943584385
1655936411
1787941481
1709524563
1051470839
1717301469
1467046795
1596454308
1514172577
1665783250
1698258486
521432431
697788815
650523371
1698862350
1770744214
1761823803
1130025436
1455179342
1661397677
1431711335
1667533402
1282792059
1657431495
1440682924
1743930282
1766506258
1696339910
815993692
1073421502
1555305678
1114677762
1258642120
1758085978
1718137157
1460052195
1287339942
976866380
1609924999
1021685407
1711825747
1353587921
1744054619
1243250797
1592656742
1570961509
1787599929
1588216588
527178994
1173528090
874274880
1528680896
1247083817
1079616595
946082484
1514195355
1415001806
1632735307
1287411802
1170371608
691971209
728794908
1658898185
1735914116
1302994275
770863648
1224729227
1159897029
1282911883
1094601524
1690255806
1722293084
1158899726
1754481934
1711102568
1511167067
940980300
1575083852
999218767
660010858
1219212567
1736936026
256876602
1002670190
1035948346
736473871
1671398093
1197951959
1766270637
573216084
1291561887
1418701417
1468763044
1688272395
865499423
1687994048
1712258687
1772779734
1486319727
787301753
1068312993
1599455176
1268460170
1764340042
1212464066
1278841934
788253116
1771563016
761913371
1704729892
947149051
1450765498
1725637674
1363217334
1405539346
1116605313
1105386150
1734736074
861613640
1383364060
1614830426
1269296178
1739670882
1756043726
515955424
1729231612
1151408074
1222856823
774902161
1750871652
1597632951
1751171238
1745122300
1280635519
1611138516
1490627590
1522334497
1762934184
1317512123
1745756194
919156079
540383728
1688037466
1708849090
1320912759
229873487
1595030202
1508498591
1311665796
1001869471
1477100423
1492106942
1359417162
1531315500
1742929364
822161134
1446428641
1768571053
1600313225
1192068159
1492529623
1654617432
1732578105
1169501428
1760991441
1682821283
1474193802
1131464454
1738353660
1223018730
1643255519
957803526
1567604906
1794239659
1241150340
1572117648
1719718732
1767743469
1365753046
964591948
968604187
1227132819
1273085436
1184835475
1620262828
1773901649
1178197367
1690780062
1689892932
1767688602
1771267897
1591438922
1744215192
668885378
1485512879
1406780415
448798564
943690614
1439862771
1485859357
1518753334
1593952491
1529169461
1539653792
1520514489
1775403828
1424007276
1755435949
1210245373
1648524354
1533735394
1708876326
1142279865
1543093958
1592878813
1128648193
1324000490
1339427983
1689837658
1486080831
1231473076
1776427559
1755197074
1733672137
1250705831
1513412334
1739007981
1748635404
940369310
680643625
1159865727
1490804519
1067873898
884520258
1771113985
1401483056
1199445555
605415466
1709901941
1100203760
1220167074
1722673922
1072731163
1434920295
1256756606
1668087703
1680240760
1718391383
1312617136
1166188530
1322962929
1736416642
1223284670
1760179492
1777766087
1678118854
1728366126
1625259906
1028299916
578167914
1601299720
1776724805
982817374
1380812764
1659038232
1473149591
1777036249
1692224612
1778660477
1030464677
1119417105
1761454898
1250688958
1520464548
1370333086
693958156
1741986816
1790056197
1778725862
839101519
645248930
1779112350
1721432789
1778446729
1020811280
1196959166
1714383199
1751215443
1313826401
286225833
1735217103
1530910799
1602432057
1640825102
1412087040
1105520973
907410255
1739080999
1403589796
1529454183
902635415
1515816915
1424137536
1789970765
1442033471
1765582798
866021630
1778525322
1610233355
1066446396
1670284940
1794588835
1775183445
1637524228
1746079893
1236160564
877330940
1547172380
1664549924
775541820
1636053987
1211294535
1294793110
1209895054
603077486
1760862848
1682768463
1747415598
1547649302
1239143509
1757628880
1188851769
1664814267
1389282336
1676561746
1222811962
1771579509
1016047866
1487496553
882828232
1516829721
1329127723
1334564422
1602070704
1456913715
1184306566
863363755
1538382395
1319670897
1753713349
1404001500
1207782019
813180014
953286282
398993527
1561999060
1730095983
1769123547
1319671120
1759626943
1779583925
1410566740
1431484792
1766773657
1614375487
1185672168
1489545487
1767607957
1679653397
1010953972
966974243
902947195
1718300585
1772982978
1262213955
1705385263
648158190
1720093327
1624824864
1597963825
1653720056
1749926511
1639030770
1771136970
798592966
1695899164
508163061
1655974476
514332815
1159433469
1585944021
1527635327
487499797
1737339886
1657524595
1725370988
1729702602
987434704
1396079827
1756120031
1649088396
1723670466
170748993
1690896096
1278427715
1370371483
1744741691
1098042133
1096638613
1685647603
696580776
586459966
1129803588
1772712229
1583628879
1240817872
1112627660
1461778308
959079026
1504834339
1213810916
996519893
1253877928
911482519
1431191481
226551855
1685250729
1523182381
737637124
1633688890
1410937330
1577084871
1581863134
1202417321
1728294202
1252745928
1728835476
992072531
1796084087
724156876
1776221844
1264306918
1790677875
1204362019
1191414985
883271114
1030546952
1729108531
1090844452
1600751680
1004767601
1384159076
1460502307
801328963
980117685
1041905907
1084119532
1376245859
1523061870
1600093299
1057696711
1084340191
875585566
1779011640
1741806607
687726113
1724642514
1670154844
1492314365
1534204210
1672973111
1669019829
1670765091
1750240272
1168957688
1771530450
1756486985
1740546942
1318127290
1719217685
1767836323
1756713738
1600881545
1409935960
695440928
1334183302
1248717947
1386161416
1773426221
1766822541
1237217855
1767738576
1551548146
1014708520
885683166
1617741984
870090076
1089830050
1763624657
1662839722
1598026034
1726652274
1133747707
1681236549
870386673
1529102063
1295087415
844468836
1429113570
1741256549
1727566843
1581440858
1004759126
1714244276
1219348007
1199757458
1686472998
937792919
1108727612
1727960892
1349836453
242315357
1477974883
1497041441
1112682987
1770840113
1679718399
1540057458
1730555114
1298585454
1432295843
886406993
717850705
1759717736
1722360601
1777238085
1746490932
1328462971
162255037
1745413004
1165996589
1701949367
1686742270
1268732952
998091856
1726398136
1237591259
835366154
946475832
1162208655
858442191
1086402689
1720009218
1745293877
1557353880
1783839025
1536505086
1518396760
622734519
936670772
1738937615
1445565986
1312193833
1770774045
1611327366
1154743381
1742512290
1686341253
1272881251
1287155131
1423053477
1254945774
1768936048
678854311
1505454785
1746317802
689671881
1544630447
1316721632
1694659306
1445869242
1367785760
1097330537
1720784499
1705098654
1255957068
1508086027
1260401334
1711232712
1539486364
1780643013
1782399537
1676115771
1778037470
1069752992
1719016734
1225309931
1603954474
1660228271
1196558512
1793274785
1341925820
1200637691
1711670545
1712572290
1552335884
819585919
1782187613
1758241895
887216104
889034178
1676755635
1764403458
1488283861
1336133681
1746013662
1572674795
1408643034
1283300177
1749146873
1218820015
1555120693
1606996037
1198401495
856170618
1591504913
1742827762
1739138158
1745312341
1742052064
1604043807
772952437
1666796504
1593406295
1733012745
1431235739
976841620
1651128677
1745300684
728234689
1488655227
1776280576
1458498422
860321654
1618769237
507275227
1363882671
1249392517
1464317915
1793702323
1678239818
1091243352
1174410894
1446618220
940282220
1748144845
634020549
1185838636
1554735461
1464954006
503238161
949686286
1554359789
1679214986
1751631900
1280836084
636447055
1323618355
866530263
677894473
939421249
1452705122
1601662696
1151490134
1702595397
1392760446
894023098
1747986103
1697912341
476694729
599923287
1727367861
1758017555
1595484358
1657915797
739895533
1667065141
893346530
1194757226
726259308
1114229845
1621131477
1651539733
1722552572
1447442030
1315669597
1219826752
1778896589
1204338198
944145612
1489054111
1492886011
1564766122
202657998
1741219793
878763680
1784530699
1130790999
1654194190
834353984
1764129094
982944663
1744304769
1713841588
808000750
1452029960
1297024527
1504529353
1662294021
803562090
1542128819
1749846487
1457094471
1706401416
1732599039
1745478186
1291839093
1241736020
268043991
1778560304
1732676432
1567660586
1586340724
1792680685
1705883693
1276542855
1197969754
1295712139
1636253251
1297016870
1067087399
1109281035
1361080761
1643013761
1733428586
1441535116
1483687931
1691942298
1750190964
731484800
1674875090
1684057381
1763869908
1147246754
1718174901
1791085865
944576682
937500342
1706190668
1753557009
1447692654
1555870563
1348391729
1712632115
1699910028
1602869486
1504544302
1460440301
1746111690
1791055329
1261367934
1589438492
1689059646
1615268589
1729901842
1787053725
1403268159
1790168191
1742000055
1351995865
205145661
1334242323
1639218342
1180767658
842961337
1178163247
1533326701
1765099257
1516081532
1264417484
937608824
1417718816
1652772861
1698195463
1686725393
1325099695
1737971870
1787547897
1214799581
1650180794
1263150589
1650772177
1645095750
1574512382
1728013070
1752520460
1171252589
1353502508
1503700792
1448166972
1685695037
1110576866
734141239
1237184331
1433029608
1786102163
1046004392
1532879204
1718207861
1014729548
1730884911
1185505450
1585591824
1061599033
1753581010
1223249640
1425179490
775018483
1577063941
588276025
1785030231
661581043
1790934533
1087764115
1664469691
1597016019
1755645167
1714163572
1508754594
1604679776
1719480132
1003069309
1507866652
1745544685
1530489041
1693368609
1749470313
991223171
1241158900
1755056207
1501872988
1241734905
1555774154
1686276295
864466491
1488264423
1350410563
1694537785
1591066689
261047129
1139334072
1712672184
1672477013
1732461334
1206776119
1677071817
1652846107
1733842892
950979880
201660319
1679687540
1528513621
1260881479
522438107
1629145086
722850652
1510088218
775494021
1137329449
1153615648
1772466740
997373135
1772475310
1666037556
1470084355
1698890549
1569574618
1001325932
1334129590
1698033583
1268995417
1702315345
1033238254
1390345908
1285657841
1768008394
805380786
1230106926
1365144782
1766384131
1004239829
1759471289
1768803145
1690713459
1384159367
1777807081
1621552615
1431895741
907749326
1648078952
1719379766
1770474102
1238316702
1223275400
1663805978
1780344389
1307681947
1065840424
1556813731
1723461377
913067956
1086356761
1737031538
1150664806
1622839140
1588986399
960427885
1702020140
1737899966
887163217
1139499306
1697445576
1694033687
1773739021
1708544308
1778039006
1504066733
1451287515
1691010958
1781857504
1558245379
1017552113
1593718315
1100650119
1628185193
1181643722
1400416912
1582107746
1515873900
1241550944
1424463068
1304261545
1556276847
1233907470
1483287686
1392703656
1716505244
1553640099
1767031884
1545881089
1767852203
1749633911
1392752902
1772620002
1415228205
1437638281
940986357
1333260046
1133203861
1775894758
1742032980
1485703560
1625604046
1669406479
1577027796
1760933421
788943691
1098349758
1443383874
1567430938
1731433235
1209467651
1757137448
1626299832
1585784557
1750599733
1780640577
1787725711
1554063703
1142301273
1572617500
1422817428
875835484
1747333787
1754669650
1149402216
1689937998
1194211859
1216152612
1318006083
1652097224
222464659
1364359781
1552627931
1430304450
1682034692
1611436469
1758954147
1242644423
1785929431
1440106673
1265052742
1504621031
1229637392
1546235417
1193330787
1737665747
1726058310
709214302
1542024225
1731806181
1284015762
1706239216
1655834836
1456374195
586283232
1332398125
1585514646
1634050952
1792955839
1461854167
1626450048
1743666358
1730645056
1731447476
1726625963
1042360965
1720398626
1469369051
1554783148
1417133972
1538849646
1466191845
1729896922
1716048648
1271100348
1148567179
1286621435
897835571
687557652
834898468
1059248543
1226193686
898832271
1469950812
1502877550
754705373
1673214469
1325067819
1780947088
861348503
1741760574
1766175673
1514607347
1300411147
1545901126
1736769099
803681682
1615376097
1362071427
712715238
1748983776
1784620361
1514579170
1003041095
1746664388
1545127450
1659647674
1769115409
786060749
1736277891
1753774567
1673046969
1150389356
1128243712
1325046999
1499702115
1777644363
1539453056
690478327
876380629
1705948978
673872166
1299746120
492361526
1619693465
777469421
1670331683
1775467101
1343654880
1453349592
1289666460
778823418
1229483432
280760924
1532458915
1723335442
1602073364
1179478426
1481184880
1500573180
1773134418
1585908281
1297022895
1706639939
1661650054
1023099765
1339969869
1657069143
1765611855
831331447
1676290654
1518940313
1509301880
1746791645
1142644330
1757484044
1741834294
1325371684
1588705943
1669339614
1742726990
1771789258
1772118698
1227862250
739630451
889511790
1352848129
685294889
1676619628
1717302125
1749315691
1504229754
1765214374
1771955384
1519590661
1303320554
1228035902
1429110478
1536399799
1085687447
1782452301
224966741
1781432972
1665218810
1367876379
1740481797
1371148208
1042371505
1600744057
1466953042
1766413295
1780945973
1749184427
1522216530
1072488740
727007241
1742300788
1386096869
1724644855
1375542418
1741402923
1776257167
827495282
1469022340
1590049931
573250460
1687304882
1487800419
1258321218
476488459
1665269438
1639407504
1465118864
1772772736
1756508726
1454861264
745211582
888630258
1406361510
1643207565
1712615882
1667762050
1551488356
1259213694
1742876883
1314403155
1182031074
806245668
835604529
1581416550
1727523961
1240008097
724454265
1515054398
1766928898
1728485202
1763079068
1453870120
1525136064
1664282489
1781023971
1687617610
779717603
1495407744
1584273155
1285094126
1453729581
954290924
1460086179
834361498
1478033729
1137727231
1720131596
1227209844
1737025128
1442014514
1667940507
1299445053
1707737862
1598061182
1695906878
1655131806
1425893197
806035726
787168989
795347140
866529409
1774084346
1656508775
1619245690
1297246928
1563973764
1218266979
1743165864
1451937412
1695062523
1591866304
966815603
652207937
1794618415
1696160643
1223273746
1427335015
694529583
1550001267
1562547769
1311161615
1667817988
1426546307
1642923501
1716315956
1635539888
1569508179
1501211998
1518897421
1728896241
1502569738
1535762331
1383547639
1775877227
1792395735
245575223
1504325530
1481156797
1436488834
1193300180
979379640
1320670315
1445552304
278820724
1168997238
1406731237
1542595234
1200596911
1747472585
1683711934
1741360305
1340662666
1682358908
1746011079
1744185927
1410575949
1537950478
1721808068
1015653845
850020198
1089289904
1419681319
1783365499
1763591233
1778467967
1591154694
1460005790
1431277682
1727445329
985924039
1426803048
772318950
1748818665
951696311
1422072874
1749657791
1598021091
1764856774
1775326429
1613363549
1626556473
1199244046
1483711921
152889049
704207154
1674334793
1657843218
826807957
1334057776
1752150877
1183499265
1479408604
1178544727
810295506
1738249870
1775608507
1029525886
834356198
1159078314
902560207
1790586597
951916064
1040360500
1737687485
1431239103
645580412
1724342556
1070425773
640450084
1147978436
1429803404
1693638696
1169910949
776968776
1137864775
241659065
1405797824
1021468895
1748097694
1277800298
1762031418
1688525330
1670049890
1766440428
1002724128
1682423948
1541405779
1265972464
1704719089
1508728661
1170605038
1576291940
1132487939
1224047382
1784056392
1706618088
1776383690
1776208396
1730920915
1754626903
1533150270
1538569530
1680563347
1758873034
1555128459
1392724757
1379962649
1690476629
1481682448
1533111602
1667104916
1767354372
1296778875
1698770474
1719403950
956361440
904998766
1475643987
1270568420
1794435057
1355984937
1223267324
1428427572
1601620834
1709333154
1752573941
558960351
1316336790
1184384302
1624969050
1507647690
1112602892
813031181
1335594058
1797565109
1770120050
1742968375
1694790643
1764955251
1583969447
1696917002
1771815987
1575804187
997098036
1625643840
1510525049
1785982243
932500573
1430585261
1494252425
1741901174
1537429901
1773144911
845674695
1074365043
1425044575
1727925035
1767440904
1757875354
1430976329
1795451751
1652287131
1683341437
1299649116
1360295087
1421175648
1607679062
1732802315
646729825
1479701568
1586071503
1653454293
1746117160
1097201567
1591906570
1314475341
1784998285
1406561566
1106323161
1612732136
1256350145
1708682867
1104101524
950876420
1230288644
1493487574
1602974254
1543510103
1465135967
1446975513
1672068803
848257279
960439899
1221805851
1547464720
546534143
1764790488
1738193758
1175056778
1442219252
1496995911
1310326169
947269404
1720153356
1187496158
1462472312
612980177
1746672040
1206641924
1012449854
1775389287
963833949
1286770061
902098625
616912047
1701980810
1758941892
1694429614
1457476444
895740733
1538049361
1781373443
1768936485
1757308202
703377306
1781301798
1234567596
1776204016
1484146786
1057404337
1702245411
1451592407
1709095888
1495975532
1596773588
1706289062
1601042215
258572841
1394425774
1738633769
595410155
1532807331
1754920991
1760196655
1659931781
1210402590
780579066
1409295650
1723990096
1716224368
784505349
1054893880
1379573433
1770829028
1135093733
1745153916
1778663836
941580059
537255097
1683836779
960438915
1548155693
1454587132
1700180806
1782455847
1503700790
1623670024
1706838701
1681894495
1425395239
1756893182
1259125270
1483811465
1761675472
1764801680
1470892856
1652476861
607258771
1315866840
795868223
1525630381
1683852113
1167455487
887456574
706673917
1332733074
1446001312
1671349293
1726013768
1683192254
1486990866
776343823
1735950098
1696729049
1760709779
1653492427
1561030666
1595361919
588064851
833640779
1329377609
1723863554
1585116411
1663895514
1504573740
1740175639
1668436127
1601542826
1314012503
1485270166
1536114576
1545085120
1761166228
1759925084
1115947428
1273200587
1777906080
1710265928
1738462544
1748055861
1741685129
1765976287
1554882782
1494882064
1438950176
1797436501
1538394321
1625008620
1509047611
1750312725
1219811369
1246465188
1717226179