1403380183
1397541876
768483542
573607522
1528920901
779565879
1181074590
1491408671
1644338750
539698818
1706272038
1305810100
1251787226
1366806731
1184601311
1542845457
1032122294
1199474499
1442248844
1571011985
1274340815
519063157
1756528792
1560504061
826347596
1613124402
1288116607
942553060
527222135
265317867
1642239650
522882978
808219824
1335198656
861222230
1253425755
980452487
974153030
945534265
965456339
537794379
1295665186
1251925287
1728434625
965481930
1670163895
1560522655
815052183
1599201470
757159472
1247240836
693003690
1716429426
1721255093
995830826
1041542855
1678966091
1750248147
1007294351
1728162305
1208198050
1030857607
1726160210
1020255729
1502270079
786985240
1083409262
1562631871
1592757965
262334359
1589233967
1044163154
955476216
254016138
1636363595
1224957116
1086353829
1231232452
972816945
594763462
456155350
1705341731
1234028957
824245404
1195357711
729129997
1229289527
1183567101
1719468529
1757677294
1757114488
1663568762
1471200449
782047706
728254032
623097876
1250236794
1668712371
789666793
970962161
226394399
1651378952
1477836918
1500751240
1748903406
1655502944
160488268
1093302591
236248857
1159594505
164292286
1594727831
1343651571
1559137601
634777038
1248368230
1143088190
1223877051
950723709
1701693988
1314492933
732465624
945767762
1268673153
1209550276
839921869
1546902861
1570877957
1608795749
1221856967
857819656
1647459725
1213518702
1712992273
1522031538
488148693
1131476811
166013487
1750418052
1546334208
1532904907
1185017764
1692630386
202038351
839792111
1533153719
725590172
936801040
1209549818
1323211889
1772959737
1098941691
1652600065
1142964559
1763444626
608087863
1629109049
227250421
1283656617
1411396580
1312491979
1580002276
681266901
1467572362
1251843460
839710447
1528649378
801690502
952452877
930915882
607461013
481854149
746324385
1197139768
240455370
792034563
1403675018
983637219
801160672
945707862
1775689882
1623920176
840245981
464256667
1704876756
1499560006
1445931796
1516104836
101958929
1263747773
802219358
1265225312
1195542704
626062919
1407740058
973152995
893201618
1376676276
1435439694
865952336
813293352
655506773
1209512467
1542033534
226480028
846977293
943147710
1750411854
1387671469
693565014
1580812859
262435926
1296676461
1045552630
993341160
562451450
1492556259
1358264712
1589368877
1529734279
968526600
1692334124
872033693
1253900577
942049586
1012049265
825546147
1715301811
776271499
1275589428
1224529120
1547974635
1529387628
853080743
1493105341
728579908
1253728556
1693521939
1411469675
778183897
1265565208
964671534
1597624077
1147184127
1471785323
608605379
1315687839
1769673613
832018453
945484923
704365598
1227401030
963447194
968191758
1240720562
1675375142
1696236940
213682174
1369189505
1656300622
1091640378
511349896
571046803
572562992
1659121688
978637939
1656796480
264810737
1270451616
292534681
484315354
912358045
1262021223
1498868946
701723557
513163931
236585218
803303198
608610130
1020757611
1271245373
1300776869
690563659
1492829838
1684902203
889543189
1512201169
636742370
892148839
1058581114
782385547
1370044731
847080108
982425156
1185871320
1181713257
583506014
709687260
1141767080
1088699402
1504905816
1149001940
1070225243
766556500
1787516053
1167292721
692607475
679894176
993930909
972639466
1008418941
1473549036
116908431
487932972
979335109
824890936
1563161737
1376606292
719182851
1015487668
1007288953
811228434
1786344801
1258919955
978651613
1093670525
1032476610
574434911
1649300211
1350663759
1573700154
818124368
850257690
1378058242
1208265940
759574528
1070575306
1018912707
703893906
958809195
840245337
1392982035
993334982
1548576129
1058754165
636293416
1685145004
851481308
1202280215
1600255569
999809017
918252425
1322893213
1369879342
1531374612
996626111
1054625132
1108320203
536715653
1089159702
1162963123
779563979
1254279336
1483028448
1452722635
1721537777
1413363365
1230791045
1184775129
1306709694
1626950818
1640768952
1304835845
1193624532
1416146318
1277860982
1319578870
979977955
1690007170
945068411
836663549
1229830054
1395471919
980095138
1526097829
1199457407
879013214
1681400830
820480026
1276794458
559177180
1311286365
919477670
998496909
940952057
1718777968
715040161
827589967
982817093
717500400
591401270
1716453797
1642484534
708673700
592092727
1467977192
709927126
912574222
226102092
1701143480
1185468288
1033895750
1229954835
1257482090
944581704
1239057793
768817552
1190307018
775560719
930283638
1314421056
1691308646
536916267
993342120
948712462
1037478270
972647998
1630106435
1633564118
1149006150
830696676
912554084
783631613
762419040
88209617
472712746
791537752
1740294547
1047736828
1041304248
1567772037
1690627788
1728060940
1735837780
1709488352
559545404
777665886
816131667
994434530
1023674994
1587545234
1133238659
1162963183
872072444
1704029149
1028456687
762739294
1546308185
1760558211
1010717118
806573758
709670612
1059851780
1092177119
1451252268
1158930852
1495648727
932793610
1677216516
1206064837
1077172906
807484760
1147935183
454942548
1167079146
1494900760
540674273
1042003941
1245471020
1512533100
1026942087
1108424870
1033321140
536701097
859027506
1201602119
782423973
1377809565
1635373127
790302054
1228290752
1429590186
1350447918
1702408210
1652176939
642751592
768484260
1328114433
1525894498
575132143
1046309902
1432113492
956062276
1432212073
1337691211
964647624
950078990
831934521
1402175417
702917444
574437583
236326861
1284429945
1056307753
1182170079
1480537573
825816698
1669008077
1682085753
799367834
793192202
956143671
1670960933
1583072843
778152514
1589044953
1784186471
521206507
1084488075
1768144346
1540602171
1321938712
966913011
1609766130
1468006452
1293678519
1778433823
1550231039
825808666
782402127
709622146
772249121
1129282794
1019971803
1223253523
1253432190
795856174
1744547873
1404069763
1047747456
1125130681
1738909875
993330680
1586907266
766562020
1184343600
1280173971
1691366504
1037339499
1052060415
1289156393
1014152121
1007294225
838397568
655495891
782424109
982486541
1451258691
779070789
635824997
975018715
1474823753
1492909611
1536638642
978638179
1412123433
1680142071
1066873327
1254734004
508969552
1397312528
720434757
1699694379
821785667
1535076947
1668710756
709627855
986803951
808493218
982486499
1422151651
1253549689
783987631
1190276190
1478740553
1651219416
1283480110
920243568
1024495497
1280360588
1002144300
889134201
929490125
61038388
768369653
1617047939
941847292
957152305
959703853
1647464510
576433388
1746896635
1092090509
557624980
1330009659
578316062
942254466
968492872
560647884
1232523196
1153132576
756772371
1255783269
678962599
668382039
943746055
1255971112
808608927
654989122
1149006096
703879746
1266670359
1696300596
1739152617
1580002294
228231608
1554988849
249783371
477414710
1241955642
1239426523
494300049
1237661513
571859682
1414170369
541149973
1272871439
1222891307
1010433493
1018912535
641669692
876840166
1671172580
1195429177
1699559082
1406497788
728647905
1274483895
682236402
818652521
1510447777
1168899031
1015483904
907714797
901847655
732918600
1514662613
1044815415
1286531868
1289482370
1024509661
1016124971
1474643100
1391646995
1446306592
971528430
1696941963
1085600621
1004575019
1062722697
979977893
732564898
958304749
776012411
979626403
487971537
1304092401
1571115892
1393915216
818538198
295182487
1180789221
1209651741
963875493
1192563542
1057876456
1419571108
744130242
236323912
900287362
1468173975
771305035
1498845072
822379962
1518756049
842235673
1515166661
1304529833
1012042310
1491905007
1793769271
703925038
1204967697
879257511
503276409
661366429
818128098
1556798798
1466528780
778149096
982491461
1750038622
1561962868
1386647051
787048204
762407068
827194653
635824785
1136306253
966913853
556749967
1461387063
866822482
1745466754
1290544092
1658416709
1740473799
758369896
1509901019
1190934804
584244738
994453586
1513042349
1168899869
883193248
507451143
1019360240
1214654691
965361416
1289403251
952632300
857817736
1528828203
721435285
1716220510
1043479279
1519269581
601434450
1269611970
1262720687
686441282
972675312
1214939511
1038463205
708341457
851299650
846324913
622902694
1614940164
1568802112
1653545977
1682103293
1234839646
782645235
777110979
1667504806
814627515
560615474
701127259
560628180
1170794148
1231905475
1008438942
1470282385
487972297
1445902502
1004285091
1131085584
1509285259
1274318074
497810217
1463531240
1413630292
999175956
1172768218
1167014168
1333267802
692316703
1698745677
1202372638
810809298
1271375871
1189471956
1287559456
948467898
736881186
1231265442
727479722
1200875225
1650878762
1611876867
1417390585
1425042169
848391494
1094636120
1288977413
813681044
1484430558
1318741400
84055219
1669111512
1061716228
895077723
1258900221
1290405428
512829529
656835804
774627119
1162374194
173248962
1685731128
1183954705
963238970
1301660636
1308816973
1257380778
1435506905
1755800398
1036994688
1359431092
980851287
1201951785
1042240755
1270087052
1275766540
736628218
779574639
1093871163
722507174
1128431109
1319982505
648166362
1736484765
1244403119
776541049
1708624519
1341107380
1187414912
991360134
1621942384
1619609796
943139790
685867615
1704131339
1289606705
1498871356
793742847
764963812
1022420537
782637807
1542460306
965179864
924038776
1260998261
1365775391
937369656
1027355206
766187317
1714969393
1212059220
1338665231
1270372192
896751971
1047277015
1423880441
925977976
1507493541
790128043
569970821
1229494569
1413581956
1698921450
979984751
797368808
977951392
1612520840
479294622
1156700815
1340749916
1589282037
933646756
655810099
509696714
1276103630
987371211
1462330912
1162963037
1488869904
622975262
1478449359
817535606
660013551
1089661759
896080099
1175828290
673396371
989320471
32470093
1754359367
765424938
200970304
1679103503
989309722
1346860990
552822415
750493615
1228246648
950393460
583242234
655801844
655289507
153737271
1330739122
1223768405
685565693
1237607947
825114887
1548193956
623828709
1204860099
1197753401
730425558
1184871426
1688822617
1051233095
1162388033
1350426477
1196769492
1028225090
1178150274
1662507738
1553111650
1466944630
1101464129
1522822948
1464407198
934187199
1605988892
1094389686
1025995783
842794149
966015592
978632347
806137055
1238464221
522779516
1661349628
1042185603
762099242
1571100072
1661804346
587801003
481879257
582543282
1559638525
1659208528
731557445
638668178
1194344758
1771774645
1712187442
743807173
1442113895
1184069332
768493138
614562849
1591231359
975961012
1780921920
849360891
1254968375
1395940536
1057174262
1191969734
792039929
694802404
1018920433
1549833608
707212019
1697052663
1639271225
1490857817
1098853329
1580485307
1234486716
1219650176
669223706
1713866451
1503185279
961254805
736945300
1369698589
992646833
1349808660
465832970
797188042
1572378104
764657642
1088205114
612267920
1237032142
969454245
962660695
1720835937
1393291332
1315440917
1489568218
1636555276
509246214
617221528
1314356872
1067084503
1785088789
879258823
574893764
1058008023
1287439070
1226165812
1051139987
1779552072
1613656419
1261386715
1410826266
836870469
1663516015
899021854
1441469356
1739937024
1305811266
952365165
1693471065
1768891068
560613402
1555160026
1682668502
1384511794
1512658415
1554463799
723319999
1018912429
853469910
1061697943
854113469
1767317097
1362401409
1736437183
790302790
1715244418
1204979759
1393929334
1247218750
1763084626
905581341
1162950131
1479952101
99305081
718390213
61156261
1131086026
1235694743
1089221684
1644795239
1189184498
1485575120
761591008
1068432548
1301655852
1165386854
732465130
1487573225
991271271
581145126
1740990488
1268713177
939552765
818105982
774145315
1744911168
520176169
1197937884
974259251
768536119
747277383
1136721828
1705689672
1107710318
910596245
1543710254
1357909284
1545621359
1004635235
687859086
1159454524
1542420006
1462077803
1409791131
1768943530
1007986361
577364984
1049908360
1750028325
768539854
977205533
1042172311
1617644909
1511931690
1678612233
1377120526
1466838268
849956125
847082034
806533018
1216093953
1786435045
530025022
1467031930
941979884
1587490762
801859866
867293404
577490305
181441239
1142554394
1195884036
1035902090
1577326432
1096070138
1770583868
253022344
1500980522
1316857375
1324259412
1677094107
498419157
1041542840
1111848221
1558231363
1765427641
1508919586
909885417
1763051581
1454614168
1695030377
1083193495
822316050
1385387043
1686006295
1228251262
978274445
1517421567
1758760018
794798190
1226388102
1592296029
843979245
977200765
1318735754
940050757
1047799619
1502831420
1497697574
844922748
1097409903
965042430
1564833483
1281462153
479909344
1469320932
1143228961
768488106
1275574696
698240256
844852051
695280488
776255962
861477633
265819264
1739659217
764079418
906249474
1712337011
1278813009
1357733672
896581337
1169259389
1202477330
1498648632
953619578
1115796765
1525503417
1035901858
1735837674
1333529951
1164399814
1210085473
1513236468
783990516
177802864
1209513923
1032043889
1734275709
1180360253
1343609062
1384370804
1076591154
663332717
1702534388
776251346
1295827999
850524245
982817307
822284541
856729914
1590849164
1560949898
1294781793
1599053818
1560867426
504386961
1416154626
1472447918
1795668821
1673811435
797080341
869313108
1033231769
676204167
1541640434
581059813
1008440080
292875185
875869182
1742397397
761661848
730039056
226944000
1176839113
556238212
1741746597
1061692943
1484660126
739567282
1722984623
620425710
1120373839
868125137
993333228
854324769
1470442323
191857646
1657734828
1761837088
956203457
294681155
1719371062
285858773
1574459925
878132275
660798509
1678172350
1679226728
972716231
1124221021
1280755623
1129997018
523112710
398548635
868193732
1698178462
1148993642
520385499
931353379
1525589421
1245481313
1530819036
1226073282
936077247
62733645
1389290472
489411341
1311966093
978415292
643182672
1464328037
636575357
705262030
1052184537
770497689
1319235907
1537356860
662174456
1495906744
996344673
1565510494
753869237
1673267520
1694372031
942191768
847925135
1694421479
1265230518
717731051
678182978
1635456556
1195971090
1102911755
1470128867
1384855690
1490692120
1271428985
1163968757
1019675219
778849317
1336577047
1726987048
1486452154
1333521549
843265103
973401992
1753565695
1389159844
994457352
1193174573
1692163913
1564857021
1358503549
1226576473
1475636280
1410758156
704269394
1149002278
491386931
1479545854
1777151622
717749299
1024069940
1047685339
198397853
1722635186
776842475
1688294892
1006419813
1036337218
1421498781
1007291647
1431175814
768528056
1770019217
1371835116
1237182018
779301311
1032317557
529052127
999628251
1665482373
1736431223
1182809560
1060714211
1699811543
1497556295
1745705847
1213166928
1220179235
851023783
818092137
1649854839
1658544628
718171845
465809856
1002052147
816357062
1774494045
1194107673
887290073
652490341
1304316944
231159840
472245781
1038252993
598871340
717735737
1555383107
1024206584
973935387
709684084
277203842
667017827
1186826427
887932626
1283212266
1683342525
1594911795
769063044
839458599
771464134
672847510
763634468
696407364
807888712
622500904
1040704861
1466635327
275461856
1091641537
1238317703
1207486041
1075388488
1724101266
1042402112
269374143
567923545
950400143
1262014057
562154879
573598348
235357780
1213671031
932194876
1149034422
621013036
1011624116
1696249741
1032823045
1570985581
1479748024
966842180
549694205
1707262328
1296983834
713307210
727420846
835228114
969618516
1197752650
700101985
722506502
1243830399
1770568268
200615122
1295243255
1331261777
700680637
1792037653
1209305494
1443540447
1320059472
916741538
531569570
1555370829
1601010958
1197589449
1465773819
1631472344
195925288
1644536410
903167218
1178084542
819038972
692981296
1094966459
1128636378
1760548595
542706855
1652353238
1746160349
1190778717
1175790543
181074023
956051779
1097861913
642241203
635082073
1331377114
744085901
1668650798
1195663522
1084007268
1180766324
959373754
1763853698
385049930
1079964099
1735844262
1462329278
1517870912
1001471702
1556626668
932192114
720488162
1364158055
1764286877
868126803
272539216
634847517
825948670
1446305714
717776325
1521846299
497848604
1745352358
497074467
1258849124
812283406
1399308411
1479112429
1690798780
1215401028
1706263958
1512501424
853796649
1577339663
1707385064
1780155935
1714452804
608454559
1072794886
599821788
1131086848
1434058248
627420391
1622205854
1735141591
1159420974
1062033018
1228013808
1317296810
969664106
880848390
1428840263
1162991395
925959440
1290403222
1679363598
716989245
543636754
840251437
1395744645
1706244979
1579879413
1442753420
825816000
1237697838
809288347
1726080895
1286972344
1254279044
1335701701
1023750492
909299906
1043527382
782513503
1022432373
1750029491
1088581225
1541749963
1114643041
723531213
1756482446
1141319564
917594729
1447498913
745312559
1305201536
1149411235
1360782898
1528216739
231769571
747815717
1417934793
1549967784
837293599
386744700
1366521966
1519307206
1479452408
917376938
980869945
861246004
725069388
273014268
1440060011
519030903
728133213
1460040791
1406317861
1495421600
1060974725
1746226686
978257918
1082019770
1083751897
1764627454
1151699068
491435611
621993264
1162958721
1223495977
1364847783
1196380596
961689560
1149006222
896685725
740626370
679977770
598867518
1561762039
1741304262
1501986314
1017717714
1592751857
1262808428
1735269927
661565644
1108572441
1667991460
1626880292
1515422239
991574466
181220693
1034551920
764681044
1629460615
1010338645
989273535
738277523
1696090633
1418323321
1711538921
1358548700
770207645
1644675609
1276880701
750994334
1283343782
940299731
1225309931
1510932448
1512240281
1084816764
1739689633
1443743167
1441721289
1159490279
1159922687
1635508939
168903557
1675874797
1521687302
1188310050
1712195074
1086696485
1388541512
997504643
1627274839
1034297254
889248052
773686044
1651412296
67421127
1506859720
1091689447
1680718185
1247778131
1560390507
909727432
1478463316
1243541566
785681156
484797618
1550979681
932849020
1187920971
1388539976
1043322634
832469508
1171237213
534085063
1243764601
1194237697
1571031795
556720574
1766923514
968628079
1573652741
1540662691
1758760966
914369502
766558490
1496901115
794240446
738221035
1140958184
1480443684
1665304433
1287118820
880858630
1207178256
684982367
975477650
231923143
1668724803
704542048
974148630
598638123
1166408132
1148993776
1248678069
1437299680
538198750
593335132
1483828634
1499762593
1066709339
1750031905
890813659
946143055
1779601737
1276542127
1036657986
1335706657
1493114241
1553002824
1772034961
1718607049
1347371780
101408865
1656874951
790142003
1004723832
583215900
1734450896
1772157570
969856683
1008450568
897929084
1237947196
1037717857
555787039
1328439971
709669864
216067290
1501986638
878788755
1398072314
986059275
1709435703
1355052289
806413991
1761935978
1174653016
471589004
974098720
795087563
1220739132
1217071537
542672407
1159161784
1739581090
878771135
1105274572
766453336
1469330688
1696103974
975453696
1130359417
1283152381
498758623
1051595973
1008541410
1569123492
1199825577
1506125840
737330510
889104061
1192319296
1095944531
1162950145
1362719978
1406703959
245339465
1638242964
1059852780
1240650495
1673738454
1659844872
669623789
1680194215
1642527149
939904339
1016746329
1496879307
1107435042
768094872
571303660
1297406687
903420199
1022419357
1501986200
1477481691
667717384
228064754
1498570980
1309814218
1666527479
807050797
1451355539
570954542
1360319483
1674766507
703877198
696385201
1694931816
1709836065
1771672153
1326540296
205567280
1703758192
1283343084
1160900480
1371247374
865166566
779866704
1779792037
596903839
1683773940
557013944
1298929698
1452673797
932063407
1564975247
703253746
889186437
1708810072
1075270902
1777603379
1332882944
1621875135
689962806
932713292
830688825
1667280358
1600751828
1756775997
1723637617
1475032158
811142707
1576713389
1341068474
955884600
1009842941
572648396
1714156987
1512170493
751787945
937664213
1744716504
1553182413
1131085804
1685092250
531563257
125921486
542949928
1258815502
1735845000
1171495543
1641908856
1458564937
590706509
1386386513
942342422
1033681013
1459850839
1571777939
1490200739
1201356579
1408168437
1451418419
1696246245
660493577
838889777
1184757929
1093767494
1627290614
1343507467
1511828297
1019683548
1495956504
1444318351
797900935
1476526255
1546304485
217732964
1093871089
1460718148
1587481004
966030212
1039523005
1293358292
1655992898
1543684622
957921566
1313939133
990528547
811213908
826182289
1410430049
1078863976
1087515638
961400148
1680387312
1509991903
203830173
1377832166
1500644742
1008174703
1379553963
1426284122
1771644004
1323069212
1554259881
1210199228
1719057053
1722656125
1224132584
794144996
1619241559
1761371920
574440265
1394777716
1694658116
1586171489
1670420223
270061705
944749761
1706558160
1643112079
1552551712
788237309
926464950
1236199032
1510997489
1732188139
584395513
1746131991
1483321222
1626352349
1798258433
890334477
928510343
1053858357
1463570303
523113710
806342995
1205372252
843282399
771265866
1501986332
701722543
1180292462
1782267680
525156093
808606522
486986011
1612872269
1398833800
1486598887
1170412693
1286747430
735783787
1059170930
1550978383
1207724420
1209883170
784560779
693248701
1657769288
941203036
952013612
1371268934
1713163706
1254752486
1726362025
824227720
1599607600
1601770459
935039751
1399486104
1057968690
1473455394
1784058726
1649555983
796754367
870546749
1285372132
1470174681
966866410
1384875120
1784554673
931276388
955049490
1648466755
278349620
1570266298
678264060
631091797
1570329384
1729387659
1170794680
1424950662
1345296452
1619682950
1684871750
860912998
1625539360
1784057774
1718004247
1466154062
1549153890
1646803774
1659989069
1438762627
1783958994
1559215009
762866268
1200250216
1511147331
1527112829
1711487952
1350139039
1417943207
1047284573
1101201597
1369930704
153734814
1719631792
1416598078
1107309712
1020295968
1770675780
893200437
1106591400
1630769420
1107696335
1293579728
1216312091
1745082240
1673730800
1783973164
694546913
1285937496
569376748
1397943516
1755238061
1552550696
1401676599
1514085630
1694077349
1658552309
1286081581
1667153752
1782326724
975947093
1444935085
832032425
1747082612
973890080
673440730
603586838
762864524
993961201
1227648484
1035790053
1413037033
1152610441
759738720
1754397909
1718694558
1751400038
1226347588
278088926
610572053
793168784
1559277003
1738390772
1748669142
1472618808
1733499442
777496405
776270525
1214032054
1794055469
1408935490
1247526452
771040657
603926071
611752801
1152852779
1057284706
1649613893
1669556563
1278226187
1318069577
706120821
1179091383
1268726906
1468449382
809812908
542665655
1796528539
1770656704
1511668010
1417941045
555174245
754183432
1610650011
1267490639
1413199594
1156081316
1256204262
1339599002
1663612716
1773020780
1796527789
1722179266
1736765661
1001302199
1429001573
1415395670
665310824
1713000706
1288474771
1377393006
1744463153
1230763368
1420986891
1481588713
872863990
1792106039
1091911635
1052093052
1160317312
1277605014
803927678
738906431
736094021
1599200952
1599758810
690117346
1482207055
1633944272
1149034424
1749388899
1639792200
1409742540
1619101855
251997840
1230241413
1639901196
706554949
1571994230
854394238
1579815337
1418906672
634847541
1358938387
1786504541
1516167045
1225167122
1744421621
1551016032
1685514152
753300578
738091458
1700631649
1660123331
1717938260
1617702337
549978066
1232166079
1121863476
937583082
1496980528
1796527825
997821841
1764004369
1678912449
1533840030
1101558982
1753677210
1377116942
1704672854
878765785
1253340253
585801510
930928836
897951609
1163437010
757452987
1421765749
1429188300
1407808021
1186212940
1605898103
540338569
805729507
1162950031
1389676822
1638436444
1242724600
861940715
62316484
646182797
1753061746
1388868542
1526016771
1306446689
1537628358
1234122101
1787493047
797362142
927184785
1215563672
989778536
1202293163
1546937607
1456393647
1718096196
1566752025
1754756081
1276900071
984472798
1036430757
1256221064
1584444205
1701423565
530758411
1169558853
1023246103
962623525
1782905108
766557108
842447883
612035686
1518832333
1410870237
265149897
1697843437
230255201
886909248
497554691
830022670
1157352102
1231572330
1784242169
730286408
1779224989
1783961938
1739950394
1721386656
1462471168
1566742275
893910057
1496978926
1258800202
1673442243
1698145828
945118469
497621312
1507212997
1162174768
944599703
1746629680
1155314361
1558285802
1647861601
1566597705
1712144473
743587290
1192334794
1647350284
1618245403
1795380135
945432165
260814686
1376062422
714608457
1617478734
203953108
552159798
598304596
643306997
1350835115
1290825026
1075833666
1260107932
224056269
1686998222
792434350
1780083163
1505416917
1720922170
1587097287
827329551
1584448479
718720737
1254137736
1641716532
1182416715
243245883
1743414343
1440733266
1649697144
1242935825
1705480801
1707044229
560638320
719848745
1531218879
866426832
980819050
1775926316
1745265570
942520645
181829633
1603720339
164238596
1181058971
849034253
709127688
879027373
872457150
708119925
1489063373
240940324
1650479642
1283344310
959282341
944856755
758284070
1679989498
703300477
1796527729
1168771746
1748854844
1336770924
1713070353
1230636339
510000298
1061696961
1283651885
1289479710
1316937065
1759958404
1684054871
1209207230
1778357773
1343276870
1510284970
1700765944
715177907
1765100022
1564381003
1231682923
1168982647
1138171031
1267623624
1276784337
1073559278
792481570
1287136495
262334431
1567093933
1656215364
556185850
828989734
1681296052
1699745102
596560085
728712475
1679539031
1571385924
1773021676
1027496093
1597423544
1213539200
1752327782
1681430915
929345005
871268218
1054649212
1759315239
1047597076
1208151551
813830729
1680928632
933765186
1509330659
1040007423
1585719255
1699052949
953419456
931576108
1555389270
1722396901
1796526991
712008912
1660327832
968358972
1388413081
1229815082
1475855320
1610486175
1519037572
1210811650
1772893451
1044081448
1465925729
1570265148
1744553673
1452986907
976533198
1178568961
1321770193
754647634
1735170410
1527301955
1429996481
1097249132
549690485
596531992
1577067615
1461743066
1355049531
1014337823
1684872058
1302298913
1232496516
641329805
1042899214
1603631418
1302915784
1726102575
1435719641
1545612872
1020273250
1555169892
1526005212
1617028441
1394725000
1743742323
1603108899
746288411
1231046789
1679610959
1093591658
1665496231
1511154523
165993762
1340265728
1098054734
762087921
1542851995
1594198054
1778713731
1208149607
1594786100
1240343480
1570678074
1783937544
1020280028
1506479942
1535812290
1721819122
1216422213
775986311
1277816082
1609843631
1034591999
1715278462
1662085589
1506319685
1696753749
1350103186
1166071664
743189869
704410628
1684313703
1438077722
1321440358
1670696547
1793218471
1547974130
765443026
1206835540
1782328446
1264033951
1515042668
1230607832
1195315373
1720380538
1671827556
883806746
1162949917
1730438594
994458594
979976655
216055822
1198075078
675752211
1535762808
969961997
1149031784
1276803085
989945830
1439364229
1016720214
1693619755
1382594438
788246531
1264362179
1359955485
1429349022
1174696566
1037826672
498146293
676762568
1235068947
1714879841
1262369923
1210881282
1196110070
1434642989
1168340521
1675106358
1388419463
830435451
1334077198
1246654668
1743483850
1355486758
1006787301
1329564743
1755796670
1784051664
1744077974
1771761847
1375968055
1319036908
877544413
838875105
1732513387
1679542441
1744544395
691406138
1006291728
516730485
1554655457
1093762112
1509388468
841999743
659956233
1545807885
1792561363
676446094
1721515687
1568148974
547840369
697229758
1282358981
1796528571
1660239040
1550056613
1276412460
769424140
1217268168
1507892132
1193174815
1648993141
1303389797
542633614
1517073240
1496972860
1034392352
1338890253
126957560
1410624756
1798169531
847484064
1574249359
1162986269
1075092795
1108277335
1058977519
1524116390
1515326713
1123668550
1729127205
921643423
1789378339
1468813861
1771176534
1753658833
1778359508
1644604358
1624942647
399445255
1654234665
894488148
1224145641
719124161
1752785399
678808678
1716701115
1240800277
768769016
1676481512
692496604
1615091845
1759461364
1733787076
1025771513
1737969875
1691291939
951398906
1678260768
570259727
1712153911
692168935
1679542131
687292977
1663612818
1358872660
1798151117
1132224569
1717825916
1500948790
1066624129
1235490687
1702600823
960440933
1744553079
1061725327
1782328088
1045456910
1012252670
1546679108
1083364161
1601963683
1149006270
596507352
1622833260
1249037269
1376373682
1682799688
1684872138
1741857930
956250635
1511165447
570244979
633646749
730139491
1148993882
848215369
493134108
1372808494
197163097
1527398889
1772495978
1727101204
1230655749
635143328
1785799121
1773426910
244365060
775055888
717496527
1184291378
968003966
1283339528
1511158855
1638120620
1608412321
784756671
1524011891
1539015203
1755359633
807232654
1735947342
766531726
1770007965
1744474703
1623963405
1784344019
103530509
772114877
1170279824
814139618
1579488247
587120768
1181224639
1673452231
720281838
1782328110
1573802068
1583441046
1359322333
850553420
1467509713
1313350416
1742517880
1283270643
251229191
1740539105
181429980
60340731
1773443017
669444553
1211938762
665223167
1758006788
1029518083
266642597
1357298066
569769499
959656289
1408021252
1512318468
1054200661
1179455190
660449198
1502977321
234211620
1301148068
1504430962
1745518570
1757476838
809361470
1762389305
515930492
991842955
701975302
1276758115
1370644277
1731975126
1162988831
1718075306
1783935168
725372865
1390162443
1265665014
584009955
1068560451
1746472295
1690468145
1741152292
1175055910
1029558889
1613097545
1436642186
989194495
1772403046
1606768679
1566685785
942301031
1264464784
1693912487
1542879931
1743227335
921752691
968742677
1438505342
1271094291
1733640922
818537756
1430758110
964671318
1599890154
1268023082
714411915
1478139557
1405613769
575455574
1488404701
1035757045
761287716
668226054
1685324088
1155698575
768816640
1034221242
1757217946
1541006427
1711512553
1776334463
1391280690
830118275
1456410380
1730315931
1020322112
1317499288
966105687
1712368145
1051452429
1666066963
621013182
62338310
1796528119
1739796636
1451100437
840170480
1493087796
1774939594
1783953900
1798141595
1511801347
1539506905
1721670525
572082737
1198801741
1744460215
978822408
1619312710
1443680858
1269375075
948633580
716020471
1707143444
975375830
926315397
650230303
1387837256
1744725205
1187412874
1129995548
623900548
1202051897
984690429
800786805
1171666811
1265792273
1098571857
1783867896
1497609596
1734438707
1692126838
945435517
903337285
1722682666
227252070
1746530171
1712153155
1272690098
1779267454
1678314844
1663362414
1343674265
1333857245
707212446
703948128
1412830384
615946223
1527491194
1511168881
1218643264
1048859148
631617010
1770000908
1699052483
1504985563
687691383
1276777143
1154408586
1014000290
706629759
1193174807
661508984
945087684
1770242303
791671654
1320228997
1704135926
1683349811
236032753
1617679091
1654560538
1323727300
1425294890
1598905757
1681127801
384416784
819766214
1201395062
1697854031
937938319
1399381323
617371518
224066478
1656541062
1569185522
1509276065
658592374
1568596777
806335571
611868614
1515366700
1578100440
278106902
965329512
1138473080
1747106050
1318514019
1561379505
1773006398
1558829659
728643665
687839246
1042814501
1456720951
1767926155
875156728
1699052263
1677326924
683148600
1022598938
1388407887
782054205
985207261
1183907655
1456536807
826807499
1783952586
1352441158
1699051529
708042456
1697138560
791952290
1665065588
1758723725
1552480600
1388395145
1268502079
1200248682
1267554339
1643318798
797341845
1771678434
1375028898
860636585
635565269
618940716
674866930
1543813975
1397781996
1148708636
1576740946
976067912
676204433
1508137567
597856124
587940662
1062447368
1704675758
1384540076
1654072665
1683328069
1667977518
1165814848
1634301340
1695830568
1105230413
721310367
1688613877
1054899277
822642464
1466637776
1442114097
1765604803
1329043346
1493769344
1333302953