1791127769
1768392684
1738513756
1507218331
1165074213
1590599396
959803698
1662617268
1599055107
1552513705
976399421
1454807877
1767449911
1500575180
1413727677
1794170737
1557893159
1519221424
1176455480
1769714334
1702545414
1306738661
1055076968
1758162982
621483282
1685764701
1781064401
1770618151
1765603995
1477212353
1766424290
1179118029
717406650
1056131492
1229500121
1776553605
1771357888
1695408968
1564469364
1559604220
1261778430
821698630
1293160145
1317604536
781491974
1737801444
1786211039
1111691274
586661904
1773901570
1297909806
1559288571
1750100733
1568118109
740799684
1506802480
1288007988
1350872052
1783466193
1700933251
1712734782
1199449704
1791072243
245702392
1771778252
1763145963
1764636567
1717549450
1775062478
1436922342
1080328377
1775765452
1272127840
1574182659
1785083419
1791692417
1710245476
1790519065
1767639855
1607243219
1470568751
1113231587
1754965902
1438782777
1792973843
808731401
1728455308
1726830778
1101260865
1282858597
1591871095
766384516
1765241256
1389098546
1748441207
1739583274
1769937704
1765206794
1782690212
1762107569
1759143206
1745486165
1158286938
1772442682
850266024
1768390992
1391306195
1576774625
1440925247
1712621155
1735004226
1056152574
1761915257
1756429532
1688604945
1593913912
761551500
1335064242
1479210860
1779765417
1533700507
1634935556
1276914983
1068173704
1695402104
733957859
1753923632
1705092346
1779966748
1759798574
1226270287
1204648017
1504627487
1526725821
1031517281
1779925056
1753508870
1139387318
1703496953
1790202095
1788160371
1718420326
1769843140
1679779658
1756255154
1616338148
1750882885
1776049730
842063333
1152042197
1222761234
1722787518
1765436391
1756139347
1617857665
694538398
1747405216
1453148472
1593690923
727888652
1767412666
1069208156
1372675328
878120172
1790510705
1774342074
1156952237
1693832491
1592419338
1785997917
1789720981
1748062138
1662966846
1773667524
1450946440
1589402522
1313596841
1587044583
1215486307
1161086093
1549711667
1506164596
1754356550
1759491485
821536160
1290661562
1586389925
1685637155
1158287202
1451128835
218453962
727908280
1786253801
1789597733
1590239172
1509399207
1590166785
1075299398
1105766770
884301347
1602303355
1784607777
1780251904
1755135443
1730076834
1673052568
1603570204
1448042892
1717527606
1778715457
1554075102
1787784999
1758144538
1532548735
1562329522
1614016712
1397183913
1571922627
716100418
1779472647
1529549658
1193010111
1295153042
1613727559
1425262977
1784507573
1290390365
1717622594
1048374667
1729567606
1255670479
1679255275
1571769654
1776224705
1634838748
1450132937
1699739190
1763452294
1704877386
1769623811
1597454022
1781374084
1381440788
1532451175
1541972201
1603302902
1760445816
1275667198
1688551244
1785957627
1558903776
1763366918
1522544935
1360007407
1592467606
1571283528
1730343864
1612351581
549411693
1760687762
457743530
1758668354
1790549723
1716722283
1366752560
529365321
1781025274
1729798689
1377267062
1772519788
1562588371
1001919479
1758786471
1783867755
1402409849
1292986501
1787991653
1779228126
1455911356
1539451975
1436921582
850259742
1107442613
1779422992
477194236
1010524858
1783492479
1702867433
1032726963
1592119844
1294073554
1611799039
1754736221
1338646247
980107365
1422286222
1769653846
1542457624
1573007574
1751688669
1427733385
1573261071
731577336
795952283
826250980
658613152
1772503808
1791543177
1612733495
1686623357
1507992608
1778309539
1470859849
1246927104
1589192115
1530560729
1533563174
1771470234
1422514912
1483823294
1691101525
1687206675
1793839483
1716920334
1591387119
976388778
858520987
1777358835
1607476041
1268715434
1710678732
1762683078
794825471
1111864702
1433837521
968127073
1098042629
1755263388
1716497270
1717308658
1694222427
1775607468
1776006336
1778904544
1265769687
1519910481
1764107664
1481175047
1466186732
1664935222
984321344
1393511533
1723093666
1767735178
1532269943
1625595377
1570723108
1747401046
1199458514
1063056912
1775382036
998163504
1775146204
1653567713
1762232468
1094900117
1775136522
1272509856
1422199896
1758700184
1702162497
1729176445
1686678529
690707328
1209613816
1712937434
1653136070
1005262025
1298902019
1744001408
1091982160
1716765288
626309250
1695593740
1585563420
1787933393
1609833608
1744876332
1786684361
1568477368
1642933707
1605807395
1242833984
1482733972
1422495133
1667021034
1611795837
1796726277
1755841628
1373375216
607487094
1747618046
1584784484
1658023008
1566725748
1543216186
1746274002
1562027877
1484215992
1756599434
1389042824
1735953940
1751982875
1343074729
1281343489
1339196819
1006807757
932929855
727217527
1773216666
1614624938
1463081304
1535388920
1776080190
1680498918
1774822152
1337954812
1728758169
1740481848
1734996178
1466211011
1697665953
1760919100
1757714198
1540054928
1163179919
1302677753
1378604968
1769549012
1748924591
1687987081
1602826737
1582216340
1732787026
775359889
1591390467
1517741552
1285194494
1603790400
650399091
975960062
1738331432
1744791570
1617490169
1787165949
1253409115
1635477848
1438334999
1406773179
1790147305
1457017143
1225367467
1763701552
1653282366
1253612904
1577087356
1673948434
1785125749
1793019287
1247837534
1562211228
728991211
1774123732
1783233280
1321200371
1771895068
1596854348
1769904403
1429465056
1605668206
760299031
1107939326
1535495143
1533269324
1795122425
1582686268
1791673645
1755752265
1144365898
1069455367
1498105589
905335292
1731308947
1712112718
1603950382
1263477966
1594970538
1768242939
1587171939
1394592219
1787571891
968206139
220246447
1698285350
1504798140
1596270501
1748846373
1771460786
1628323275
1388708062
1776855316
1761294870
1725524372
1247238808
1566491941
1291642842
1245900520
1769943282
1471495891
1775296380
1789138721
1785538965
1548880400
1711442929
1753773650
1774624026
1115938179
1324694529
922446935
166636407
1476175126
1435495022
1764661906
1235620218
1541550878
1724976303
1548242339
1763682825
1568413799
1222112222
1717239634
1768746177
1342794134
881566219
1690895712
1787671459
944825481
1412557051
1018855868
1109697512
1598907060
1553739368
918971461
1579336230
1261251907
1278031375
1124545593
1400395743
1771910879
1188947869
1277173002
1760162402
1796694775
1718305898
1067397160
1766076532
1355311454
1699384993
1305485230
1672472215
882001204
167169959
1509131734
1770323752
899603562
1576388471
1290176550
628116993
1711598049
1509559897
1751603935
1749537468
1726595921
837730572
1788032235
865365171
1734618380
1798619617
1735060303
919919840
1166573771
1768356413
1609551855
1535780469
975632936
1756354892
1581263234
1115773979
853279495
1708073379
1772339430
1042258039
1285775454
1765747846
1738998152
1311235668
1503018129
1777809788
1108985050
1593269564
1746423011
1587371045
1778795220
1099294330
1659571630
1593015342
1570425196
1792911173
1776402152
954534626
1682462098
888757218
872287684
1791702641
1496588893
1646500754
1343950962
1601452030
1726564572
1780279560
1492319065
1789781217
1067464320
1639796191
1765194421
1241703353
1749235177
914495791
1777668125
1589589097
703967068
1709589279
1484027041
1523992745
893440803
1644924332
1318656855
1776770560
1675554188
1551227159
1752564664
1661557111
1005615136
1781948295
1745900490
1380957470
1100660995
1681689941
1555900128
1755726977
1757944439
1760619070
718975025
1477084514
1647358404
1241828989
1360490353
1747813640
1571601552
1770480696
1651510866
1780091859
1030455613
1764913744
910314787
1050486373
1563623256
1758510147
1373167134
1000006314
1194986361
1599745911
1764125272
1784119159
1577319452
1772034818
1010958863
1554850304
1101933876
1560155607
1623492762
1286112147
1458062310
1595529826
1666912206
1276903487
1771817898
1176824556
1106522156
1751145155
1247976449
1638952022
1112746345
1401998181
1711547409
1563236745
1782606869
1459401248
1328524809
1596047658
1577993198
1237347936
823411726
1702856758
1766522365
1318627030
1596685563
761859638
1730628036
1725602132
1592354157
1714457906
1661970931
1160391235
1711582682
1508863637
1773509904
1309662012
1681265292
1032734863
1547066048
1075416268
1753972440
1767322150
1678405111
1727918675
1046357685
1714407639
638046936
1263754837
875201089
1168069295
1666716022
1486654839
1770453093
1761625689
1307493794
1098569441
1540188629
1771385859
1672597491
1765446502
1695186035
1784131144
1777010477
1591916292
1251370836
1612049247
1652760769
1201950020
1312128094
868049984
1773502373
1387989516
1170880459
1650900530
1134332951
1438644518
1786053039
1344807440
1185449504
1669639003
1383287704
968838340
1768526027
1249152058
927642674
1756476036
1775217528
1484695183
1729925528
1192724551
1290622180
1244025374
1712707496
1781503632
1592704945
1785398833
1623763369
1647231814
1505995554
1723876998
1472288115
1509952317
1501172814
1731760784
1776112014
1211217659
1728295770
1528354254
1777660767
1792462301
1510669706
1428389773
1769159618
1226633304
1719618766
1024128431
1476205931
1585762454
1754641738
1771268392
1730476767
1761455149
1767840784
1744944745
1666525057
1587228401
1297726908
1137716772
1709511254
970193737
1672354724
1622872119
1633255692
1156500769
1649809264
1741051856
1405900344
1761021155
1522937917
776307385
1635595304
1783718927
1771887269
1662606626
1233033194
1140933209
855564745
1727669995
1467249256
507554239
765772618
1755615700
1687200939
1781604685
1736740984
110742746
1798339909
1602255313
125040069
1715942604
1546563931
1363851595
1449441297
1364274663
1629921217
948234008
1556322792
1645509335
1666271963
653495359
1409716298
1630915716
716391437
1783158562
1445574502
675042914
1598988917
1777492535
1782340732
385547700
1777836043
1750255262
1446404404
1669383474
265569385
1744643515
1582442424
1480308854
1529485907
1745332206
1563366987
1544605651
1404204740
1571385767
620715970
1784821885
1784138168
1555517326
1042815563
1713656331
1752412352
1478506740
987262952
1718996576
1692507472
1713995445
1774044225
1691649297
1285566712
1003729948
559113485
1608632086
1547506034
1653026958
1528797117
1762317454
722844145
1768427349
1770630951
1449200581
1585353460
1060518270
1781587313
1135304692
262148958
1658785738
1721508635
1302779229
1319812303
1540612154
533312810
1621189033
1635296867
1636592251
1570403961
1338673237
990867433
1784042047
1213905541
1471519743
1754663745
1527391166
1776624220
1343741499
1000523966
1534851383
1756375616
1785178847
1650972546
1537304364
1343352975
1768751651
1730047308
1685886126
1135938691
1777000943
1769060791
1744361058
1788036223
1664923580
1651954783
1434959326
1348270420
1163384780
1569915533
1738704118
1727824452
1747314886
1732311177
1096647054
1558642351
1438347912
1700077557
1303854491
1767677116
1580888157
1780082452
1782788197
1348404967
1783576399
1219295855
1051666048
1672537298
1595041790
1466050354
899859207
1774529933
588126998
1779138820
1773990575
948376404
1287161395
1788441503
1710722874
1737070614
1778282353
1288078846
678314539
1690311741
1665432920
1769426582
1504806050
1788377955
1797410919
1769914780
1729889356
1736721859
1292973679
1626128640
1771808963
1531968823
1571832235
1784147494
1753035566
1782556129
719135496
1637983516
1452352681
1752480921
1776154565
582527841
1756955272
1737802709
1590716409
1542480481
1738665550
1286267815
1408399839
1324695277
1511233992
1500515341
1683519948
1770881031
1300066621
1432496550
1790234869
1712279860
1740943281
1659181026
1773424378
777333843
1759459295
1100542080
1563833188
884039621
1783978105
1778167986
1144136408
831600882
1790771051
1798373599
1776650986
1775240329
1508395391
1613860449
1745702004
609710110
1520672672
1568782937
833804797
1771033808
1548317763
1725176299
1467363300
1768815887
1731723026
1738903213
1147304932
1678696774
1711051125
1771452972
1783890507
1783410445
1395823965
1289576957
1675952713
1154206708
1727639471
550139288
884535437
1644362286
1632092126
1068865673
1746832476
1297620134
1685176808
1577533496
1198148028
1683490217
1782505318
1786748435
1596014840
1010686783
1320782995
853729812
856988919
1084529744
1629619641
1146144598
1642296586
1673249657
907230105
1109409804
1787375337
1760545926
1248481782
890657166
465951685
1406215472
1761022593
1548551750
1744438303
1646659439
1776536197
1647716164
1741973487
1758234762
1766768076
1316931080
1211662401
1392107971
1302816941
1689548437
1192018355
1450461903
1735141930
1610408959
1080970304
1749759929
678794591
559076363
1588653282
1252846608
1737148430
1709696802
1600250664
1633427948
1797230371
1742620594
1623325484
1788626287
1779804016
1714594586
1731582108
950496268
1331663027
1058181911
1794797611
1566377710
1742605710
1720885491
637542810
1257103317
1796335427
1342574651
1051452142
1086811565
1772036536
1326254038
1724312927
1730071156
1589744789
265416599
1195121034
1693301845
1741423395
1721336749
739557327
1598528980
1710158215
1710727336
1689618012
1609933016
1753149480
1704300489
1541573897
1794803609
1567883900
1498990646
1768145572
1119338406
1729999373
1628458116
1555493446
895738937
1029356771
1161762472
1339824373
1119084758
1664727175
1475319671
1783838824
1037669303
1302724444
1544842184
1780275005
1440531848
1712089918
1046736415
1330710849
864328415
1769798720
1791316397
538694937
1289588962
1769124990
1567031969
1782446684
1088720185
1696314038
1272637499
1054179984
852313931
821069069
1591284362
1501601986
1765579872
1281437249
1320962363
1678880029
1539638134
1499980457
1711963005
1737053281
680979558
733316446
1313985096
861600175
1679083810
1771337377
1486273181
1197892288
1765245272
235127838
1783525205
1704884224
1393229120
1663237126
1510435545
1742920160
1398909293
1796683153
1733223497
1518223027
1634585482
793214467
1345601665
963664339
1765099082
1769401842
1784150890
1747962803
665229371
1717942297
1793209825
1236808522
1222740829
180825143
1434559956
1512903035
1530075025
1590234153
617079724
1796919985
478802980
1774018497
1685411772
1534617757
1547420104
1687203513
1783413805
1769029753
1307529981
1778207139
1783303452
272815232
1320022197
1475897135
1073162744
1729787605
1223731578
1407740844
1746829444
1507017167
1723703271
1773068024
1211001870
1705898583
1545938474
1423987299
1750266684
1778140097
1449345274
1681400907
781955900
1218687003
1741590340
1374815748
1699057484
1670544529
1659689261
722335299
1656644724
1512627914
1745687651
1012557080
1647201850
1796910105
1754390236
1625490632
1579607743
1617957247
1771537532
1587553324
901470204
1797022673
1508503622
221516788
1728316070
1707803400
1060533500
1562852171
1384435326
1782140119
1587245963
1748473919
1725722804
790382133
1753029908
1746753023
1775267236
1509912509
1781304292
1188491987
1772943402
1783199164
1519648287
1225572217
1785967255
1257045356
770924152
1760464365
1750267862
1328117584
1576093811
1782971109
1389793862
1161475764
1693524516
973495608
1777770368
797108049
1770103486
847884899
1552551492
1667359124
849425534
1742210020
1292024055
1588212399
1306929718
975335408
475742580
1447912041
1694526473
1636629344
1582493799
1574333544
1510952218
1262213976
1747917508
856082206
1310945525
840299380
1718332290
1770614050
1748461646
1772325420
1297055814
1312489329
1717222617
1271700244
1097919269
1005356719
1108374749
1211205685
723469234
1783206086
1772439832
221515003
1128933833
1394179850
1722133582
1734349364
1458323269
1781132776
1331115165
1767406539
1621081060
502080852
863023893
674551509
1758212078
1612661910
1224223799
1316260509
1767544842
1711583230
1666138530
1075251908
1544090133
1762543460
1727685819
841815463
1741788358
1284946923
1590429806
1693550946
1265176906
1771585766
1274230463
1077839829
1225768934
756107412
1753423114
1783098216
1364994070
656960867
1731107236
1781063965
1768043850
1758187524
1490935366
1682161755
1641916079
1606955025
1785658163
1323512464
962845026
1069107300
1737340266
1736397258
1651412369
1513604179
1593674472
1335095355
1710916889
1760507081
1795335663
1535147581
1187587015
1209269766
1749845392
1783863331
1249787766
1486182031
1335416339
1510660004
1796067665
1428265910
1766727775
1386508455
961608138
1772459407
1796254319
596451262
794376588
857686211
1321962245
1175721072
1483543297
1737877796
1053239749
1576208499
1716446694
1766652300
1501517178
1053598708
1142596050
1361943581
1767110795
1299666338
1592111724
836363328
1739724452
1507692972
179331709
1772563726
1175707161
873121517
953184534
1653445563
1749485764
1346377555
1663365237
1564213863
1733318683
1564181998
1087427601
1333627850
1433180591
1768246760
937122102
906609667
1565305799
629087872
1504338254
1213065362
1103364420
1768528597
1732583674
1508175553
1699980818
1573751524
1573927843
1782019160
1377427156
1239563301
1797333903
1572909072
1776038089
1549892688
1229165251
1764093887
1711144690
1266486767
200282723
1753397309
1772794773
1319213423
1680203814
1571559072
1756784103
1768687228
858305906
1779819938
1627390871
1220070647
824566809
1712244886
1623995227
1328039380
994657798
1584989138
1579854425
1789793229
1420201375
1783434427
577319605
1528559678
1438358803
1093936822
1641159005
1774846047
583115805
1745369867
1782694620
1703032762
782436844
1264593583
1777255551
1130697329
1105125186
1700713588
1462985876
1741001197
1771559451
1005181124
826623061
1777130085
1294499067
1757708030
1687350918
1761457935
1737441333
1740166796
1749583382
848181729
1554227504
1523627348
1533444653
1250206360
1595754428
1744739902
1770310717
1558597784
1324432262
1162259667
1763506517
1594379903
1714074703
1757465407
1510982687
1784092300
1424415762
1756644338
908541814
251364127
1278177773
1739290436
1551431676
995886782
1780072095
1683345719
1535231910
1734219908
1586476910
1664714957
1714705261
1770311546
1620436465
1216581830
1781446890
596311127
1579251636
1770204779
1704936743
1768555576
1758470685
1773139312
994091549
1773309046
1541361105
1367681935
1736699223
546074027
1781415655
1583401788
1602098677
1693952204
1653973703
1707089922
1595499305
579299685
1699803924
1529059444
1779854627
1598507254
1447267103
1152492815
1592372602
1736996589
1645008992
1283277399
1765098821
716340444
1080441112
1766455283
1258845234
1662297835
1782162997
1751295408
1773660272
1562598972
1770682477
1710427419
1677938009
1795100605
1578129460
1779298140
545541594
1683867044
1761312258
1087428877
889768729
1797023613
1784560385
1740902482
1136380994
885325003
1754975990
1219687131