1767877447
1741704656
1683185437
1653287995
1739885505
1765978535
1211819916
1584661253
1555880596
263078280
1757714361
1500696613
1469263977
1587360093
1318940712
1769353243
1111589271
1560640064
1661904577
1537652067
1561387915
1750654898
1318392987
1502268318
1702679485
1532655219
1728523760
1656104355
1591240108
1613317497
1748307936
1653419167
1763889037
1175853769
1674296661
1718347927
1613457151
844627280
1489094343
1691485833
1520772555
801857675
673969093
189038264
1735827639
1647018228
1622054426
1748831218
1739859631
1509627099
1571928756
1588415011
1338583156
754071058
1684820806
1584714065
1581182828
1600775422
1722187352
1687716733
1775488495
1744112840
1567940692
1700311043
465071313
1791600021
1493471394
1483695275
1649603980
1711645531
846514213
1729939688
1566465055
1489253419
753372335
1164703243
1237720727
1743460651
1492299430
1693225654
1640730068
1711087068
1776606177
1686157031
1373985411
1684222944
1022448473
1459669447
1770272981
1488446431
1508639029
1734899891
1693868016
1743819035
1720745775
757382551
1054053083
914738455
807723082
1666140494
975342702
1590503383
1405929720
1719379006
1730670908
1446490849
1707809448
1300446276
1704254351
1385606260
1028555986
1137906028
1570014911
1638610110
881545890
1499937557
1113168245
1728900399
1671626750
932359702
1676494895
1664532937
1687366433
1579977834
1276071509
1175802403
1481412877
1593773828
1611636043
1734921533
1709934449
1715194072
1167292721
1750090339
1703985847
1678272032
1576109539
1484996863
1760899877
1493354156
1001831274
1712876541
1668875351
1213647277
1723441598
1691492858
1748770901
1747224861
1306205635
560142098
685655384
1497286802
1246907669
1547447148
1558313511
1689819765
1556888025
1463717325
1031371499
1716204978
1516385828
1071917659
1717465656
1791569899
1335289419
1449493280
1454064011
1393097547
463485964
1755755063
1710161304
1606020425
1464852073
1744821012
1753529985
1472897123
1144036910
1627144191
1743463751
1664060067
1741854877
1491487106
1267650210
942294003
1711189997
1747706816
1724286210
1108096479
1468353749
1713525135
775553225
1438383829
1726024963
1192886810
1738887489
999791159
1680650585
1698783494
1556083036
1692918897
1250129035
1563296102
1003673033
1725679030
1743042350
1725707886
1390720447
970802889
1693717628
1538087242
1085940285
1698690934
1431198720
1742739704
1649060949
1209091942
1591247846
1208192347
1713146989
1736813475
1117066119
1708503843
1611440804
720315123
1177469595
1578937884
1463961389
1292018363
1533800746
1760000264
1158204328
1746205134
1518966202
935221523
1738869216
1443725359
1447244990
1226086288
1723453134
888493824
1575218972
1463296619
1713682719
1163404802
1447485606
1527703978
1557433752
1721544196
1736625555
889448488
1238814745
1760454010
1268565632
1742804299
1030669212
1674933965
1757526693
1780772045
1677873922
1152887840
1756942856
1653866286
926730373
1689347912
1451024716
1726181063
1522821894
1183733243
1380611114
770251111
1595713157
1745177470
1639807211
1490172868
1658167276
1664701209
1786417695
1504006332
952593451
1714542317
1714134181
1745009569
1371847471
716459590
1441050836
1545418725
1729155167
1577853643
1713221541
825911362
1553357914
1656009079
1713077347
1755531080
1661876298
1296455527
1555998486
1720600681
1606951959
887302268
1772625977
671213378
879906678
1531996931
1555954590
965965566
1726415423
1706803558
1593545103
1706745278
1700779798
1549746149
1781155433
1437054249
1736552440
1761643483
1771168335
1465276055
1264698278
1428179942
1739075136
1062685980
1697020147
1434643447
890488061
1015598524
1708844582
1766904450
1526069571
1512091774
1237118808
1566595843
1209474982
1759308506
1612739189
1641301778
1563566973
212747744
1745944495
988125676
1716524518
1405644194
1018111959
1143525214
1744072465
1641612115
1771247171
1638748392
1745321745
1701161265
1674386552
1757380547
1696371122
1046730329
1127439858
1481508635
1714577866
1280198249
1698302544
922295446
1720335461
1764046165
1673687999
1554803069
1577432669
890559683
1175014034
1665659591
774335231
1757817850
1702843812
1218875475
1732830247
1287118419
1694462398
1083624697
221727163
463509326
1654863542
1601516966
1224903190
1644627088
1381692656
1720753021
1677728969
1738003066
1021685679
644831981
1611463577
1732920030
1756057899
463486608
1749160755
270440825
843868467
1677273107
1506844722
1756373885
924915666
709311749
1610135892
1611663739
1556519735
649482564
1750973946
1733052912
1715234568
1197486182
1012886858
1717076945
1775723904
1350108073
1264718803
1634493049
1534532114
1743163920
1644142668
1716445369
1735276847
1742257829
1736561156
1711127006
1761608539
1362701809
1518822219
1606607145
1647265228
1439153738
1704047118
1720731590
1697252698
1745174553
1648781781
1163536738
1056325653
780957793
1552955014
1698353938
1000464601
1056236705
1047605101
792400451
1683027982
1506596878
1746812012
1646992706
1089309718
1649046565
1641239998
792399029
1577085636
921901224
1641777353
1711636251
824935986
1743221291
1099128617
868275073
892248410
247629528
1466295173
1042255528
1465892728
660961551
1238965190
1101259401
1759238112
1395872379
1593604258
777448774
1224878194
1056238561
1640651090
1683144350
1267756548
1639636784
126968593
1691318239
879614693
1372172284
876245954
1083382782
1739495241
268694530
1768414593
1520298301
1037997318
1676421205
1706373548
1685189391
1451063018
715247761
1666908372
1752893388
1551651411
1226424147
731168979
1712454797
1725688516
1257104446
1522728189
1666690927
1376128080
1732343904
1651565833
1520782429
1496897242
1166627643
1511084585
1548238454
1278352975
168696689
1795489835
1617357156
1740091760
1473830533
1666565732
1575665126
756354160
1448782738
1714340023
1600357663
877157104
1425719812
1705579803
1516156137
253612055
1669520977
1404605426
949900414
1449002765
646333792
1672625308
992382482
1626950704
990825473
1478458056
872690515
1753930958
653744362
1518168399
1292047292
1418025001
953742954
1731168437
1742346722
1154453543
1734473112
1748892171
1381728962
1654413237
1745202935
1198252067
1769088152
1292731529
1715480217
1676744612
1600721863
862289449
1549424243
1693334220
1296524931
1651977648
1794872705
288017461
1640641970
1671486163
1590484939
238987700
1555992234
1714584017
978855138
1673682211
1534649413
875956608
1742469350
1672490296
263140379
1743408820
1211792899
1778595438
1693972706
1718796273
1735068124
1760268431
1641290430
1763867730
1771282602
1738292211
712718842
1712467157
1240643439
564487899
1219246719
1736996581
778443368
1701071284
1710348165
1570265811
1417412261
1262880286
1700856836
285539511
1775491651
1699251102
1658539112
1736142732
1601137634
1233102887
1577561674
591945215
1738732184
720403714
1772717029
784365577
77427174
1655791666
917335788
166173771
974682844
1012106984
1087327948
1202440789
1701849939
1703436502
689106750
1401779985
1393213038
858786950
1749555400
1051932547
1744409636
1566181876
1750817083
1656140419
1439744807
1716474783
1400436953
1497289284
1663338042
1593631508
123986923
1737627323
1760841316
1570100403
680286255
778520602
1701938806
1756872237
183938255
1157733196
1733241006
1720649480
1659129303
690085074
1467257712
182216811
1279717789
1738039119
1669425563
1647056066
1768573759
1729100580
1412259247
1692074539
1043912400
1468136507
1260165302
1409409852
980637203
1533485031
1725517648
1109020172
1384128249
1724745905
786151442
1669936181
1568358477
1253540778
1552852772
1591330546
1422840172
1676239331
1384612878
735977355
646683961
965645408
580003944
1638805642
1360041873
1213865870
1258525578
1650639464
1658911053
257612184
1679279609
769861013
1682481192
1750242162
1683607049
1762380880
1740951301
1127731390
1528344797
1642620747
1391015839
1591273067
533633043
1721727046
1007746704
1397826198
644918470
1766254858
1593629242
1515682360
736427732
989944583
196699074
1483698978
1632883770
1727656370
1730929878
1674287920
1570354795
1380349257
1772611687
1566056760
748206602
1755194944
1701243497
1779976681
1670238151
1589960923
1503149998
1305921263
1577844885
1008447165
1129510375
1390221173
1724142793
1262895289
1756573315
1561754358
1757621181
1684071834
1716312265
1655432867
1755108992
1500290123
1202440377
1767885335
1465714785
1028449226
1726830778
238332353
1149390720
1227806675
1524733132
1607172571
1611366730
1584124048
1708559028
1555843316
1570356677
1776863229
1092779804
642424253
1716317117
1664694037
1549231087
1065303144
1472307128
1351423168
1668957871
1612963914
1752999314
1229781955
1760555066
1767568658
1761816808
734523509
918751984
1616205419
751019979
1247596272
1785806531
1531388661
1422801624
1397942795
1639071088
1768817204
757367157
1401227845
1722746736
1754387513
1472070800
615516302
1785311197
1462155563
542988876
1539354100
1519687800
1381883906
1524900327
1244665304
1725406925
1195054136
1684524440
1343516976
1634656954
1481769917
714729161
1744777486
1628967624
1789382179
989910711
1745347782
1511585808
1603413332
1591539347
1492016583
771717832
1749012924
1764662939
1728679486
1761512165
1657609655
1183976159
1465826682
1702694743
1555321944
1758950405
1608220615
1458175578
1519624439
1463303563
1698782154
1777560009
1188488330
1430159421
918577610
1546315969
1719722784
1115898953
621729913
1529396908
1535180205
1294089815
1729631869
1588188196
1674839355
1753678844
1668967321
1759597266
1319361524
862477441
1168675426
1506102633
579799838
1185008177
1286973488
1655819479
1751024491
1526013427
1630747142
1599394941
684099609
1501704686
623531036
1527777234
1282076881
1195882102
1714485120
991694434
1641810480
1042071297
1504013728
1704535176
1600842474
1670977225
1750671492
1795155067
1708452770
975448330
781997781
1449748582
1398530534
1779356434
1556885977
1782985409
1780954506
1689472396
1784926121
1748829084
1778177674
894455539
824742946
1716000413
893579980
1779084416
1780954596
1738712624
1556129308
1794068073
1433589145
1402760023
1722834381
1494310679
1711448645
1315336672
744318600
1505959702
1725946344
1747406006
933275386
1703843557
1745736933
1706596396
476985289
1745216437
1771887817
1252768490
1757291166
1731119831
1294656284
1170232030
569165802
1710346071
1688586084
835494462
130940745
1781220594
1544826380
1676404840
1455111084
1360516859
222431892
1326686582
722622654
1221159397
1702669281
1737480393
1724732815
1655239473
1437971411
1542806162
1457739826
1723215936
1759927480
864560577
1082606063
1142401636
1442090838
741305384
1518315312
629770048
1250716976
1531743524
1340467624
1559454041
1743693750
1769305548
1655158528
1662202766
1713991659
1673541313
1149847624
1187319446
1618129855
1497060588
1659824358
1686407131
1659892648
1503089443
222519871
1627421304
1683021073
1057919110
1298364158
1679092767
1165793796
1751906389
1651977594
1725148750
1490842129
1670791308
1185188422
1689977639
1357562714
1574765464
915057817
1786846767
1561757540
1713318455
1700102625
1426980578
1700972682
1481024926
909117011
1217496168
1328384129
789990730
725123887
1758925973
1437849298
1433546988
1635059122
1716929248
1658392120
1708488268
1429451968
1712315452
1180940519
1556517409
1396080258
1181327164
1750810877
1757568139
1566618441
1583169976
450696842
1466456354
1736989176
1465705139
1483717507
1449757274
1369769936
1116213717
1418788557
1724171912
1029410013
939171870
932522168
1789150305
1753468937
1710595058
1746491151
1641419834
1772074273
1621086937
1068990249
1788258455
1565946033
1775781201
1700109530
669902620
1738396863
837299551
1751104879
1758196223
1504824201
1696326175
95246215
1058488604
1549232469
1238991783
1721206965
1682157582
1751779257
1733865414
1672918531
1741869095
1577091334
946950510
1717570101
1712021724
1258630597
1512319319
1779201452
1763023065
1711131782
1748770999
242552844
1501652029
1781883559
1226390791
1755281254
1753009678
1776065257
451950472
1757463266
1795153711
1466547955
1033798180
1780953224
1658550485
1718118600
1513964930
579404090
1615689671
1692153594
1779871196
1779312896
1793277859
1559198322
1426881974
930416282
1036945740
1014909452
1686076566
1519190893
1333611695
1566060545
1277069975
931410384
1239011539
1700375267
567168788
1580730813
1250278599
1771243556
689087466
1782391043
1752146076
1711110216
742864172
1747450216
756266792
1600765651
1211880897
1694496363
1454460700
1764862766
1452280879
1487740930
1609249236
1015884362
1779509952
506686355
1702751510
1509405586
1392728714
1458982206
1246613918
1751081406
1738766762
1728716464
1739478441
957495193
711475485
1556708163
477463124
789075136
1150296574
1598283712
1096014845
1781459607
1721734227
673058123
599404278
1694793700
1442576525
1411997371
1278184204
1681254152
764925324
1627009912
796664166
1747058865
1517798991
1220424504
1738822240
1522453744
1714069443
1772874000
1677009148
1720933409
1788498505
1116548115
1590446130
1751735245
1176044153
1504503140
683406897
1482781270
739760233
1512512738
1499683010
1596826151
1302126183
1648474522
1087976699
1406083146
1654711005
1251960758
1729628246
1521387133
1491449456
240321652
1760099927
1564365479
1542341300
1760271761
1429415724
1632380590
387088686
1326674279
1700878891
1674519627
1751034956
1785983047
1480712887
1706179493
1738872967
1192793889
779514591
1448272752
1738607672
1713508738
1586385765
615789344
1418912041
995730884
1626026170
1322572668
1166354826
695378821
1416716137
1724538462
1644055708
1750408297
1752805435
1739701150
1569286992
1264718815
1441174715
1589752485
231256197
1425039325
1067199811
1762332441
1391495033
239886918
1756088745
1034926592
829532891
484399101
226847819
720733187
1725628106
1335640642
1661394386
1769020843
1724205630
1558844624
1440091084
1762121263
841514611
1610757034
1510841046
216735046
1306352568
893749945
1734729873
1756363393
1713371247
1325577935
1536054072
1775489719
806174223
1706161090
1740302036
1174926427
767988317
1247882002
1500064734
1213291156
1763290557
1530322751
1750246553
1688560623
1751993293
1424958812
1550353762
1316478956
1557949087
1190328618
1183080320
1411580884
1187252372
1567069276
1247420921
1621433018
1536347194
1684060344
1339542406
1478587988
1496210983
779324611
1555838092
592211796
1761946370
1774913335
1459551748
1285387967
1181279894
263694813
639034138
1319950650
1470018768
1640067483
1118028440
1684601709
1738134291
1709035482
1495459594
1700974627
1720541453
1218368001
531639293
1228536776
1596719721
1141947609
1587308394
1466970170
1725229639
1616897318
1680170652
1790343173
732816061
1033372873
1503194626
1651651727
1421390074
1745692442
1181193967
1262169481
1748389385
1604998099
1791140147
922885990
1429034615
1332024714
1541478157
1546557117
1218344815
1657789180
1730289235
1535233883
1464151149
1017509464
1055067689
1478593647
839019755
891608487
757388409
1776277141
1751964851
1546300872
1444952266
1775545462
1518651019
1604202031
1785058983
1707442336
1181224377
1765894418
817460895
1421819312
785757504
1650297755
1759654533
947345577
1226461884
785482800
1259957248
1726321474
988628089
470560103
869571675
1548541078
1507607494
1475585690
1505283486
1042622578
858685452
1571617600
1088371035
876637524
1759052816
1776574323
976488680
1519585868
1756534465
1516427047
1504094883
984540320
1677148429
1674014159
1158427144
1182489648
1784433725
263009935
1578481484
1784035535
1769062229
1116140449
1490472273
1491243103
1580300741
1733992169
968040386
1735871849
1719672444
1483003232
1779701280
1594463494
1470627744
1737888133
1746541342
1028699455
1779200647
1329701928
1616023995
1464919682
859103128
1519908761
1708079072
842816282
1790178437
850588746
1614457968
545875307
571106240
1711312759
1758732101
1720824728
1055224281
1102316797
802703799
1496132520
1678744074
721249155
1670160571
1494697201
1760529003
1717307571
956959455
598758255
202746015
1584504813
1115729749
1682569319
1759815990
1194329956
1503819980
1670905098
1577279859
1787619899
836064138
1170851458
1493556884
1249445211
1657930548
1568171445
1514224731
1305577762
1307208175
503351630
1441309899
1414440631
1704040561
1724644210
1722212691
263221127
1526049844
1442614163
876668825
1757611725
1598897932
1770614095
1757859882
1659400544
464763069
1473429958
1524601043
1711986401
1287132943
1028072030
1771617030
1699326620
1764012600
1756117191
1038844327
1756352214
222104161
1766826113
1700973644
1719365477
1742323454
1687541087
1762330810
1324312930
1777901643
1287784649
1550282215
1588639811
970779926
1650867037
1763402870
1781118015
1540712874
787154631
1518739921
1594178436
1157519059
1209250038
1422433038
1649323820
1608346103
1137053854
1745806907
1492319251
545873487
861762536
1620337841
1633919633
1776622691
1163669805
1701987510
982858789
1530971192
1400193920
542022239
694995105
1286580638
736040100
1427423263
1289131005
784013328
1742689283
1287914908
788987321
1703211517
1387843464
1567874798
1791061087
1656269186
1545002957
1696694836
1317644414
1200513103
885327878
1260499994
1150341853
1146159740
1748670781
1585396329
1321680093
1611801210
1254221749
1183771035
1707481296
687384770
1761790432
1767101509
1765804820
1750865729
1227216893
944200079
1772095577
1740905557
1548938396
1528663375
1688879308
1722955011
547819094
739295753
1217509001
1529345285
1467280663
1572246128
1512199521
1741309743
1048845912
1785572995
1313053318
1316560591
1488512093
1486347406
716785377
743054262
1423184062
1665061228
1570588018
1519617698
1501580567
1503162116
1736004471
1441326626
1531579284
1256373398
1556117528
1378625854
1771547396
1756640994
236447843
1342692806
740338121
1516480147
1792960859
1759365197
1724635033
1771093278
892228398
1756777780
1771038552
1528589457
1773088091
1720164320
1499157837
1526607379
1659446095
1794000889
1322318742
973814018
1539419927
1746783600
1588617644
1464144818
1710165330
1753868893
742017181
980862507
1218955837
1145807861
1760145970
1476213711
960218817
1658667098
1300886624
110779572
1007327380
1564387731
1509541753
869651130
1669520349
1149047220
1003252534
1248886248
1745438038
1612314938
947624542
1698184733
62188561
1511565456
1757764766
1154236677
1708131109
1524366189
481258815
1665976243
671154134
834408882
1032321169
1009454403
1398400207
1354811694
1188487416
1177677102
1744159296
1501560907
1562752581
1441015440
1695205614
1487852965
1718885003
1330216064
1534617362
1720565614
1516242539
1256585830
1072308649
1739621393
1067675203
1745097772
1732038160
1488793486
1482466603
1634111196
1693321530
1497354106
1742114758
1739305039
1692635598
1689614684
1395895981
1715091930
1273115458
1765080468
1688286547
1733113809
679155794
1780344664
1495889910
1756827511
1463395715
1326647161
1704311106
1707760954
1103712936
654285079
1767162192
1633392435
628908542
1743312789
1639196328
1053396350
1189805902
1513007323
1770644046
1481541625
1267825869
763909467
1057974196
1458776089
1737952250
1497987132
1782874495
1451415070
1186557792
1697443917
1455927660
1714590124
892761486
1606149053
1716395921
1052079038
1444894052
1508435528
1766768071
228869796
1387958907
1198905081
1748127247
1650900087
1619573078
1754126578
1193724243
981147477
1233716004
1660937208
1702941185
1442820764
1542918783
1715113971
1026984325
1606350636
997133361
1450744707
1488116001
1700243855
993522509
1791926375
1770829102
1729950565
1731821591
1746368966
1324391531
1644451975
1332459381
1550228270
1789928417
1217924574
1411471455
1240682669
1781701521
1747435927
1713959672
1738359386
1727995141
1449080610
1650489602
1404845438
762262390
1331891906
1430201249
263242284
1682517169
1499387483
1412050473
1745550432
1746804277
1705494763
1692531958
1510414125
1772361516
1099821885
1482935193
1333313314
1574829225
1582334929
1775945086
1764160726
1643433928
1686835827
571314183
812358696
1684137318
1717619086
1208998282
1674533671
1757495987
1759637117
1620279045
1707819288
1595554974
948640571
1712335110
1745236150
1503302092
1764516089
1607698266
1764793752
1426835896
1220186594
1437263110
1759802171
1351418767
1604866520
1744989464
1566337227
1057268405
1209162139
1632956471
1430731386
1581837166
1761076311
1618102857
1636037802
774969407
1747399080
1745072036
1286347544
1020635346
1247396397
1655853038
1716107232
93941495
1551858015
1318492104
1470365919
1538733596
1787107443
1676810682
1608454003
1779336618
741376870
1097476534
1630119185
792006503
1468210681
1391075401
1254877688
1751370454
1551654282
1627636214
1769048791
1566301657
810523686
1332651833
1710819906
1785742955
1774053291
1147906342
652191650
983111812
718950010
1740568801
1725090136
1725316055
1633334069
1214777805
1767797502
1435063552
661455381
1476458253
1561727453
1487362193
1688132505
1277642536
1504183811
1656050460
1757341474
1787846929
1448318564
1591856773
1754616532
952330492
1739824081
1594288504
1491144550
1719170103
1406176756
1324379401
616615266
1784240591
1558341090
1628940684
994510852
1100376047
1758878865
1710312836
1165237618
1579043989
1079288364
505693116
1767716248
1677356731
1071790700
1705156598
1398966898
1694003242
1566671155
1603861015
1544867449
1744763938
1762699661
1749192886
1713800786
1570028507
1116880489
1628108665
1688045916
1171148058
1772781328
996420834
1326863169
1727888942
1211268272
1760100821
1635864402
386381812
1792630635
1696827232
1695785097
258399254
1152749220
1594169126
1234642197
1637832404
1524371567
1659573623
1404746789
1757064875
1498846230
249359062
1755938597
1573376316
840351021
1511518763
1530233609
1546778525
1658487856
1160028468
1619918548
258777432
1530676182
1251073221
1611707500
1213561717
810408812
1348415304
707393640
1654121289
1281595308
1761092665
1776936565
552995321
1596853140
1492264982
1558457543
1644403334
1771822830
1683305588
892411559
1211930863
1701025123
1704630929
1340660485
1592032017
1709064307
1429562412
1493012019
1278707926
1734929438
937581378
814968430
1660117698
1461109641
842786820
1085505591
1749740616
1413896861
1713626239
1728183661
1463388773
1588597893
1722458002
1228725198
1524015799
1707520017
1686422743
948951627
1333511674
189045003
844951760
945609433
1002936379
1508065549
1392229623
1765018475
1597428869
741357300
1053827054
785272553
1713313079
1335616146
638959811
895268341
981012817
1773149986
1708579411
1753759326
1296353642
513452007
1291421491
1676547193
871259041
1756572021
1681371158
1270760091
1185370376
1228931454
1710172067
1453940070
1475432496
1641228280
1737541556
1781809710
973279558
1227119643
1029276926
1688811837
1697839622
1167237020
889981285
1564755307
974663278
1567140399
1448856797
1495922887
1465233459
1754255439
1754886445
1322105364
1024084246
1615098032
1163441100
1723926901
1746310857
1701138160
1396875709
1740395211
1368355296
1402001599
1688143344
1154433168
1721656028
1128159199
1599111175
1738606626
1696556930
1771791171
1697287357
1741469791
1626647351
1749578649
1400650794
1046644032
1762645326
1675448020
1766307891
976879668
1232231946
1206885830
1690010817
668035074
1519407262
1588279970
782742036
1190311773
1412653545
1187226224
1236197050
1677466342
1301793658
1733728385
266676379
890578621
1064009859
1408519558
1395193179
1474307637
613180265
1527690647
1389939049
988634123
1724234506
952259418
1693266060
1771126731
1734321392
1616548475
1461981646
476984475
1523587220
1557103117
913720189
1031751837
851777917
1561462549
1761886755
1009082513
979766547
595902433
1679644246
1683166483
1727651541
1766225787
755663411
1072474710
1737137737
1764190384
1066953356
1646391156
1725500851
1581122959
596560286
1272677855
1237348160
1721074769
1463010766
1605060293
580938970
1690225233
1310347450
631382457
1430374715
1439224216
1081154278
1604852826
1534685577
1444394636
1376472403
1219316547
1508075239
601574543
1191139442
1577084646
1256882984
1658413708
1566433436
1769257032
1546161398
1751902981
649215592
1669520269
1532429336
1706737265
1448197215
1732462392
960766496
1737968670
1720553291
889939085
1774028982
1700431689
1758512819
556554308
1782452408
1425864266
1764262640
1731771796
1441447114
726373509
1697413259
1734981130
1253679345
1721318588
1678198187
1678770926
1596032942
1733902388
1730806278
1713698084
1672745879
1506112720
989035916
1476864372
1771160546
630420093
1108938757
806256927
1663320563
1582059701
878269322
1688094998
1661569732
1604534285
1062960359
1197029302
1556156921
677914121
1542086989
686463807
1415016821
1693865015
1696255453
1708575595
1306687162
701104388
1170627374
1736649879
177810355
1682203141
1650030200
1141668062
1077583685
1389613063
652091818
1186186614
399441581
1048357849
1702693354
1726185179
1569143675
1519376673
1330623618
917097855
1776254915
1341251384
1716527341
1490637697
1628537917
741939792
1767197703
1732089253
1680361640
1715191129
1063325422
1518158150
799036652
926787410
1780872996
1320378717
1690564490
1392645522
1742739746
1214679801
1589860139
1776232272
1011867355
1325856927
1458971193
1710871307
1384288031
1446270173
1771486488
1479692598
1194063962
1640437276
556341334
1472434247
1133717394
1078453952
1389712610
1153984954
536192240
1612091976
1702978951
1105020945
1751456545
889390209
1735414511
1688771800
1702953359
1286534221
943119491
634359650
1451173796
1504369490
1188488154
863888498
674855758
1598796695
1287933114
1507989743
1510393441
1482075912
1513979168
1429328738
1556158164
701999483
1404704365
1599685335
1261804476
1731159650
1497176387
1725698042
1493918878
1530601563
1551636195
1614524362
1655472868
1611479947
1584474770
912359835
1538031034
1779658394
1791679413
1733676446
1784803829
1271817639
1044370032
1787054053
1238857927
871633057
1606908282
1209219265
1570150143
1755853577
1474955012
1439313839
1318512162
1721618775
1623420875
1230073339
1277679498
1511148250
1768900184
1639521453
1517116947
506679411
1719565723
1657090184
1155023482
1391063881
1538824893
1236634850
1735117992
1491079513
1741438041
687288965
1025581292
1757765305
1574939287
1791352417
1507717982
1295904880
1717936621
1748529658
1679709932
781036538
739052214
1235907867
1592656456
1743621352
1553940884
1739338512
1070474499
1699846205
1460418748
467345886
890168033
1561888523
1790466925
1133223951
809212494
152026431
1753615511
1686187767
782225203
1599619899
1191475243
1749694911
1779839932
1449836621
594227864
1407157613
1073890457
1465240559
1740643722
1709970944
1745991595
1579966421
574376962
1720346055
679083393
1660459112
1640026674
1788300891
1524062060
1560759612
523559301
1743709206
92863781
1709520746
561611269
1086139354
745820413
1743452281
1506178739
1716908951
974331552
1763618191
1252275132
1460338358
1275982084
1781700487
1762666766
595282279
1768908223
1632935472
1744661034
1716925990
1772231248
1608343063
1018851624
1769006947
1592075361
1740413140
1717854376
1776251899
1788779693
1165666277
1695414481
1705424112
1502687028
459821826
1785639311
470313278
1731257483
1430448573
1012687391
1634738395
1743715674
720942988
1531539107
1742005982
1759361764
1501108136
1779847352
546095826
157020758
1203861879
1793154759
1546887707
1413720938
812356855
1675770028
1792596449
1669707908
1451553387
848701946
1542407302
1357560714
1533593402
1564130036
997910863
878246365
1168693169
823055081
576918758
1536131144
1526887038
1567043743
1736673599
1775780814
680915096
1266635630
1626913080
1783100443
1422141032
971672477
1639451364
1762492700
1146080458
1699016760
1693011592
1717845717
1760411650
1734458883
860055853
1557069509
1741291319
1165033015
1746526911
1684671853
1706481890
1490784758
1546555373
1633756849
698989771
1077191013
1490121311
1198905179
963976406
1201908476
1794042213
1453613636
1674169204
1740281434
1000688579
1132040023
1664217484
1556156442
468245369
1642916311
1198905219
1102390508
1187221816
1008594255
1772230120
1753179999
713564116
1712994962
950335511
1494631623
1491607027
792444185
1214371140
1121395783
1194463064
774664217
972054700
1724960979
643829491
1754372301
1789690591
1046688201
1710906972
1464772460
1788784073
1431120106
652928215
1733952217
1775562621
1410672754
1225855995
1746785108
1612929621
1779701396
1373520734
1548552442
1717405910
1397686856
1683875544
1772259180
1529036378
1593337950
1525949512
1218245218
587413441
1055329942
1462822944
1435898063
734853123
1410023852
1272748406
189037338
1739470341
1765594633
1082082722
1023997770
1641811477
1517349924
1550469077
1752030804
1576870929
165066029
1757110824
1267518923
828854619
1726789087
1739394876
1585314657
1522124347
1188309933
1775776064
1705294342
484949937
1774601376
1736763913
1163343539
1787876765
1486854145
1168100395
182408694
1649514977
1294583650
1281014691
1786417009
1747586355
1789981253
1556412004
1662736425
1758642951
1704829440
1743350535
1656765450
1332611121
1748599559
1282242269
1611827818
1770543846
1662588658
1506302063
1294938498
1097894411
1717960659
1479073285
1315695713
1023734778
1690542432
499760808
1724588315
1048218157
1416972837
1775016389
646490458
271804062
1180756198
750280767
1748981737
1461805658
1174304064
1709525561
1669520315
946595593
1048795257
959722637
1395968042
1514866155
1739420893
1745501594
1569999471
1655218507
1655829245
908590048
1653177144
690793304
1128120818
1487854717
672339431
1786692791
1595354225
1488567258
808726495
1640542572
1069958559
1759295628
1671265730
1601877263
1721999655
623087089
724268244
1748317934
885268156
780791746
733543572
1770236377
1524812559
1631024078
1516253732
889872555
631501130
1477317730
1768957140
1139349022
555152473
1499916640
1411757203
1552053382
1579367558
1735984943
1756274173
120304654
1571683553
1724047962
637399728
1505821869
1724069469
1716432459
1764882960
1688671903
806310205
1555807032
1760852862
1773937533
900422650
1076866537
1744271656
1763920095
1781815327
1309739161
1581900008
1682303231
1768578581
1715251642
1750483087
1108645585
1607723744
1322295344
1454388032
1109632132
1711541401
1530764476
1785946605
1426925804
1657638404
1228536742
1386867895
1722078289
1140975659
1767856919
1454582982
1716622999
1292684374
1001713313
1694485341
1738258001
1451427685
1521197807
1034037766
1739768126
1520494288
1745056382
956571805
518798498
982338573
1750346683
1721609299
1039510743
1072648662
1784402967
1286687365
1781367867
1718740478
1660709899
1379766728
1477083405
1511536617
1245409745
1785809397
1450544408
1450196515
1080142825
1766457875
1746111293
984724867
1473645691
1725886254
1675681109
1400658835
730652524
1784027273
1049665642
618910166
1316766010
1504750631
487353609
1532350105
1217494387
1102922831
1209249258
1051888915
1003958740
1631561947
1601544161
1201501910
1492552704
1779663413
1558416740
1577397185
1097483924
1021199178
1033800690
1299485379
1221678366
1635866124
1705835880
1042196351
1401905659
974703310
1743586023
1621446708
1303778848
562663956
1675935905
1775871897
1496803297
1736649649
792028037
1523853574
1389884751
1567913499
1733051890
1659042485
733865015
1542633392
1543866641
1459879021
1611682477
1505247671
864135894
1772446516
1777509644
960490031
1500166024
1224999080
1705164338
1048905400
951289936
951481209
1408145510
1551525837
1065866155
1513622571
1753751370
1381735402
1268073818
1666808174
1205849090
534290128
1737062894
1429357124
1539010427
1501638536
1000996751
1738062810
1184952090
1183005636
1186574549
853515580
1579650109
994670679
1587493700
1645182659
637290935
235340417
1769909426
1280130740
1696885590
1766540507
1163002441
1788524079
1245795168
1068602750
1743199586
1474542820
1699232259
1768877557
1554539381
1729458244
1169977867
1722872975
1153941509
654304352
1718242575
220069715
1457309253
1633157070
1764425227
1750664440
1793021435
1719426164
1156499342
1760303866
1779068809
1733050904
1550212097
1014408897
1382912795
1195738728
973334314
1398014567
1318049239
1739319502
476977599
463484534
1425267800
475687656
1292701218
1170012994
1064671515
1002104699
1202439351
722274258
1734946728
1308831986
1761249291
1497672133
1668169401
803206268
1197037955
1636407585
723120542
667335190
1330433942
677213094
1690331048
1330108791
1657787770
1537048109
791931308
1562938398
1513361920
1664640836
481263167
1495106694
1713101394
1548730531
1570308687
1658596266
1720473367
661073234
1518761592
1616214908
1246454380
590029057
489880070
1782975470
1742436914
1718373957
1136295084
849072321
1789366797
1719117707
1078129772
892238929
1793021375
1088382612
1656590800
1021134736
1724792799
1528840848
1472672087
1437918845
1541906709
545114008
1090721487
1748513208
110642684
1738428677
257024781
1105505348
1765673025
1518966278
498357223
1765247390
1599494115
1759450210
1596970085
973951494
1278967054
1553640208
1729938902
1765725407
756735655
714337107
1772216336
1764144296
1095478324
698671748
1687500033
1434217896
1704444618
1509940411
1743674153
1698261788
1087961696
1722033805
1737637178
1047991558
1760513346
1104037785
1238298951
120453300
919933695
1119378297
1711302952
1551058730
1710702562
1150856286
1470060344
972745008
1779411408
944406037
1454970094