959946780
918159873
1239079442
1253075965
1379479103
882861464
996678225
1028651863
1560314975
973280559
1195200951
848729951
1229698856
1735083506
831831500
1452343183
1498547159
1094600104
834824536
1662277935
1094159259
1062787458
1301693745
1228032351
1500013002
1516643760
1183512666
1220212528
1524214358
1300990186
1446471813
946296875
695057925
1507721275
1547371928
1388216315
1388221141
916976249
1670189059
1119937133
1002879439
841483274
1074615341
1770267119
1521520784
1570645343
1182488259
851510275
896411054
690146255
1683464843
861335970
1374214638
1049765283
1783732693
1243501607
1065927294
855408311
1485940110
1581297916
1480982958
1469095801
806663464
1561480217
1273965581
1355863903
1310748215
1069010706
1552748637
1771049737
995934036
1142323872
1744514395
1287296483
1605064515
487252855
1376343326
1562287233
1455743586
111257699
704002668
1631331394
1183486840
1168072443
1522362338
1351687670
884786706
1537392680
1522851912
1701714278
868770910
812416520
1513066654
1686227981
1145977528
1184077305
1260380192
748184512
905453200
1623764676
1482154144
1035896502
1137461982
1561073356
1322557604
1590863829
1420520776
1490683762
1476258980
1756007206
1168915922
1739620483
1458470307
1279438955
1323821653
829997336
1599528255
1135505111
1558990534
1510844199
1406077980
986189869
1673529554
1062988632
1751437105
1731970591
1773702948
1397755895
765933452
681932647
1114872253
101779864
1023641216
994907413
1686920099
531009091
1570263804
1434967150
843446395
1069806746
1714333774
1330602625
1159682545
1427785471
1112865278
1296715556
1735966155
1302680915
1183228652
612376238
863195283
1587732513
1642852236
1548444455
1763076598
1469265802
1234741922
1474088634
613857095
1392787418
1538516651
1732448974
763083230
859547409
799304000
985172131
1064726844
1737491249
1769154425
581864640
965602645
1099597962
1604791751
1758974612
1150850015
1517758027
851349474
1488945293
833114176
1776672821
1056240020
1597483375
1056510997
1608619141
1780173277
1396608155
945606499
1211084351
1593066399
1187980106
1595405923
1016559357
1352298495
858084602
1489087144
1644785226
1554195165
1589257125
1729494348
1242013038
1438968287
738447616
1771922400
1688988361
973115080
1009092006
1366545922
1616942522
1319445252
587509465
1687725712
1167558417
1772044044
1774276195
1327106684
290871225
946431940
1299252326
1757472764
1037342049
287070111
1514079981
1290562028
1108393901
1122788012
600164094
1499848625
1139888756
1442138134
1705768321
1556356435
1346685058
1744808071
1719778765
930300614
1726150222
1763943162
1437865601
1557420826
1657492870
785124573
1512767829
1194717629
1362060888
1032930055
1222494129
1758960234
1682112491
915409178
994928485
1271467556
1614118982
1031468421
1382117333
849205454
1059221099
1594502092
1030785371
1342403309
841499308
858993915
1502420306
999331348
1508341175
1691448533
873979467
1156274365
1248410130
1113580235
1648054301
963289474
1706207959
1310144709
1496985365
98463368
1757099485
1217154966
1268380073
1542330895
1551821118
1314830847
1643128586
557215439
1700952944
1498594078
1611463971
1387679207
1584617623
1689696782
1791681987
1746152673
1311396734
281711852
192713259
1160758434
1279604245
1174706601
1659181130
1251788231
1187047695
1413558728
1679098733
114660831
1070571153
1515658451
1550589144
1692723985
1195673091
1060578442
1592992202
1418555646
1551305642
1617153197
1236364588
1746670109
1542651654
569676443
1504320232
1768032454
1652966219
1360854500
1310755259
1789360891
1478696716
1026526041
695061047
1769003979
1489636011
935434146
276646722
1765931252
1155727685
1357309253
1357727459
1652999234
806836693
653815612
1099989067
1101803621
817711876
1672990895
1339040355
1190595507
1531674651
1357635220
1695497041
1302508127
517648952
1766794695
1752704220
723338751
1567134196
1265434904
710301969
240762130
1654315129
1415522994
1268937013
1397412016
1175822345
782350333
1786274277
1520356415
1477747480
1684806078
828815030
1766272824
1525995418
1460402616
1358568760
1773796583
1116248121
1443568925
1521912261
1545303553
1084906894
1223364270
216118850
1071476478
695901575
1647294936
1432476956
852128571
935091618
1735084205
617951811
902669034
1170118744
1768074721
1788349075
1456868621
1753750288
854949337
1522981506
1352609979
1239142897
1751308492
1377759888
1310452439
1528967519
886616462
1230738450
1251235171
1375993919
771206196
1575093892
1741855962
1551894095
1713440356
1183232788
1352825781
1289179522
1734340136
1115978844
1215123854
1329779758
715086263
1536466612
1714773236
1781723716
1404459165
1503130526
200290694
804044343
1674466034
1517571690
1045863414
1537287038
1193792207
1042918665
1777226443
1662049780
797520263
1301703604
1770010768
1631542737
1180998056
932166723
1245182916
1274106233
1654282114
625639000
1588605196
1555675955
1654556561
1679853973
862586298
261371816
1518346375
1090538443
1747243359
1430779685
1383851840
1110600551
1136855468
1177531910
1005618268
1756258208
981104450
1737338648
994901599
1600577788
1465294494
1702422356
1208634953
1519153150
1016028521
1670206586
1301864820
257419765
1011464662
1155394287
829586587
1226124272
1557200090
986658765
1555112493
604528264
1109493178
712496612
1256582786
969758606
997137793
1005445648
1656073025
1515649685
1691484956
1585344977
1642507533
1760922714
1767410125
1640408574
1476620669
1081766914
804045349
590557640
1478910380
1732977290
925314101
1062370059
1301674277
1317337660
1708264240
774288401
1674706599
1697561434
1309149793
1349620648
1668625048
1081425676
1646871564
1343020337
804045855
1757113515
1160002651
1171060765
872687084
1327440578
1635465662
1129212650
1775834129
1384346290
1395026962
1726584827
1727506567
1674586211
1757808665
1691294611
1522018005
1496367005
1454803475
1640225529
1501089634
1322682950
1535861795
1716514961
1538637171
1685732986
1580261806
1728235017
906142625
998985368
1273959303
1054301479
1561103274
997133427
671298003
1528139152
1743249455
1736671434
1415078131
1441362726
1309885671
1531252667
1564068465
1054957180
1527261170
1344503063
1406273255
869188128
748152362
1692194832
762035972
867868146
1419232824
1528126348
1240362929
745629293
1796011569
1738166444
1701434066
569088948
1743536436
1752740041
822530835
1742314213
1336390654
1469879811
1441871717
1086817580
1521497910
607585606
1776093406
1040500149
1583823043
1668508134
1742541611
1770569356
1062398597
1558669665
1331155500
1313816556
1273862957
1063111083
1491548551
550251515
897808146
1269004564
265473106
1575461235
1645441434
1751758211
1131811123
1031600772
1767962107
1594898759
1505683211
1657951131
1728504125
1738284562
1448559855
1008287407
1180028079
1777029656
1654611004
1207090315
1677798622
727935971
1744324276
983501920
546824661
601512378
1323224659
935327197
1710871400
1687547690
1173093144
1468736143
1079120849
1769857725
1706755051
1681345478
1433835113
1219416376
1289174828
1524255374
997117499
192438187
1723660831
1082443660
186866105
1062778442
944898762
1622269903
727489044
1538570258
129130733
709675526
838327071
789813249
1458000856
1501174181
1662831440
1795239329
746423391
1437228392
513716433
1570928352
976734803
940984680
1216151272
1762357387
1488312208
1160249838
1288688864
824352385
1716625062
759082839
1215124690
1707316064
1539273654
1204859217
1773172763
545939809
1795924523
648506538
1764618852
684363900
724921859
1332918808
1477486133
1159966902
1398372118
221173033
931674312
828497132
704986955
1222735741
591911182
1285211233
1314279267
1785481657
1530157703
1180513201
1114685380
1757677390
1555565345
1455613457
1313899773
886313675
1525637606
1323091116
1754077427
1234073894
1748559941
1656116344
1674704470
1068934956
1671297932
1373428800
1455282459
1415931398
1355785858
734151805
1474139094
1532393031
1711611519
1617362678
1013843323
1248373607
252713471
291479339
1591878703
610495922
1647371744
934399770
711441650
990537830
619207603
1471777144
1549564652
1556497812
832034992
908822483
1235213760
1208982034
1746825340
1672603787
1247580335
1684130735
1236791669
1654283283
1003824616
1763877599
1781720532
1122435403
874409366
1788705825
1251319925
945616969
1715455118
1001274130
1503349136
1308828800
1045951651
995384301
1669427410
1429360334
1447198068
1325803720
1081829401
1731147451
1719710044
1190831836
729130703
1492910036
1522989198
1669001159
1402420263
893557013
1511023651
1771915139
1656056461
1415936030
1539292952
788734389
1301488896
1477495493
1525667700
1599587801
1000858552
1299314661
1627028837
1644139653
946359425
1160910934
221041690
1689744821
1657162963
1241978540
1618490540
62618092
939367052
539519797
1156740841
782349103
1198446142
1269530144
1209228981
811834730
1607572850
1398557303
257375049
1389895311
787460383
892719489
1334501329
1466498510
1770578248
1511969997
581419756
846881384
1641090102
1793910369
1461647288
1439021188
1597794973
492313378
1465211398
1570392230
866941915
1552748925
1672607745
1739657763
562659917
975431163
1709146643
1033131552
1069342891
1321849676
1222084394
819196563
1732963483
1721906719
1378769741
1788350175
1763920346
820039267
925519526
1770970129
1422637163
1684925911
1241253761
1695500209
1753176534
1567322220
1319654105
980532678
947043230
182352218
1288804106
1090507367
1718262731
1652264894
1267685656
1258491200
1386586015
1179023884
1597431137
826741173
1496786467
1204831157
1412996235
983349709
1738932893
1702699687
1647400298
1591417965
1777014041
1152421875
1688710770
858992731
1753049624
1688290826
1206948503
1703089538
1739446853
1654019425
1613298238
1768984470
864254244
1781718560
1024679985
1698296120
1454954308
982796780
1654486010
1357215592
1609034895
1437296976
1711986476
1204547477
1602464637
620130331
784901578
1795916991
1302921393
1789901871
1339881947
1111352810
496066709
1225577252
1230770565
1086554777
1067176426
1700665807
884290796
1094458613
830920933
1605180132
1661694846
1018593612
1663252775
836893793
1645701645
1151853003
985731452
1031552384
979740581
265514727
1719908451
1187629228
1487780582
1658742130
745437446
1795912551
1658905375
1676782732
1146716713
1631813984
1694511532
1568008780
1390118693
1207603945
1743538652
1096064051
292641663
1218017245
1609046655
1390833747
1482182878
1568221317
1601060764
1747266142
969383964
1766493846
1442536848
1673525054
1530892993
1288919573
942910466
1393207579
1754940293
1654017537
1071141640
790155744
1481943748
554318100
1693774482
1327090527
776378182
1146222146
1166490312
1441625808
1347172874
1098069480
861792834
1397441800
820345502
1570068413
1539841751
1392342677
1387068781
1574331327
1749478235
1327447372
1612877298
989217470
1734205061
1328014685
799300514
1611350369
1609042839
1708874543
1459405968
1762687780
1216046914
1782496389
790153692
1706520720
1667778093
1656444234
1673841004
1267293758
1344524743
1711874211
1071803964
1652506087
1200855284
1579076024
1566083793
1573353364
1699098099
1357910197
513301474
1147290639
1717970074
1016857006
1074529820
1779865517
1720085126
1327997925
158358983
1436009995
673914679
1333756190
1697223832
807162773
1112123598
786159677
1439980117
1594874506
1704766329
1499909865
1561653292
1639848983
1112670015
1093339112
1746715701
1496771958
260122875
1409169870
626049973
1057913526
909476763
1581049049
1210044999
1663209005
1222088154
1122713777
1572492226
792798086
1400111794
977864710
1503429741
1015192087
1107340043
1594870564
1735111921
1290499308
1647861345
225306556
808805284
1467240556
1744299963
1022349947
1426447881
1372379999
1590534579
1781712216
804031543
1410153188
1335192305
1197431247
1364089054
1434686057
1781718608
1057799228
1621093978
1325599365
954870621
1309503034
1743189390
1411025284
1640459261
1123615834
795646901
1770537024
1282516043
1208235426
1248230365
813193396
1604957410
705172177
903328648
1389041422
1466258112
1666520198
948405680
128523910
1253558084
1512054096
867004673
1279123165
1188660876
953997530
1039583712
1062685350
1736566704
1740829850
277357368
1618994115
1636863383
1775110887
723673625
1593788077
1731845033
1553457241
1419774254
1048386608
1488503495
1552717008
836413694
1734695556
793548527
1789185231
1205134025
1471580365
845252986
1516184546
1412298914
1698557876
1684340926
1152506588
734144682
1664724074
1491348948
1235641604
675944184
790154294
1180795928
1767355113
614919906
976588664
1165526843
1574044103
1524632306
1085079891
790155596
1344135136
933083233
1297776595
1711461892
1673647128
1764498086
1697806282
1284741229
1378292898
1567464797
1594881468
1276338502
828020229
1724744884
1167430223
1086620106
1660587083
1633221932
1422637899
1578222975
976738167
1103405385
1277463496
1594955442
1417312172
814764613
482022521
1341398820
1503132790
1698760136
1779710268
1377746288
1341854332
1534924749
1498455411
1573456784
823326943
988482826
1763297372
1640001609
1635936092
1188902345
790154902
995040969
1729602294
894892266
961071482
1768722175
1632850108
1628152946
1707002209
1406699288
1676902107
1611889288
1434388385
1658635955
1690118890
1730143759
1775105997
780744421
1415079789
947855632
1703500077
1529956366
1776953773
1769738248
1608188860
277435720
810221557
1673264178
1597192520
1126935787
1095678080
1329974521
985569705
1332830518
1711989314
1681363844
1731841443
1589737927
1283961547
1200617081
1730180202
1336838105
130799810
1028019716
1727977919
1329309804
1669897665
1542243733
1695903835
1757349768
999983046
511799984
1513348515
1243248477
1424010549
1764320405
772526676
1405887244
1718033268
1089112495
1632969388
1753357709
1789187977
1551981568
1743504894
1187219969
1194321382
890874498
1589595487
949055149
1676775916
1659655348
1649501560
1049823232
1459696898
1576718162
1304517116
1062712004
1330582110
1166430643
708362526
1597196210
1213096433
783627766
1578626495
1376309706
1431575812
1231098945
1767444421
1753138605
1570475114
999982144
1742810486
76874562
1078780820
1272589844
1477640308
785252430
1355903668
1646115048
1309281225
1729964062
843169932
804032731
804030945
1677641825
1305441234
1464905425
1558470623
1608235176
745235976
1378215002
1044513833
1630590546
817845073
1261450421
1279583193
1019095904
1741605993
1150799457
807432692
951623790
1493615875
1724740079
1793493647
1379822638
1724025503
1735275520
1555789846
1684737227
1289638005
1633444996
682626704
834756826
1384750794
1604502351
1642714720
1229694861
1750547842
1183878752
181181731
1452625649
1034372715
1708872334
1574647598
692569571
1322782902
1028815344
1781713374
1711458050
1767408301
1242140991
1609033133
1609833403
620387922
1393465186
1102933710
1578460921
1454777599
1379841792
1182437684
1547595403
1309215046
613863841
177197060
1009641774
1681263948
1663677401
1146733490
874800329
1299521238
735801575
1610874632
1327032444
1774963923
281019930
729779038
1316660464
1210463132
1579982310
521260147
1279089270
1245655880
1606188387
710230589
1506810604
1746792683
1699805141
852768433
1651711674
1612979720
1333330110
1786199841
1653538224
1192134315
1297151754
1670748674
1269301153
1255793876
1114526723
1437369704
1646243453
1686838669
1250014264
1678413139
733421153
1048947943
1748812792
1279347425
1227177674
1401552183
1611349059
1422686947
1747045823
1564466653
1196041626
1665271857
1725352340
1191011547
1596430893
1753173974
1444246472
1732225835
1500605070
658791281
1517532254
1773273262
1529118306
1677848432
1651118906
1736936022
1758699749
852880782
1725795628
592542288
1721214378
1083765076
1777493185
1609046331
1064258010
817090335
1516187288
1000078833
1070528912
1605983219
1127485669
1732065031
989787193
1659369328
1569354530
1720210381
1367196350
1284470267
1255403289
822970186
636502610
1537096562
991412483
1502281186
1129738247
1462842009
1407934630
978000634
1663267701
1076690236
1112807744
1780737364
1460929734
1647328657
1730734975
1748770139