1791085777
1791244955
1791715025
1778518166
1775532842
1771056244
1771074767
1759807801
1771215860
1775199882
1750617892
1727328964
1792708233
1795059517
1720859558
1785334761
1793213489
1769601126
1781805966
1778690790
1782141214
1755028495
1796158087
1779969548
1793392323
1778848902
1793864437
1759911605
1766601186
1778850988
1764826733
1741620954
1774136859
1794902883
1777728998
1471267502
1776575951
1771081337
1796243751
1792897627
1793465305
1753506617
1790987991
1780213268
1786329993
1740701786
1771769661
1797364551
1585053277
1787225797
1771051015
1789367841
1782138604
1768353661
1778344066
1747396523
1716726892
1769626849
1430048990
1755227211
1569977432
1775280186
1775461686
1780345887
1747009976
1779071680
1781557728
1788360757
1793350897
1793768337
1700207230
1796090451
1793412025
1724354794
1777104212
1758423022
1776790472
1786330765
1687791839
1796219307
1779194974
1781773888
1776686430
1777046706
1780140844
1771080529
1791247605
1792701943
1787430565
1734672622
1669778634
1796341487
1755213079
1786942871
1777269888
1796237581
1749079695
1790886577
1285198588
1678877728
1783613439
1300944004
1780522922
1609989939
1787428773
1793860507
1783522458
1719230236
1663883738
1779652240
1776789222
1706566735
1773212914
1790919555
1693777424
1774792438
1783968360
1709786773
1779769512
1798245973
1757875546
1785422455
1770473419
1776843095
1777722828
1791224313
1659727367
1783920784
1794341055
1794693585
1780520400
1779644503
1769598738
1780806242
1069202165
1798119851
1786341327
1795005819
1718611262
1742955006
1752491773
1746535937
1647587410
1691555031
1776419356
1720063946
1703698748
1780626603
1668585410
1699567432
1740181363
1771944330
1098885772
1142104713
1798114075
1758091124
1783292148
1796981103
984620947
1273257183
1739348902
1764083913
1493813254
1592618926
1791215341
1780508140
1636064086
1738827438
1736462759
1589026922
1657365765
1777087478
1762924130
1756809887
1767163121
1791927153
1733783251
1782617406
1789160757
1789354147
1787345615
1780701686
1796526927
1757004598
1776599947
1778913043
1720079076
1778240268
1782625328
1796711921
1780525208
1590334906
1725685796
1771826397
1623427751
1778348782
809430224
1743896601
1692958232
1780137690
1341487778
1791247253
1764118548
1741112706
1647039158
1777031594
1784036218
1785381673
1778920604
1694223717
1737605089
1737790263
1448920083
1795323379
1760694938
1749503581
1772134006
1780509732
1782031321
1776789916
1779776178
1752352283
1370477843
1783978551
1721525670
1667744222
1309225438
1782327902
1778289598
1773289980
1727937375
1261204661
1665909497
1781806652
1772967552
1647022602
1697296615
1783960702
1796982917
1791506617
1218485213
1327496756
1266439043
1782529600
1669207743
1515404657
1798248547
1772647670
1610098382
1782140272
1289432464
1673386925
1710193214
1721158049
1702175659
892344705
1787196103
1733585268
1742790546
1785411853
1779273442
1755453135
1782654704
1410321378
1577790392
1401408282
1253283226
1798126069
1797156457
1656459522
1780825352
1781126714
1769847414
1791496887
1702716758
1761423000
1746091028
1787529079
1346681441
1540089861
1779989753
1731557013
1274198477
960403598
1777093312
1738149685
1782206362
1741502115
1795327877
1774344272
1782524400
1769417094
1025283128
1783281736
815550560
1796203423
1773229826
1173798068
1762340200
1740567305
1424938746
1777289774
1655647461
1783962710
1790900797
1788390497
1778292600
1780208516
1724443002
1780827512
1776376046
1660600746
1713706532
1768878796
1736553515
1729247033
1777845369
1787468671
1650706129
1776531424
1777686496
1753626473
1762908498
923238241
1651180462
1731753407
1299119043
1760899389
1732299290
1695682340
1510224815
1732850138
1785101313
1747064392
1068523234
1781524624
1797005807
1780670036
1495465358
1791735443
1510109254
1791245317
1798379335
1791009675
1718735511
1787701623
1790901131
1792081143
1748229974
1772942673
1460630381
1730687214
1782477134
1779167102
1779886929
953818114
1144162900
1768309944
1738746168
1714580298
1724373030
1748183844
1780523976
1754571854
1746509084
1743139806
1681412089
1795974273
1776877130
1737945115
1769572838
1745205041
1777101671
1796605053
1777565175
1698172506
1525471894
1783634635
1782487908
1641301710
1172396356
1796673873
1713699502
1768896336
1422202642
1691091090
1778439199
1621356773
1722650080
1156089470
1529975962
1572003293
1276558585
1785596989
1776808728
1780809148
1796680503
1785556053
1798698101
1770181815
1770138104
1798243615
1769661674
1747066336
1726683200
974124008
1741958921
1772722184
1754213402
1760195179
1759759239
1664281634
1789768771
1760308785
1773337958
1402968982
1787717091
1679841545
1700470080
1784487446
876516920
1643052968
870503808
1631597380
1747132456
1081267881
1746754179
1796554025
1406906253
1747082463
1702667844
1722976138
1741815723
1795081217
1791246167
1705455401
1731698633
1753038973
1694670583
1645199267
1746258653
1648914393
1777840361
1709569442
1723691352
1784506346
1770356672
1749044395
1534247484
1732914373
1779699193
1563416308
1687360530
1571909883
1777142238
1563989854
1672560036
1777031184
1468712253
1656354491
1724398211
1716486626
1726413783
1789550733
1767828802
1759668767
1695104633
1711719370
1760590085
1742595932
1740693992
1776133010
1788549829
1733822136
1783168240
1791246405
1767839772
1756791943
883283703
1769486920
1707666902
1779846922
1782452240
1521353142
1785123737
1781401846
1480981465
1657830670
1409207277
1770672564
1409054997
1453915466
1702577989
1013680873
1661597738
1787760365
1789771625
1787787107
1773160882
1204117798
1793397993
1775778910
1112433853
1742510553
1581322761
1749771419
1737113066
1685873759
1766388385
1788393913
1218754040
1713683374
1770250752
1727875409
1797665841
1760691670
1760191140
1217850123
1140211281
1776697876
1720919209
1784493470
1035206724
1785658239
1798695985
1514896759
1791911103
1751313195
1788035453
1772535426
1140211845
1780340287
1691257264
1707977629
1757225982
1791245861
1752555285
1190390553
1767007431
1739860814
1745657466
1777047816
1390434344
1793820275
1657594393
1603276849
1775683010
1782189690
1776697230
1750854242
1781200152
1509873804
1433308607
1541014781
1484745340
1173961786
1236763151
1261520135
1796139373
1769127165
1798690855
1785404879
1508047925
1220683127
1070728015
1682696652
1770183523
1797488567
1474557151
1785879885
1748207473
1735135084
1552476940
1560787426
1790900531
1772647966
1788048955
1676173812
1438842476
1798127291
790285502
1775993598
1614586899
1776643782
1726189258
1245349336
1779265216
1790322839
1777560731
1777704646
1778220072
1654680894
1776648894
1033254792
589687817
1713487854
1416830447
1719592785
1610259633
1779580445
1672946829
938376487
1127684884
1752099257
1720347520
1784097337
1787790597
1662072870
1432166216
1127383130
1766429449
1795993167
1776646772
1155132899
1770701705
1515090974
1143989601
1757318820
1532722250
1778978426
1430821102
1712382348
1791903229
1622536485
1636320661
1777624288
1790901673
1068350988
1229605589
902579325
1791911865
1669362819
964546408
1509448300
1438627447
1659016842
1052102127
1795021195
1631545558
1652512818
1763227333
1782622156
1790901431
1757047121
1762046965
1760382522
1777714746
1718020397
1763132999
1779569934
1783683776
1161595354
1794996241
1786741589
1716052938
1752599190
1722912152
886219743
1476719481
1794769479
1245129983
1736489057
1685475337
1782841337
1714389830
1101178300
1771635198
799605215
1783868696
1727956577
1782000877
1766799296
1497341309
1725549449
832369532
1780831216
1725333446
1534923220
1583955234
1782011583
1748565505
1762356054
1783565998
1762355098
1777144572
1770185575
1482487343
1727278887
1737794002
1185573015
1724560354
1356871111
1501454019
1792973625
1323882135
1698784813
1280915969
1762393687
1796728271
1776542161
1136820380
1796570035
1734179278
1705181456
1769327231
1786972389
1485066697
1773460900
1184469979
1752963592
1777191020
1686458748
1669338255
1770504709
1791432597
1760822602
1701303609
1752004962
1722532912
1723487225
1782746264
1791441627
1299453742
1772764212
1743754788
1786957811
1571904467
1686226310
1288045079
1668404402
1322599349
1175689397
1462197248
1367323894
1773292514
1794999285
1631193091
1776702172
1783989450
1775930042
873654726
1767318215
1751516812
1534980598
1628934129
1596921187
1488538515
1672479855
1795024169
1730265016
1768248646
1790687455
1791248257
1557645659
1744450839
1783770787
764295963
1689687247
1779951220
1327933792
1782440659
1707459945
1741205584
1518168048
1796761835
1783901308
1790897629
1778112779
1047589153
1485034729
1741603197
1481099017
1509763208
1780231363
1794867009
1106803914
1768244968
1374167878
1158515176
1759557146
1786947629
1615226672
1493335287
1450748736
1769863032
1786951057
1729387709
1751018798
1342165253
1780562604
1065254612
1674050009
1755128014
1781991629
1785101315
1136885090
1333995860
1044240596
1778136317
1492481306
1751414295
1762009477
1719771031
1699078667
1776604491
1495796959
1733583128
1789762113
1787854801
1778134555
1796694117
1775300937
1784046286
1639275837
849441834
1713263053
1781989511
1762506346
1778487570
1429368039
1108942496
1764670558
1282211374
1729580658
1759921130
1761084278
1787588355
1719915268
1444515918
1479100600
1684375110
1795926629
1767793864
1767176028
1770926858
1557766924
1751658385
1675525234
829558845
1778153710
1681484304
1291329794
1492830478
1776287895
1786966523
1772773798
1785386655
1795259127
1781684798
1388960438
1295016007
1586534908
1393689481
1434710892
1700516304
1748824335
1317321745
1522583196
1673970105
1658091519
1780550043
1788871889
1450509553
1144571762
1665061769
1737130823
1761644715
1767092436
1606306993
1495247360
1236032064
1785781223
1781683330
1484267005
1750257533
1704224689
1763589624
1616315402
1671414133
1790723905
1796086825
1747598505
1524486890
1786216449
1646177831
962535416
1759533502
1341525916
1607631735
1692825470
1610348350
1769498328
1590319178
1704448658
1562062419
1736475411
1672483389
1669399170
1400621905
1736785104
1776804598
1782480054
1591463188
1687191588
1612037886
1795887281
1795885203
1012339351
1552959647
1789165009
1648815731
1795886999
1766420038
1792256197
1703242468
1448922407
1747348375
1791234417
1645907660
1795882097
1750202081
1783902602
1775354238
1762924698
1713696998
1796086103
1391695785
1504809342
1457360409
1779463790
1722563058
1352230827
1781689292
1469583307
1795898155
1719020143
1538772896
1038012382
1336232016
1443632363
1767847654
1714113787
1759285833
1596439883
1781978332
1790894707
866517752
1689665188
1457845359
1602369934
1765755970
1685543013
1739664109
1507156457
1626835986
1616578847
1363484121
1393455938
1736601013
1730353636
1772409855
1639391230
1636035382
1578512744
1759064880
1728297731
1347600421
1784038458
1437596431
1659178946
1508868068
1654083122
1672788125
1449336616
1581801220
1766332957
1752466454
1297098888
1142626293
1427180136
1728939142
1774501092
1782511950
1141332817
1727923730
1693973722
1770388637
871799987
1638954878
1776700970
1763574741
1747415662
1365660032
1720463322
1776694620
1795885175
1128062037
1777006984
1648865345
1792590227
1119241182
1752478557
1738311418
1651227987
1795885225
1411138176
811611799
1766302913
1759504263
1585141119
1784015494
1768174977
1776701994
1663245377
1764046321
1311908409
1445464080
1784790541
1795885585
1242729975
1781684180
1147655714
1516657775
1285786026
981739637
1763231118
1778649570
1694535815
815014448
1116162565
1763661190
1025860917
1793439571
1025870919
1379787311
1748044377
844077749
993891858
1618763351
1049643175
1638822603
1011528300
1791033675
1156704555
1445874299
1764126615
1781886676
1727014956
1787204699
1691278614
1655786337
1395038950
1411554813
1714414243
1099607974
1102068432
1770848616
1770643915
872897690
1795885273
1758573397
1785656625
1746672856
1684600124
1487970152
1796148893
1723797293
1697978843
1781686098
829957985
1797521405
1459672879
1301892630
1696652883
1435220914
1789829319
1622954742
1798382133
1780811494
825503078
1790886943
874991477
855455312
1734046618
1779719658
1770250470
1736502247
1737901249
1782102034
884116558
1781682974
1751059940
1201863802
1566310956
1741396067
1768101393
1752928934
1748966761
1712698574
1538233865
1053199535
1611593530
1627970514
1798164445
1604673901
1231880835
1730997604
1749924488
1540175854
1658098644
1777035094
1217871581
1601281609
1471814526
1782353166
1545205566
1728616522
1673497449
1795882877
1271051483
1502856296
1796252447
1788402221
1773119380
1566131125
1758788124
1622331753
1781508378
1047043228
1688535199
1499135382
1758867218
888450486
1765775673
1737310814
1593918549
1732810372
724916496
1299226910
1675707686
1769126965
1515749060
1312080762
902380693
1453421629
1661557240
1574371566
1292388256
1523491064
1555286199
1348089534
1795842599
1778737200
1631482771
1771655412
971722008
1765045846
1589330209
1798528445
1699583084
1721163138
1757393160
1791876813
1720695810
1439991818
1715462825
1777854417
1727508179
1767357488
1798666791
1705774440
1784444715
1780263476
1778734188
1595994837
1780834826
1707260782
1139922800
1770589506
1783082886
1190064547
1776694246
1204801948
1668106283
1781879841
1137378012
808324762
1649416080
1387670657
1772553949
1739849109
1757279290
1778892836
1752940117
1712791366
1792934249
1764159929
1760543317
1785918349
1020039970
1303077024
1049806647
1788237635
1140835408
946096906
1778704000
1735755804
1797485721
1620186481
1003933652
1778705698
1687174100
1642589164
1718121134
1093467644
1690002285
1357845515
1621819675
1693781361
1728361080
1753519963
1602120329
1439403766
1778753171
1788031253
1235166910
1772524863
1645737544
1764198585
1773925938
1785599189
1626353245
1037834567
1703835486
1213418054
1685321076
779403193
803099516
1304829194
1746592683
1555296755
1607311389
1776952993
1427550756
1596408196
1605770629
1173019498
1181675656
1704443385
936019558
1297844749
1789169371
1442132951
1202075017
1160301052
1776695982
1769518981
1710156510
1778546574
1553387133
1694084189
1529207082
1780123896
1770016420
1127376784
1665370091
1362897157
1607095657
1794942885
1679199933
827643752
1688329490
1359880922
1763780582
1775904574
764294101
1065968543
1134046083
1732879962
1230092355
1748450372
1727940445
1580127973
1777974860
1797485761
1473888739
1283389094
1585083843
1778691810
1701469763
1673504408
1663350422
1448928221
1729838881
1758821373
920853812
1462042232
659715307
1784311880
996167750
1758588844
1793021375
1646912412
782663844
1697010184
1695774228
1549990558
1054483187
1289254752
1704291662
1766304371
1784536192
1605757662
1780994655
1781953232
1771594949
1718653502
1684676584
1729021310
1785951269
1778720426
1541102866
1478270836
1034335987
1653865714
1772746042
1598844458
1657904650
1785543909
1190562631
1511071610
1732344402
1707657188
1384875264
1773520324
768922390
1774411051
1798318133
1766635313
1729086766
1785709303
1075914107
1680285392
785917232
1473689632
1759173963
1767300472
1765318676
1790255023
1158221823
1761558230
906250190
1767842614
1037012172
1715056750
1764008642
1681965301
1437894341
1792940693
1745592581
1755635920
1479176506
1191616861
888640806
1502224869
1663349794
1163518088
1660561004
1741110668
1560980262
1697145429
1542375819
1687554617
1798539843
1759860031
1779327818
1751039270
1772095011
1787463025
896669989
1749241495
868077570
1667264490
1588148540
1782403712
1027497469
1716481464
1771569206
1709578477
1781521035
1067432664
1778725938
1624802947
1693699786
1137320759
1749805433
1145584131
1328455230
1775780307
1783372058
1285421867
1776284955
777757979
1219160085
860577973
1663283660
1212496905
1787438303
1796613437
843626769
1407855880
1792058961
1446189693
1795493371
1442714919
1773108758
1767831338
1532170926
1734201301
1718022689
501878970
1776692206
1681882491
1767249391
1716740829
1750263508
1785849565
1791749261
1758139533
1715008942
1697567798
1796682849
1225083993
1601347624
1781806858
1610714191
1704352655
690966343
1748003053
1675462508
1599380358
1251223169
1647825964
1502760453
1504324780
882536957
1797991225
1540624632
968360610
815700046
1756619453
1524550900
1410674931
1219212743
1587747571
1769352462
1756167995
1485408167
1761457074
1666764413
1730267520
1295274261
1555287509
1714328426
1775462022
842396538
1726652392
1227482825
1298305942
1682342424
1712863545
1723658246
1777722498
1741558242
1778713394
828741668
1798645977
898053357
1555286603
1778698212
1515891929
1655076834
1737036975
1720148951
1707417495
1784580163
1448919261
1029628961
1188268530
1481362655
1161771904
1638026028
1656245793
1551950670
1668891960
1232807544
870699349
1746398458
1734835573
1776635458
1009029876
1428493245
1747676279
1749859762
1745503556
1535203607
1774851303
1354229161
1405296494
1058504876
1755925187
1677520605
1769688210
1774700778
1725958666
1677626332
1482015348
1313321795
1511768584
1231649315
1701185744
1598382930
1736525745
1791234919
1337908842
1727433174
1615926617
1792922583
1757494958
1737063983
1480093558
1549766815
1620207368
1765288490
1324385899
1686990065
1773927657
999946829
966060007
1740564061
1639916192
1771761659
1677258664
1761265761
1777514383
1297402149
1753382486
1541375028
1336608087
1794530441
1780790949
813949107
1682175722
1762586250
1633064510
1539891519
1102661065
1771164559
1739813490
1398515968
1471572679
1766586082
1475162555
1595780552
1778488865
1323526952
1671753753
1433384584
1793021435
1776814028
1541370068
1270371988
1385316145
970495945
1347242889
1780491752
1796603439
1776871312
1790712457
1746695146
1089857740
1226099173
1747116891
1659919062
1713995624
1760564672
1783373901
1336476809
1759698937
1723593836
1393881466
1781020954
1701081248
1780124756
1303946438
1724031708
1776698878
1561654488
1327397632
1657704710
1782415988
1784480890
1774066722
1744454556
1357310705
1680334984
1715403104
1599387682
694645206
1586068633
1796726413
1778246966
1775665109
1540626234
1551092097
1795216009
1225987574
1795225923
1676154454
1794321305
1761590572
839274169
868434633
1226898029
1770293543
1620579101
1672398179
1149738580
1709568721
1068426150
1771875035
1475848092
1785280693
1699851417
1386934923
1638938153
1781934131
1706297672
1746716503
1711450989
1694839377
1695997498
792605229
943236931
1341463003
1726505115
1540415738
1695504807
1460029418
1762738432
1760368355
1736492435
1481121128
1362601491
1569830617
1797759925
1781793272
1727598025
1764444896
1540624762
1731011994
1447753933
1761961363
1712069621
1695506724
880825906
1766202635
1781147840
1324586009
1762220733
1619103958
1695859988
1778006835
1081125842
1122799405
1494112938
1240104244
1640131795
1645074933
1776454358
553138666
1779487025
1590359880
1725884465
1046447721
1079377870
1704262794
1747620346
1389575397
1003138732
1706484479
1781967652
958431515
1734981972
1243971919
1657582083
872181235
1228519722
1792928563
1633032131
1396675151
1667765535
1621521035
1782405442
1545454139
1729927070
1306932426
1773919956
1614186459
1680329230
1175806456
996313784
1062657925
1782407772
1672479023
1750865241
1522545219
1586994247
1595303966
1768153724
1796608959
931750624
900251729
1102903738
1433372068
1522560209
1780792648
1718337847
1554807605
942396024
1751924639
1143382967
1740815396
1362332881
1732218169
1711754033
1747005266
1567629455
1171199008
1435661854
1397229121
1606358129
1782406328
1724638442
829563023
1772375427
1678769306
1736845941
787071534
1761102969
1765760460
859009628
1780217392
1541375314
1648241509
1796610827
1750785353
1696656341
1738296066
1603181314
1774115464
1174856473
1796684587
1776545933
1473031618
1792894677
1663356004
1731927470
1142946149
1711749925
1793908085
1774835997
1064510968
1779679776
1779695323
1549137786
1050886638
1776698774
1764951950
1587586439
1540623422
1668521610
1373522888
1782464828
1566114220
887553725
1762907048
1756183384
1406854577
1301515292
1057548242
1760499645
1728274813
1782410874
1541373668
1216197792
1083464867
1681985829
1112252396
1770570704
1792908783
1626816643
1353693553
1535997614
893335421
1790893613
1769207801
1404609665
1752551948
1777035460
1767052945