1767683604
1774770811
1748864128
1763590915
1762082327
1777630321
1753950013
1660040944
1760387263
1743975609
1750365947
1752752910
1703998586
1741934506
1703232566
1741948108
876152072
1711250239
1791696929
1721851969
1762764578
1748357238
1561882659
1755470717
1756639267
1668133899
1640049656
1778958052
1768951204
1771589660
1762407959
1724815227
1779187171
1779553884
1678735002
1732996850
1054934176
1756512730
1772130865
1730760472
1748568278
1734790292
1552100437
1750796303
1754122029
1784377405
1769621197
1668801102
1349924439
1793908759
1738789074
1764890441
1739313852
1729002962
1754093660
1745871955
1749829419
1587626752
1763704483
1791703779
1760004266
1694046844
1774497380
1599099886
1764358911
1767190522
1660762511
1763413335
1763014419
1709818866
1742389236
1504492199
1443867401
1640826439
1763425125
1672048493
1606826595
1548581930
1729634370
1765098645
859854846
1768471715
1754759718
1453835157
1756661866
1752597082
1723079165
1763634563
1786986587
1724454035
1752420622
1771926963
1763983119
1744904220
1749009072
1761665713
1761974353
1761271052
1762826607
1747084637
1773276999
1774722072
1749612226
1761681607
1750658583
1778947889
1722132204
1735671572
1102334992
1703824931
774743235
1665035276
1763567895
1697462175
1590340698
1762555833
1567186439
1732116246
1521663010
1746490688
1347154741
1771474837
1762410554
1764609749
1752625916
1778389027
1762003861
1790309959
1764033081
1374603356
1650408700
1752755415
1778216133
1764722715
1773450161
1472484834
1337098630
1652183212
1750079562
1662029539
1692695135
1721862342
1747624504
1722494199
1782593975
1334087436
1741307481
1585594640
1764103289
1769271247
1749028456
1726524259
874040237
1734356633
1729699040
748845205
1333862564
1763577561
1755320709
1731178995
1764122645
1660785045
1748563334
1761686335
1748301086
1370581139
1697866591
1701184107
1748071264
1761593589
1775370781
1673802148
1762814755
1691230284
1748716550
1689454484
922770449
1741532789
1757610065
1763027809
1490644953
1704470478
1778078474
1712016761
1696235522
1655513548
1782793571
1775896097
1601998689
1736366204
1754504324
1737668908
1778842180
702212664
263795679
1769295925
1674793016
1679361158
1748788180
1792754871
1785179597
1748946090
832347115
1670799857
1748374394
1591688430
1727531744
1778278446
1783234137
1662794554
1748929766
1732078763
1761954700
1748304724
1768448207
1752017705
1716581913
1749355812
1557151175
1742788406
1779985214
1782215937
1779968204
1454430825
915512147
1751055714
1728435486
1726247462
1542497216
1050199195
1765667932
1766699682
1674256464
1665548235
1765212277
1767724300
1726338812
714565715
1761629611
1644984642
1779768397
1669484291
1774302352
1699510984
1778521880
1753595656
151135520
1733539158
1785040589
1757650705
1756654336
1761606173
1747654632
1716366973
1747387814
1761265461
1770777112
849275710
1360751605
1531675384
801371198
1794104401
1761827007
1554167891
1627641178
1762560895
1779629808
1762141001
1590421903
957908184
1715657849
1752908749
1748116726
1767663338
887706618
939563384
1768869589
1371037001
1778519362
1771600462
1761648519
1709673654
1747436438
1243477809
1795565093
1114306619
1727197040
1769544209
1741553888
1700704225
1044044529
1335535626
1762240981
1716575138
1761954599
1778234701
917381291
1528292598
1419414791
1687406890
928649693
1679974782
1763188279
1655932677
1649040404
955327553
1774349327
1763820137
1781421329
1782630643
1700499996
1747420158
1720847725
1695716309
1748666026
1757347639
1763838833
1787471171
1479663990
1778432131
1611648732
1740408231
1533863082
1761587291
1735153680
1792778443
1744803692
1750435150
1757471919
1039709307
1749701182
1197470469
1690996329
679412721
1077860853
1765660069
1779136146
1756551180
938135981
1648535076
1747410406
1727150800
1704430589
1751652242
769530933
1508049707
1778184351
1770217496
1665800897
1658494338
1656761474
1748492751
1790103877
1774586406
1796440853
1757551574
1748786494
1747748002
1560133219
1674418864
1774735359
1768404945
1768725019
1774309847
1769519326
1769776022
1761861639
1641445135
1748289040
1718525990
1762568627
1750013960
1752335222
1762455624
1716950543
1784770647
1737999184
1740933267
1775200859
1677241768
1772655713
1751101660
1095408549
1731629744
1034002508
1786262349
1747490324
1754408689
1485427032
1760679067
1740207710
1751455447
1761994695
1120221383
1749230620
1753357220
1650851137
1776277109
1764509505
1748067394
1771478734
1183121430
774010737
1365575121
1231141672
1762303919
1734052713
1778495564
1648887574
1769201519
1719687115
1753650659
795107814
1763085239
1073484172
1709168288
1750329726
1498711750
1312175353
1237696376
1747434428
1753977163
1721852611
1749727018
1669422970
1708634167
1476757804
1761849031
1731243446
936545754
1748118822
1760205368
1754241304
1763123305
1720166633
1761870003
1709595848
1737692062
1790891011
1763361399
1557922398
1557529986
1591070818
1657983673
1761633303
1756726767
1790185533
1095787265
1748826622
1750093378
1665810546
1646393806
1754626600
1769576749
1740378095
1748242530
1721246068
1761794639
1769518770
1781832619
1771473549
1764250119
1736742546
1795575971
1747638420
1707805076
1748474824
1756675467
1747974382
1582994278
1683680142
1761631445
1741975872
1761863562
1601799147
937266782
1747561608
1783663463
1760770632
1792733459
1353013247
1764346667
1748680734
1747903580
1748947202
1682684755
1721617097
1737659828
1765211762
1747412486
1067623682
1774549879
1736067298
1761680785
1290547612
1752558370
742899690
1645217437
1763826723
1794034787
1728367730
1747477764
1759018022
1452574837
1748399916
1742888996
1727413148
1226351746
1700796995
1130713039
1584674945
1584609069
1739186720
1042695376
1747641106
1720836145
1553191467
1772855794
1539645710
803254795
1222054476
977982267
1749895811
1793323587
1761581439
1760534276
1561196218
1781421793
1442139666
1749695318
1751299826
1758822100
1715064000
1784667429
1773110461
1739486454
1652952086
1694323191
1758782440
866544912
1271495739
1748288114
822093078
1747661068
1680421494
1744675420
1768796246
1759393651
1752826038
1711396526
1736231245
1765262666
1708573846
1648090402
1761590147
1771995497
1761788281
841308549
1747615830
1771665586
1767175433
1383798681
1747421110
1727305184
1763861771
1772707367
1762452939
1793913285
1318767323
1754134243
1747550268
1487938773
1729774020
1748293164
1718231298
954391547
1765259366
1768410819
1451602524
1763139143
1777734033
1475386946
1252453389
1495185503
1748258558
1781164287
1764798649
1690428091
1607927939
1739642014
1236293904
1744772619
1763396660
1758598744
1658597116
1240511588
1354396855
605577936
1761581079
1779066376
1690410802
1749922148
1464485286
1761657959
1761956915
1778819050
1747661334
1760257411
1748280178
1795237357
1768824254
1741938573
1657882481
1761828583
963031337
1747430970
1762630909
1763540281
1464766984
1792835569
1537943464
1749471074
1204079685
879629935
1739949552
1741960302
1776663639
1734781831
1765257497
1764339893
1748380094
1691292818
1742340961
1763777311
1772971553
1774294007
1754021667
1724434800
1762192273
1794740321
1726463696
1536834693
596968656
1759542032
1755949426
1718284985
1430038326
1762752355
1377107316
1682686067
1732693486
1740692337
1755821290
1769893753
1777682027
1779957960
1778242964
1715056902
1460404902
1771416549
1746337493
942912808
1649835386
1708236402
1724871666
1752377284
1312728724
1701404930
1747477280
1795405213
1781365120
1736598458
1775774443
1750941650
1775143501
1781112957
1764765664
1726171361
1753981619
976371165
1761615675
1507504989
1797097847
616211362
1753210289
1758645541
1782083080
1607957637
1406421042
1785841545
1775118773
1697865331
1540254094
1740837228
1777661841
1734554082
1783112941
1741231363
1761673267
1762093581
1745434668
1765001753
1728404748
1747837022
1771266895
1649855499
1769246342
1552527391
1737509552
1762320713
1465550194
1782377759
1761256142
1508090841
1102273623
1769298144
1554639963
1792527497
1694369603
1727622316
1602690908
1438688762
1769426525
1655518399
1334030426
1491283980
1769243850
1752922134
1761824099
1089784468
1763218765
1781390334
1767700529
1718334249
1762657463
1628726926
1110364215
1722882782
1746715390
1649339263
1747621788
1289550589
1666305101
879429720
1777367308
1782897192
1766515709
1780183422
1779070264
1779197305
1764164039
1762906665
776908831
1710143621
1762825651
1762257309
1759440137
1570221970
1696494987
1761970491
1707383241
862480865
1552128189
1560148939
1569014715
1783712471
1781407130
1747968312
1540341325
1728960226
1741921718
1659155111
1761628055
1745274181
1741497652
1747398334
1780354354
1752044517
1757662272
1739887416
1737912436
1762561501
1778444952
1547181596
1748594142
1767600794
1757801116
1662724746
1791584215
1748318970
1677117340
1747432712
1763617233
855373859
1487437458
1747844718
1747624920
1762735011
1796160243
1762248817
1757134573
1657475019
1742975797
1687882855
1754836273
1744427392
1783254199
1628394355
1747727131
1743997938
1761601437
1736971076
830603521
1181277133
1662110667
1753431820
1684935624
1795589455
1747507200
1748759500
1444907460
1769207853
1782483461
1670602308
1649282246
1761617355
1726372112
1764887019
1660800469
1710481178
1762358447
1749118640
1741459330
1733381784
1761396558
1741355801
1761608869
1611319730
799851408
1321239033
1677999617
1706459202
1724211678
1768622279
1748273894
1694044012
1683773933
1657612744
1749984381
1686145450
770479319
1754005346
1777336589
1761581853
1793268303
1743456903
1765041425
1748999956
1595686809
1764671793
1538942410
1767140422
1751776401
1742435477
1694131240
1748308256
1761872243
1397169214
1762928227
1013920961
1769530756
1762213067
1673065736
1755109368
1393266540
1740301582
1779027426
1740663748
1762878875
1753638349
1682518606
1761850067
870325424
1552457809
1731388780
1726765866
1792008381
1764943918
1784968527
1713411256
1754382209
1793852253
1685549960
1042711814
876135034
1696737413
1780380108
1598268547
1762625597
1353597308
1533792867
1730220398
1747941010
1781854289
1761615543
1764222547
1571659536
1504686408
1779787952
1761663607
1775325925
1750797844
1259898760
1190708224
1754595499
1749595834
1753306619
890047625
1441310306
1748319968
1743457993
1768941981
786625707
1742238327
1757668705
1755738971
1778297872
1778516096
1254306444
1761629369
1709985799
1748956928
902732700
1766186072
1749291496
1761612787
1761610169
1774250539
1721981588
1688033925
1764768641
1747407790
1361424999
1770275178
1777253624
1032771103
1756159917
1705461219
1752695840
1710453509
1752233848
1672365844
1755371686
1797956777
1767220803
573272634
1618932631
1761590251
1773912756
1558308817
832421396
1737990266
1747556326
1750960204
1721419910
1747562072
1772975389
1735664046
1761638795
1463790198
1768872199
1756853430
1671780621
1724080506
1460844425
1757341480
1518698221
1725677844
1158856839
1747392380
1669998314
1751743342
1717142469
1694040128
924204486
1677285568
1765144695
1762143799
1747448926
1732102786
1747411508
1672768279
1269306970
851909544
1540955580
1727545911
1624984716
1762518013
1741601417
1693599539
1714984411
1772097004
1709110314
1746375953
611452909
1739455724
1776996223
1747189682
1736297916
1745220963
1732832680
1762212344
1082401430
1749873228
1765173857
1760188796
1777174103
1778493330
1761609541
1723328023
1748397396
936543394
1683205331
1714805487
1770182865
1742017349
1755687888
1700427397
1753898083
1748739897
531501626
1736685350
1752687298
1675954800
1721811779
793230114
1774254674
1742996151
1062365631
1757476818
1754376664
1778138419
1757754893
1646143958
1459227037
1764602565
1758730460
1571583569
1762228553
1481406649
1286447815
1651705233
1774326879
1751969832
1594598384
1692501794
1666016895
1763885679
1768038517
1682571536
1694787024
988401974
1373822500
1555970684
1461742273
1727506604
1672848092
1731723288
1742024998
1739348904
1091702740
1539655224
1678486955
1554541291
1795923183
1277285927
1487980937
1770234497
1772379306
1747640856
973784274
1657588585
1084319198
1734568148
1748051140
1768977794
1748630210
1780988256
1774893609
1771131149
1754871196
1723698214
1760362711
1766774718
1661206252
1544854134
1761735349
1677198432
1780600167
1757559642
1747410858
1747899396
1772028340
1750290828
1764489474
1762475495
970488961
1610594340
1479769941
1442036103
1552682509
1786059337
1542276706
1775237124
1753808865
1763120482
1692692381
1769958962
1761595779
1759715091
872424615
1706955605
1762884815
1711766585
1554184699
1740698897
1752436052
1763889913
1684781404
1753192916
1730967505
1458439075
1403674236
1104326108
1797097667
1761610783
1554904235
1199460792
1236279195
1677542533
1762756069
1740340599
1730167282
1768934232
1762504909
1761588601
1775327705
1763456665
1729104300
1701746296
1786421419
1792721949
1791489063
1749031316
1729518952
1755727746
1715069098
1571678998
1562764043
1775614264
1747828618
1745960913
1706632824
1557331408
1678163413
1720163132
1762177523
1765395283
1780256106
1700780496
1763746543
1558821563
1784753823
1767917447
1793115721
1747429564
1782719885
1796393293
1741365411
1750896651
1778944234
1618193708
1769338311
937699439
1037905774
1744077726
1729203100
1762787309
1767044914
1774426066
1723882115
1019751290
1792422305
1774714989
1761778220
1760800431
1177644033
1747495184
1733101270
1752033871
1755249635
1733865874
1676213474
1317424547
1747421478
1659376788
1762440359
1719482430
274325484
1651516895
1722216161
1735632356
1712888081
1159976325
1765218532
1694048375
1756575789
1707024812
1794566555
1689746745
1744591013
1773927799
1579411656
880143502
1776229981
1779987836
1761654269
1724605243
1768910370
1765956381
1264075591
1573055400
1755374945
1763115850
1747625562
1766799596
1697510540
1452956697
1747770982
1747486000
1726472174
1736071616
1758333450
1726499724
1764740797
1748574510
1272219901
1794372593
1748160474
1724930011
1754403720
1726766434
1762790901
1684808908
1672773029
1777369736
1796413941
1729505362
1675987543
1774345973
1753998995
1761913751
1670330177
1318295949
795521670
1699780043
1771577179
1773488879
1748520784
1718522697
867004498
1747404602
1681111114
1763343741
1742613935
1764308015
1762599871
1751616684
1750867372
1706354821
1749738566
1729803900
820704784
1057913295
1754321926
1239544961
1649466375
1747186028
1747825462
1767716248
1796817965
1779983822
1760367698
1760004912
1744460764
1794022379
817489320
1712895293
1781085513
1762966049
818445208
1752245264
1747823282
774301742
1747172531
1780179558
1747671628
1551996429
1352031150
723551523
1781061257
1294478305
1747401826
1761633859
1438752548
1754692039
1109760044
1768729520
890071095
1711700855
1672213858
1702477368
1670881967
1781134598
1796517885
1584445420
1678876928
1748489620
1732290388
1754023932
1647441086
1741769402
1765268899
1657868533
1761666011
1763299923
1714803126
1761795737
1733793175
1762858459
1007836600
1554027721
1756601296
1552661127
1795661085
1756178312
767056337
1783388243
1748996976
1771524200
1748491673
1032108746
1736093702
1760069264
1794370219
1090111476
1761959742
1717950325
1750884908
1762578387
1745568179
1727658748
1741213560
1753968580
1597258876
1281307311
1628864656
1783020273
1779897686
1685159096
982943221
1021382318
1022922055
1704411207
1694529928
1729301404
1750743492
1359470539
1763499179
1765027608
1351031649
842506055
573809101
1747422496
1762150287
1104951315
1496784873
1744871192
952335017
1459042937
1667899277
1746197149
1727590750
1674904077
1739583834
1779128486
1604661793
862268163
1761665753
1725416568
1773396735
1768260407
1729370400
1747633686
1658128318
1743580318
1754661813
1697983720
879112034
1761386279
1590626471
1177663373
962626851
1747695360
1780095039
1769757084
1558303514
1762032673
1766619837
1765668593
1776302641
1726407476
1743938357
1758852960
1754112847
1797097893
1716497640
1750907070
1734627561
1365251640
877699074
1764489083
1489215688
1688224516
1761785327
1747508556
1739510741
1729640258
1729594012
1765077160
853374200
1506517031
1743827875
1741552481
1647495365
1725190153
705633393
1747672034
1549434744
864341131
1792362045
1671824034
1762019977
1747622412
1739967941
1773565443
1763871043
1769563345
1653038520
1763657055
1761623927
1759667366
1704112737
1784393235
1730870988
1753296018
493240130
1790449797
1745196281
1349846405
1648017250
1601210915
1782897130
1747397262
1761922885
1731799846
1723362437
1796436891
1747405956
1776611842
1749002254
1705453578
1766863099
1738231777
1778864226
1749446312
1748500210
1231698006
1779082047
1774935941
1569264806
1754930696
1721332711
1740294494
1776216968
1728305802
1748936399
1761893735
1772005789
1765177495
1747637424
1748245366
1552207817
1277978709
1611003427
1749285046
1764525086
1366002187
695235465
1759492071
693427692
1726713064
1764474667
1729493178
1363495283
1235653839
1769186375
1782887528
1067679830
1779130329
1796119149
1759630628
1777057344
1743118461
1763153481
1763510471
1579362947
1673022979
1453358824
875892647
1540394186
638589456
1761754627
1770879147
1754919758
825496245
1745428821
1767828531
1563081119
1657648040
1791762229
799535675
1749880176
1761030050
1697369176
1757096899
1748875662
1743942669
1127999761
1408724125
1673702150
1750555800
1783713011
1439153738
745709967
1474673319
1782784533
1728774090
1761973360
1761585253
1781508417
1702551265
1763278253
1776905933
1670683599
1706468082
1762494695
1716037919
1764412273
1112834088
1765044405
1795213683
1727327880
1762326433
1772521870
1739892264
1772171400
1779121590
1795962641
1752320236
698498676
1784829395
1724919141
1750246500
1730165794
1744080145
831806169
1692734858
1717683913
1659422032
1765668285
1770678083
1157513933
1741423778
1762445505
1761757447
1544449430
1761685575
1785455227
1747954306
1774596095
1749385740
1720363722
1553815700
1730886792
1514445948
1743934758
1762540001
1741577011
1747500156
1489578963
1755953417
1751500148
1782962435
1728373968
1670545122
1731910796
1783541601
1673954019
1724603573
1784347166
1758059792
1764592505
1112368286
780480537
1725389998
1778760934
1753569997
1766168419
1370990200
1772931839
1756028614
1256258883
1761865735
1791737199
1670637898
1747442834
1767891295
1690127039
1763076065
1761818123
1765535815
1763513289
1699369747
836667477
1661357035
469735318
1740456596
1783388911
1766986499
1747483306
1654798902
1782873002
1747637240
1053205593
1758455994
1672620571
1758722400
1434429870
1788346577
1786540941
1733910378
1731611083
1548586298
1765949638
1764127999
950040709
1747448766
1771214649
1774024447
1762775811
1784552785
1781152432
1292839555
855998579
762350692
1746616300
870033340
1777517641
1713322346
1784078177
1714799757
1747392040
1765444791
1765083385
1762330209
1600536516
1762581529
1272610636
1573092161
1746041955
1698652570
1747412958
1454677163
734788188
1070456652
1762237397
1763100423
1797450829
1118923438
1728607023
1683422493
1656676776
1491305710
1762414399
1327273906
1749234360
1764548160
1764346983
1538086376
1213545734
1765101911
1676768357
1747407568
1752478333
1719220868
1703463758
1735242080
1657480653
1030677284
1740174697
1456981841
1752106102
1774783789
1764553049
1762347015
1237291311
1066485243
1742157749
1779891368
1487861690
1784440889
1742625062
1761895211
1353032413
1747462928
1770891486
1762357873
1752192854
1762407429
1782222074
1777062249
1773760946
1670201096
1750654094
1769719119
1772844797
1548769320
942966196
1770570860
1699824236
1719874822
469029357
1761854403
1747415758
1770631692
1773872310
1756632831
1761684309
1782973393
1792778269
1747659312
949074248
1751556392
1764005637
1780110699
851302004
1586602066
1734362462
1758399448
1695048395
1550861310
1742740613
1639945312
1762547033
1651454844
1763056538
1766973541
1743807657
1690221429
1780307046
1780144236
1791479067
1792866773
1704334976
1742592492
1756673897
1761823971
1771815434
882586599
771275653
1706089303
848637193
1761783997
1645604304
1752393732
1543186924
1747559594
1761929071
1747961219
1781126414
1786880363
1779036052
1778096669
1761630577
770258552
1748502934
1580428331
1616220881
850334550
1746643323
1503099081
1765811950
751418073
1772999963
1788158333
1770883654
1756785472
916239330
1761605825
1730567153
1745336517
1580667216
1686019815
863289825
1781139866
1794286059
1793578647
1695060035
1752739906
1765209849
1677257565
1701019862
1764017555
1749554102
509373079
1741802275
1748458059
1764280159
1795300135
1051015394
1750481980
1748234884
1667598409
1537949440
1694980137
1770260217
1740271110
1747488302
1761909520
1694280303
1123513498
1791036841
1792593629
1504967572
1308675847
1766226357
1366574687
1795363335
1766875383
1778656107
1774816005
1781185610
1764888257
1759520491
1792230195
1770218221
1776726767
1542688517
1096430990
1761582887
1766749932
1672146710
1756215285
1766810852
1773880210
1771732611
1743808741
1580038872
1747574234
1243069991
1556659438
1263300295
1566766826
845828532
883490391
1094090479
1748555396
1664451313
1749949788
1794143415
1695700773
1738300220
1761667833
1762204917
1795225113
1419645128
1778190119
1787485681
1750153330
1005220976
1777597868
1205202000
1699045281
1749121860
1772446516
1775475245
1553384631
1766268181
772083450
1768038288
1749898512
1795291295
1766372139
1753252248
1537783670
1792224969
1524536892
1795827391
1678846304
1795291169
1729415044
1779510881
1389380675
1675507960
1033658934
1737761314
975096093
1747684332
1486050077
1762532138
1766206673
1793280037
1762778207
1779802745
1119679609
1714603054
1770117878
1748203300
1769303878
1751582030
1768224242
1701327833
1540055437
1750440618
1764014309
1748512232
1736785990
1742974876
1667607438
1771716235
1740912161
1795328525
1798716261
1689113954
1795328575
1747458356
1761881281
1737467730
1726190674
1749028650
1777056964
1748115392
1464434447
1795279967
1758866693
1471796484
1747759506
1772788886
1747462834
1755209961
1779011796
1761578362
1702955166
1764001032
1762597585
1728980737
1763536039
1765336887
1766384161
851545879
1707876607
1758925567
1686050765
1604144840
1742514764
1654332670
1754078690
1685671137
1774062903
1793805255
1505197452
1696043489
1750195934
1764208980
1783926231
1770904935
1759835674
1767294163
1747847396
1759982089
1748265050
1750451288
1729751524
1683451785
1753667070
1752086972
1299017847
1665698255
1739140286
1485978328
1751430077
1761609777
1540285126
1710689650
1770766809
1479978268
1667537089
1781144205
1775379635
1764918940
1453988061
1749038518
1727953526
1764885699
1737984832
1781080492
1657859052
786527093
1699360698
1750267868
1731566905
1752334200
1527081760
1761629263
1698962047
1747562052
1795916027
1781063220
1791295685
1755330746
1762975209
1759502579
1748110032
1769241160
1795247321
1748269348
1793772883
845662974
1749004744
1142169046
1793261183
1467694731
1734860554
1523637779
1795144619
483432328
1646593358
1778469986
1773593356
1749487950
1795676735
1785839703
1775000247
1770674792
880001664
1781092710
1767517893
1767888992
1761455132
1774995478
1750938989
1759818742
1687241221
1768728672
1744302686
1747636506
1712186751
1756822468
1747393922
1743713595
1106404862
1747496494
1760908427
1780765087
1776824263
1749370752
1747790704
1728011496
1234036569
1791468795
1753703718
1445031594
1796515739
1699739139
1767487497
1781068562
1781082130
1764149569
1774899739
1776087324
1747510346
1764875955
1747780524
1781082736
1554187941
1795925175
1082286901
1795944925
1729774904
1753541348
1559045907
1660740787
1747714059
1781051802
1070811128
1634218814
1750111866
1762588859
1780148786
1768793188
1729519687
1759877714
1781727698
1733827622
1677741784
1771129886
1547604308
1781726052
1578622928
1684666802
1795040505
1781092662
1761607727
1660781959
1767916623
1658301918
1748306786
1546623414
1734635816
1795927653
1751207831
1778542447
1756884842
1795268011
1767140477
1741335597
1749922160
1753428592
1544868792
1667780071
1708028214
1779408483
1468856954
1781093788
1783713035
1795291517
1671126822
1763639393
1658212496
1764354985
1473173139
1795624631
1741454256
1775168275
1749425806
1779544828
1729772296
1760195440
1771272803
1748355766
1781725836
1559046199
1559047731
862620646
1762416299
1781131854
1098746367
1761180509
1602528844
1762110023
1781096106
1777162433
1559048747
1775164226
1792493287
1637257032
1708491409
1749160296
1768697431
1763087395
1779051832
1725645570
1761615931
1721990587
1559049551
1795295449
1762174269
1559048625
1761079460
1796920735
1734851700
1753525332
1763309509
1473766131
1768091682
645276287
1677772376
1556975145
1767214332
1761626521
850921258
1787713643
1795360745
1747558796
1792564113
1781728558
1795288857
1762510581
521016632
1731393412
1740478283
809030109
1781046944
1795246467
1768961313
1675168544
1747475544
1686272555
1694452089
1750156855
1779230185
1795330921
1353887695
1678016580
1776401859
1795246487
1783256455
1443875033
1781161820
1781159730
1766598917
824105451
1788109435
1757577707
1761644311
1538085678
1556313607
1763161195
1728895786
1747487300
1795246435
1667922370
1732147438
1683926917
1795377493
1677116996
1781066344
1781052834
1778264472
1781051490
1742833994
1726106391
1751381286
1795327425
1772732695
1781725938
1533495047
1559045683
1758544558
1795928843
1699066493
1761775933
1781046926
1669064989
1646320248
1761609679
1795248917
1747437068
1795915423
223431435
1761995759
1659196312
767531724
1763547729
1733061592
1764650221
1747423148
1778759560
1795246421
1717119790
1768623070
1781046948
1527214128
1783831508
1781160540
1276072033
1582428352
1579557928
1777327310
1781048180
1795245087
1751373328
1740993035
1795331725
1797309047
1761728642
1725677638
1765530617
1795929987
1748637258
1768304741
1795245673
844449910
1747727184
1763626992
1760880502
932618620
1795351755
1781054352
1748945250
1775196093
820724176
1485735748
1653693036
1115855324
1731695778
1796351655
1743337624
1748467778
1058279960
1517498382
1775177385
1795290161
1755352685
1761600521
1765520177
1779926297
1781046934
1781162710
1781729828
1751967808
1795361577
1058361014
1747579302
839113722
1763906914
1758933813
1763752915
1781160442
1248541886
1780971644
1781047706
1761747295
1781020838
1335642045
1543086480
1781162066
1063420536
1678071459
1747688366
1585046618
1436813018
1750326069
1785067883
1795225299
1729819491
1781066724
1749816142
1762490211
1771994605
955119349
1781064582
1760800205
1781132454
1747623352
1781177676
1703193092
1762989684
1795377413
1795246499
1793550857
1761981791
1751352448
1721328256
1747493878
1750421368
1750644327
1460647442
1780415788
1537775940
1548710367
1761817081
1781160366
1774818191
1793679079
1762941461
1704784187
1747212887
1768774135
793006353
1762618751
1773828358
646421528
1758128111
1740141257
1781123364
1762024823
1584273682
1768301117
1011743401
1751868321
1788099963
1764458772
1696048154
1795276155
1764088299
1795376119
1763124939
1747623984
1441999424
1747394158
1119798049
1745374837
1750400074
1388608961
1702349206
1657993390
1767189172
1748947527
1746128937
1781124296
1783777018
1717190431
1765523747
1382522953
1741340887
1795592259
1781127500
1018319247
1773511109
1449175772
1735466436
1761852171
1730788589
1758167042
1753313673
1701174190
1755690939
1729765656
1795323425
1730842908
1745520958
870035224
1761643827
1127376784
1773534477
837282873
1781125480
1757574998
1781159586
1747415338
780919291
1747515636
1063918682
1747613707
1781178820
1795379173
1763233623
1747426058
1762133207
1741869564
1116937953
1730402870
1551923453
1764474439
1721676055
1782147315
1770003313
1766508754
1757537253
1475196564
1599799005
1461237732
1686490728
1781159192
1761834185
1781179046
1778239570
1764334893
1712782346
1761776087
1771728422
1160051766
1781310597
899835871
1686967546
1747956290
1783713023
1232744390
1761795736
1070259155
1750111002
1759295628
1774240295
1765095973
1770883820
1762270779
1763535803
1781176992
1791003217
1668344793
1795275425
1709947044
1778525783
1749591728
1757289518
1781176696
1280129982
1790520591
843045003
1769718253
1763819263
1766888284
1666507842
1790745107
1764058664
1795928473
1781069702
1761655411
1717122750
1761644627
846577935
1708520708
1781046992
1762095103
1795378311
1761830457
1729973597
1757843078
521929374
1751955265
1795248209
1761688657
1780311170
1058276762
1723301281
1445047804
1485888879
1779109593
1762044899
1748936634
865359962
1480285675
869248047
1198066522
1659586946
1769100135
1689596593
1770871489
1775288629
1795270269
1781159312
1284591348
1541079050
1748356848
655469391
1458433775
865543583
1767218457
686216780
1781022888
1019767376
1669640059
1781181288
1743303093
1689452892
1731176334
1762582879
1796328207
1635549636
1795324627
1751106916
1761780613
1660976423
1762374285
1795374745
1778236530
1795928957
1739705736
1638177465
1795246441
1662463848
1568399881
1772959013
1774014249
1768162306
1747401742
1757937594
936576645
1630617585
1748001286
1795246425
1057677971
1781046954
1771750934
1747892386
1781075146
1584711271
1774102779
1795229055
1748630100
1767554990
1538736272
1552570917
1332538911
1747866034
792480314
767515480
1767414384
1781125770
1761789891
1795260883
1673608303
1767071407
1747955936
1743840237
1708548470
1767038309
1732231591
1750472038
1761620317
1763057831
1692359668
1761997885
1781179530
866294380
1038131698
1398330690
1795220293
1795875759
1762447551
1636460173
1544868468
1785321617
1779553103
1747419708
1795322835
1741647890
1770210886
1775788616
1747471408
1737579478
1795923861
1795268775
1765073363
921998930
1749643580
1745211384
1781179438
1747597911
1790272061
1795381889
1762651743
1729647486
575127014
1781179052
1760508218
1779484221
1786987669
1762559721
1752736799
1750418278
1795381711
858661489
1781726432
1057711289
1294406165
1682471434
1659122547
1684746462
1663624977
1010876032
1753335378
1761846899
1795405907
1750649980
1764490401
1781169106
1781133136
1781181810
1718357500
1438808523
1725614228
1774853897
1749891790
1765167571
1795877127
1770003217
1313207672
1740684706
1781683824
1729543132
1781917606
1796585085
1749257614
1795241801
1724194123
1766152553
1752089508
1781725950
1748350566
1544865036
822600632
1761619397
1764680629
1761589561
1756003975
1781134700
1775668983
764286162
1760046198
1795925689
1778281114
1709820926
1470143157
1566525761
1795382079
1762893101
1762098597
1793730137
1759845344
1774205691
1795375993
1795761157
1771763195
1747705704
1795240101
853432054
1764631784
1120465923
1753505453
1781180222
1782159363
1366873158
1580532927
623311538
1766159531
1796008201
1769203299
872881606
1740960159
1692279053
1755753085
1762743227
1667082750
937858400
1763137729
1775618347
1745716652
688985454
1781167868
1790855195
1774223113
1468516270
1766905130
1795380199
1795924185
1794262151
1672302530
1455516653
1732279840
1795221029
1747635048
1788136793
817523697
1097280053
1673549357
1795878117
1749003251
1742163919
1781041068
1717300695
1544867270
1774206303
1491750486
1770054743
1797002803
1789474599
1762637647
1702658163
1310677628
866325566
1553415837
1735211664
1737230436
1747470658
1760723124
1404301837
1747640040
1781163484
1795235573
1731151078
1771369357
1781036936
1761767075
1781686122
1689161983
1782859375
1781134756
1747781459
1752203032
1781684494
1731393256
1781724390
1795708443
1774150914
1795323689
1794593291
1754309736
1684263463
1031720919
1781687436
1767948991
1733432856
1739366213
1755832843
1774943143
1747827944
1795239655
1781092726
837409220
1565440461
1233360580
800430770
1544868644
1795924331
1781158404
1783992417
1782701590
1781157572
1781024860
1192031355
1781059078
1796360771
1781128176
1763369170
1096176717
1675154608
1652127591
860090145
1773610716
1749993994
1795237569
1784658221
1517831278
1795923995
1727650695
1662091178
1728982175
1565399437
1795326827
1756377908
1785004359
1781126162
1793227717
1794707773
1761664301
1778404926
1700208072
1762128389
1756267395
1793244399
1792629667
1795144655
1759370606
1761680521
1781160106
1115504435
1657685064
1558289907
1791737775
1795217741
1796046305
1781128392
969898872
1779043540
1046382169
861509167
1757718224
1768212725
1763973445
1142195408
1323552908
1781058332
1763439615
1759965974
1795354011
1785044463
1781722592
1760736714
1792491553
1781722374
1769200378
1762792413
1740957818
1755199478
1793990183
1762567669
1762650195
1780124772
1747538654
1781180112
1156356102
1781172900
1794918641
1727804884
1797091505
1752583198
1206018526
1554184561
1717358186
1726003956
1764827809
1753954948
1781161256
1794064617
1733059970
1764189505
1776821313
1398117980
1795848125
1787007855
1490951047
708297040
1730003286
1030144780
1364149405
1766835062
1626425661
1767155434
1791789573
1781674510
1553541586
1251994320
1750366904
1313553822
1763948550
1447596502
1782845596
1768520034
1768291277
1795385019
1781053184
1771959656
1770816612
1781180798
1758507002
1795383575
1749087594
1733585227
1795226767
1721872834
1765116682
1764013587
940672310
1778883191
1781051926
1795922307
1213021011
1781186056
1740750947
1183192978
1759612792
1766339603
1763680645
1752790112
1795357097
1542643482
1795373055
1689597619
1730956629
1769591218
1795291033
1660288508
1126453184
1734054822
1781022738
1762484311
1766448263
1747538026
1771638311
1748092244
1268425975
1761638325
693669167
1791148573
1795360549
1795255047
1394390107