1761080398
473980907
1727548933
1769280040
1600158113
1679438837
1724375807
1286449560
1052592647
1600669801
1278894026
1198634803
1406162764
1564342837
1725863246
1721620746
1351671182
973220696
1731025624
1458272056
1562415943
1519526995
1418138274
1770190001
1728853534
1424415762
1688724632
1665602358
1351716131
1723792689
1444863107
1717584105
1195010499
1566189013
1322589683
1028179796
1567197890
1624451902
1777308329
851041198
1641401152
1037714571
1795642829
1557516941
1775920509
1773745467
1518201747
1744437021
1470816265
1497372020
1406983108
1688257145
1483968789
1488119612
1718935282
1782276981
1613790126
1461822157
954993115
1768035433
1723690200
1044272952
1628329461
1308767765
1622300562
1017643854
1053478173
1275443785
1276210468
1459143463
1413455244
1658300801
1248899086
1167974923
1696508579
1744530697
679935496
1515159850
1716822764
1575922374
1409256742
1089754981
1090183604
954595770
1618037891
1423618822
1683478824
1336843271
1536772514
1238893040
1767366936
1479277733
1780515160
1203212173
732469624
1587640558
789262253
1423326928
1722146083
1194259913
1466110491
1723957993
1709288128
1359787497
1635605997
1361753726
1201403561
1453489159
1099227829
1502657400
1420745895
1294256899
1487987002
1738328219
1178291272
1276259834
1616506497
1595744837
1782321917
1249116258
830439685
1275407569
620978066
746372935
1190517843
1273570582
1349806587
1413818790
1498807865
1310585576
1704684181
1599252989
796559509
1755764249
1346460696
1120824178
1756406789
871056331
493453730
1757326759
1442054038
1795112155
1724384814
1628155344
1511702701
1462363843
1774771171
1752524615
701342590
1079349381
1203131195
719861658
1037626925
1024907801
1687645803
1233258754
1780911951
1443767407
1759454470
1388059404
1669756384
1686925661
1632549432
1680986864
1189223068
683150007
1375538986
1757147929
1255320259
1226843028
1084136891
1674192874
1212082891
1297783490
1728528429
1083522042
1597247675
1434866343
1400297630
950237967
1524160655
1221550611
1305449511
1777476777
1647309322
1083633739
1513952320
1536703283
1773273262
1022193192
1688588371
1296066094
1615766947
1698441500
712891907
1757301477
1565590301
1040888586
1689538827
801465250
1257532517
1530642956
500453530
1509913295
637006631
1660684170
1458110568
1333771322
1295717312
1021343138
1745228334
1691543497
294848017
1760024375
500401642
887721995
1496075564
1644001476
915518484
64769487
1702720620
1729610057
1233370221
1759023509
1437395004
1581172725
1729167544
697934157
1418013203
1739014875
1234829032
1705677111
1699763445
1334526003
1645710665
1636452988
1141344825
1689814049
1189230412
1474662533
1529455682
625607111
1564104562
1300026943
901425556
1333303686
1749909785
506417281
677697068
1390548924
1776798013
1550945159
1764900535
1725958077
1441155592
1711194405
1772184721
977923901
1480680994
266881808
493453404
1559860522
1203226355
1566493985
1467215320
1060900968
1759572005
1594783285
1685777538
1518401590
1278420511
1513313493
1603538907
778933033
1743111248
1648378046
1753501605
1378249066
1752893089
1684049982
1741611338
1454313375
1418112167
1709819098
1310517382
1185058817
1736822809
1724769638
1563514470
1034756544
1702668456
1307028717
1784772947
1706626162
625607109
1726078009
1509448300
1708833120
1759294300
1746875921
1677575539
1685191449
1496928437
1205946901
1396157175
1725193975
1501641121
206486326
1095790307
1786585059
785092471
1462586073
944350456
1753283658
1743106176
1264301791
878816850
1727883652
770108070
1492656392
1542495751
1156689638
1651013739
1495429487
1080807180
1571986085
1616575534
1057678841
742651429
1178883158
1044573909
524098162
1747995428
1419464622
1764450262
1076871723
1509448422
1448978062
1762439285
1771936632
1502104771
1470170477
1598667558
1192958664
1588668336
701784694
1509902353
1741001341
1685801948
1528710317
910249749
1725655582
963488278
1544133923
1440705712
636328187
1573989599
1582640766
1264958108
731518997
1096144835
1159752662
1542512336
1539364229
1648534490
1764963899
1483675026
1760765125
513945325
1247143509
1040861063
1513084608
1557487178
713878359
1718089050
1771097385
1268772891
1771951141
1368617322
1698494515
1669929455
1258876774
831041613
1545371028
1717731557
1686846623
705890833
1433087075
1561956480
1526977930
1601076827
1410156023
1711516321
875748758
1738475666
1756911383
1502225512
1722580360
1602597614
1765733616
1553455758
1599904122
1771133593
1020826475
1302071904
1603547759
1202717232
1743859799
1788003159
1075320206
1197259728
1791411899
1554007910
807190850
1052734473
1109625043
889152955
1778137855
1654028205
1329176474
1700334836
1760392357
1770470345
1765101971
1693592229
1518273516
1581804207
1762252119
1255216003
1653355156
1743271235
1557502408
1523234944
1779192854
1735708746
1662356174
1779263722
986084807
1183222142
1579081147
1307445183
1710144883
1747098473
1172822635
1192892304
1709263076
1580218095
1692341594
1668325837
1766579796
1521020843
1043360905
1539862982
640212443
985440810
1512114603
236583761
839481634
1671310704
1265660758
1681982147
1112688691
1698288510
1755851410
1623402291
1276168157
1312445039
1789924345
1745204024
1319545408
1236331178
1659853950
1564290348
1510263065
1775922235
1746314537
1497393632
1789399837
1708860831
1720856451
1207363310
1771759369
1225434931
707153110
1650774954
1349037190
1734735496
1400677789
1670682291
1737823528
1620218162
1242725563
1744785775
1732668456
1371193384
1528138551
1526896850
1717364245
754761861
1192822444
1030675274
1583255257
1728753852
1682952301
873118127
1059782844
1752021760
1762072451
1743108188
1173979208
946702807
1406632161
1153599727
822306468
1559379113
1739622855
1575295855
1699951687
1588196295
1707278660
1673484393
1046790508
1110236094
1069970681
552488825
1653982270
1680449235
1497709583
261750638
1614079024
1745127323
1712770377
1664176464
1639869309
1397831346
1180602127
1479302242
1194448340
1745913024
1674680368
1774832645
1613814603
1438644637
1724754114
1318809524
1329924321
1778118532
1761014031
980009604
1642301780
1160740289
1011324109
1654742451
1606265016
1739299908
1530771827
1702290846
1158081536
1072555949
1755357972
1461653590
126402179
608554891
1626448768
100089340
1536391734
1052519503
1779755346
1608625805
759203764
1684608992
1524029017
826519645
723246790
1078899099
608763216
1756891002
770951368
1101850422
1744487660
1526028117
1740627138
1235553579
1632175383
1591504170
1265769133
997261166
1682638635
1748294217
1203401045
1294373458
1574068858
831302509
1759600734
1537823475
1199351679
1711500538
1018388784
940845805
550068737
687129174
604714731
1656984369
1206823513
620229508
1517937797
1442604128
1475828779
1712176651
774212022
1065467688
1317626026
816859926
1755140459
1744912901
1141390444
1433672341
1266936172
1201445163
1113446864
1324431351
1485275736
1690646320
792274156
1547976243
1000725625
924445769
1705469664
1315700117
1696101399
929610062
1738186801
1696441635
1516606831
1769739330
861728294
1668867036
521491813
1059014297
1283428843
1504220572
1605917978
782070857
1445935603
1424244794
1103317729
1693699786
1569553606
1777653721
1719456708
1512624747
1394208935
1445537834
1605967462
1222962504
1114910274
1053925341
1718736014
1251406925
1524224777
1739091917
1661841484
1754098117
1514630146
1759058221
1751266547
1746460519
1668661294
1770471188
1322830378
673874759
1737888919
1698497173
1684624096
1308463872
1533154918
1480192172
1686841604
730934788
1754356347
1655604264
1678097262
1326531385
1755013175
1780185453
1703686288
1049614666
1773579447
1781001513
1563819633
680977619
1509912311
1740831104
776758761
1750308102
1715215884
1552852182
1737129927
1728769373
1520047610
1731396988
698976319
1249437067
1770261462
1160428706
1630386421
1346045285
1600404599
1276196298
1686810698
704855608
1775220157
1292737021
857226807
1569141913
1762891274
1157336200
1796226783
1320023525
1760843821
1682348208
1683841605
1328212286
1777758223
1118358302
1729783676
1541841279
1675968857
1773518471
1741536631
771609319
979145570
1670133247
819563462
1504108225
241508994
1666513087
1730547750
907583767
1520567623
1461819738
823961515
797417317
1775589311
1653676106
1787472559
1493560359
1027716411
1579310224
1377383646
1732032512
1710331578
1717732461
1229607668
1735309656
1349981688
1759083767
1498249398
191872090
1731936943
1753424031
1725017158
947304941
666265536
1545802461
1269262137
1742651543
1694746052
1404976836
1115612784
1601504100
1562152044
1639726043
1728555115
1425969480
1053496090
1698134628
1334047707
1260238217
1750363489
1626462570
882615239
1117482364
1602543788
1681552793
1353337954
1673220591
1049928464
1610853632
1759119387
1469150999
1238539333
519607682
1130809319
1069699494
1012060534
1549788598
1554982103
1731669517
1313284351
1658691948
1772993626
757168483
1281760474
1651063219
1741106337
1338930224
1759509871
1497236056
1729387543
1271512817
1279388955
1282228443
980417086
1373889524
1735027665
1621505583
1750790145
954006219
1739006277
1761170610
459245360
1509712685
1512966441
1432272201
1586391343
1441037132
1603894594
1763326217
1267332404
1051829980
1239934929
1039315495
1028504061
640515464
1178673187
1718176895
1690276396
1392696470
1548549098
1646207614
1705578133
1673343311
1315634057
1620330474
1733052114
1591190257
1207661824
1658846758
1665028068
1735293982
1219485929
1496681025
542503650
890837538
1174384629
1685831508
1307547368
1678310820
1769484536
1647551029
566561611
1200385682
1775572516
1622923038
1137991541
1707506818
1529882995
1460279204
1307080032
1683303744
943435515
1515123044
1532591969
1655057184
1761714250
1791941629
470760069
879110092
1294123667
1549825765
1174395687
1022066299
1378086346
956581089
1709440881
774675552
1235690101
1030961880
1493358694
714247673
1703799544
1683505797
1550656746
1401416479
931034320
1714944295
841478483
400283949
1049532422
1763242991
1132204487
1662726529
1432928653
1735540635
1524567276
1503947001
1197179381
1500182841
1425262977
1709686877
1731736905
486210632
1247485838
1768483896
1776585747
1118616362
966533568
1783216588
1227640810
1593627159
936439151
1665006615
1247939845
982081805
1137936763
1425709917
1539722391
1545675883
1541172147
769099283
1053212043
1449347934
1783137521
1758740972
1692665706
1337910349
1166874371
1608980107
778285240
763616911
1102187372
1186924529
606529033
1525104145
1758684971
1759358157
1157870150
743930397
1554489824
1196897986
1501691746
1575051975
677195935
1681095658
1441033502
1626078430
1638949243
1770570425
712100547
1408438193
469354515
1581474754
1555693094
1738665833
1731200791
1438535697
1707172900
707544794
1740465208
1159718062
1324519249
1098121516
1454469345
1541354366
1301663063
1733592676
1788726619
1513604179
1230130355
1783746723
1005451805
1379648801
1659245269
1764103568
1627723017
1605456993
1732308631
1494335328
1318571099
1284416327
1116268696
1742572396
1767725418
1581312111
1416748046
888090672
1520087790
1721687900
1275156318
1434552702
1491120814
1036614193
1705685708
1744267861
1727939958
1764466713
976804457
959045319
1572435523
1208409402
1745013191
1775775892
1252492764
1186331895
773854968
1641683540
840284379
1747906481
1702337216
1774667123
1692061271
1264479030
1731822529
1655971604
1472656824
1421981452
1456821966
240338147
1579828384
1697970508
1699125674
1366914147
1093175805
861024153
1743824948
1745215683
1297813319
1622188744
893277780
1761773579
1550655142
1755055639
1743846579
1748299457
651184977
787449782
1477739909
1777509062
1210432751
1754618774
1641377365
1749027542
1114490548
1478826354
1510471782
1437392282
1458610025
1243514111
1749648148
1439897717
1603524478
1268360553
233671432
1247732850
1785315637
1699410183
1522547112
1566234526
1408713551
1263292231
1485982475
1343386585
1585858145
1783672545
1782384312
1625353100
1700663699
470762305
1337990384
1724753598
1458689942
1743894669
1789422355
1703544695
1377533830
1734820474
1738495253
1661707241
1739735175
1766744465
700149962
1519949341
1680899525
1611474623
1510186361
1665949390
1445540864
1108829023
1763768523
1288658705
610956191
1560938004
254494756
1186833026
1427403213
1508754820
1601681872
1762356777
1726833905
1479945203
1698833166
1545845703
1244043646
899328498
1552179944
968119282
1768172810
1716473711
1050980472
474574393
1419842750
772335588
1398199677
729312432
1749896729
1344884805
1268095259
1427771131
1722849278
1669447033
1085194161
1088527358
862614301
1773292920
1643644640
1740660159
1552243917
1560402096
1480084758
1420139066
1057198799
1152492815
1518840648
837111748
1558616888
1709751350
1759494831
1003410303
1154468875
1754400299
1776206865
1463178064
982434824
1187016215
1674215471
1593965701
891919496
1710143316
1477669793
1560912029
1557610046
1520735267
1272366645
1751593248
1760310539
831303781
1422157622
1577961011
250035038
968426988
653019493
1108185121
1749643951
1162354351
668975386
1044883815
1762598184
780436122
1478517008
859590515
812768129
753423307
980815165
1476438876
1064242046
1100254314
1454280444
1667315146
1731261636
1750915775
1741893344
1611805153
1347686240
1461457224
1739840872
1048135511
1127715140
1692440963
1654966740
1746607807
1160509310
1560100310
1163407656
1197022518
1257413429
1526712277
1309075395
1734667352
1581627277
1756214951
1778353605
1663602937
712733255
1455272035
1701498024
1495681948
1542503998
1351108404
1606479543
1736067825
1782637119
1140158765
1736637901
1305087088
1735565771
1267218519
1114927374
469351463
1734167954
1283907511
1113095343
1647268784
1634274876
1742084648
1783684737
1684319313
1655424796
1338739391
1516124615
1232659821
818478571
1793163701
1192456001
1502058193
1447803957
1757386521
668410653
1509006087
689046203
1047820164
1113706195
1087399229
1599865978
1447831945
1311656665
1218635311
1712717182
1512556954
1552563110
1281515331
1027709103
1003458104
1769449193
1559655456
1575994191
1519011177
494508919
1716288163
1584321766
228779658
1787058791
1606348808
1455871613
1407143167
1756285861
1475138314
1772631850
1743151186
1652474931
1194214165
820951386
1488416293
1524088421
1163166323
1553899401
1293321608
1525612983
1691101525
220312817
1531821345
1674677550
1505316513
1367622316
1705252745
1757906231
1543709481
1521693269
1648578875
1536419373
1038024281
1159257560
1742158810
1761461206
1757973036
669575828
1749063200
547061491
1000823456
1531202621
674173721
912777905
1791709623
1738386439
1762447597
1421723332
1678111272
1356099767
1730144769
823043033
1338261978
1746190050
1233787320
1717143451
885136897
540143550
1483373464
1655735292
1261521676
1035045351
1368112121
1532364913
1634282701
1371151391
1654928714
1634026391
694743473
1771805194
825076206
1735463864
1407448644
1742909393
974257639
1012482602
1513531108
1566403881