1091483913
1544806599
912620844
1789880685
1768607204
1535308368
1788875919
1440984328
1721251753
903315615
1514484657
232703249
1784226139
1257573796
1473681991
1768461158
1776825167
1733551728
1222158564
1271179935
1524932397
1561406681
1029341191
1672967049
679857130
1670897454
563262087
1777117910
1407560872
613031607
570975733
1434026144
1623248463
673512245
557376516
1631685074
1126025153
1588308946
1709858645
1750230544
1775091232
1634922967
1746645382
1768000379
1004398134
1341027407
1443350705
1755723797
1135948122
1474023116
1141389078
1231730274
1236631852
1489502466
1680937891
1749655124
511584856
716597028
1770221023
1575959855
1578835222
1726394141
889970310
993565534
880821788
1357403657
1791968929
677563963
593751365
1592176854
1077553542
1561095286
1457622694
907307405
1486236701
1280044335
1574690213
526165565
603819306
1583832376
1549474372
1515781947
466471588
1408671129
775073542
612534728
1686357959
876316556
555523909
1715775026
666820186
991332654
1466652983
479390154
1066239985
1103859275
1301783719
1369047083
1408678135
1681373446
725788561
527609417
1052893398
1242952326
1004706852
809340499
1411374714
1546391439
992163069
1699171010
1018969506
1666381069
1586824809
1428926036
1453925953
1173460832
890663980
1088521306
1005267848
1570025307
1785751161
1141084751
966113447
538854596
1697513223
541147208
1768914837
1745625815
943547858
608131928
1564235634
940379038
1016776464
1778909772
1025163656
1716125718
902804251
1774623296
1498517206
1702293455
1456890255
1659676845
1027466086
1661159238
1706191840
792744222
1089840120
879028350
1724580124
1074255045
991701225
1748183276
1769024708
1591778694
1044248902
1704417744
999908446
1589866506
764627355
1534806015
1555359166
1220494802
1662220882
1738578045
746829167
1327495608
399567589
1020654048
1482305005
1595127846
1740131625
1682135590
1749650782
1683613142
1557585619
1748556142
1642899595
1736158791
1566009644
1655418689
1509487671
1619946755
1438084058
1461223708
1224248696
1654173784
1342459951
975590137
1780618323
1321234801
903895933
1223431341
642810905
1705637047
1221230762
1638640736
777117201
209711060
1636274548
938899022
862137402
1434003612
932325323
1400346483
1677271909
1248310157
268214462
1281468576
1709884411
234195565
1683006557
1620117846
1749820923
1008542696
607827762
1776922609
968249978
1717789953
1375049102
868563662
1779950883
1201564375
1033453258
1752360730
719386478
1774859943
1154999020
1208336262
1442430687
1585598936
921321507
1109493017
745663535
1346288586
1271488614
1277755466
749861424
1599520982
1780139252
1216741135
1055838688
1210393115
1710368770
1682268239
1032527384
1331509793
1633616935
1052737728
1788694093
1688344633
698764291
896855376
579618497
918376686
1711625405
1681649083
186396042
1698846793
1650240167
267762175
1597523280
795980106
1575911106
1520950523
212977539
525631107
1343787299
1139070619
1284668046
844831861
1415502095
1770319881
1758359879
1726809816
1705535536
1370265929
1284236765
636651899
572964498
1673601079
209709272
1761839911
1328835017
1727459395
1376226121
1084159378
1327007907
1486401098
1391021487
1506923875
1298914436
1534861191
1461050978
950339029
690217355
1506147137
1423519759
1526196771
1711672589
1417315207
1513952755
1742048939
1736639482
831954618
1500396507
1609359832
1588678984
1728844552
1646439660
1449309276
1109159259
1758267746
1319889701
912618002
1402055394
1643267050
1779587764
742985459
1747792432
1491974010
1392758754
1679757232
1778755842
1751147933
1323615220
1585628208
1101221511
921905587
1577232068
1530953100
1749807920
480039437
519756784
1768979208
1666948249
1116767651
1473621499
572283637
1728983029
1673302544
1484573316
1104782027
765468292
88368368
1767935144
1706032168
1778618440
804126242
1094028384
209720016
825599582
1505161737
1695698805
778588828
1471417968
788747202
1217543211
1777088461
992151019
1419019997
885499507
1135127684
1651033642
1337693578
1442495183
1735862634
1611186903
1547150514
1740332560
895111495
1638370920
1422344562
523317639
1522380983
1579274754
1713066238
1697567727
1216786528
1775139726
552628823
1442897896
1220332215
1530927674
1389065403
1112741302
603132601
1791228263
1461316074
1762016860
1721758913
1697305301
186402102
209744417
735561142
1462953437
1346368345
1695969753
281237136
631893855
1006581869
1200421342
829383127
1768661599
1797536441
1033504073
1747919010
520924650
957077236
1290182074
1539352934
1777524179
1765172649
1199240743
1702617016
1703487474
1471413020
1682845632
1618757870
1463559143
1747321606
215246838
1116302269
1734621171
1789337257
1072044825
609110324
1446378080
532934200
1253876514
555840302
1695852595
1708207932
247828102
1485244240
1494579028
1741208661
924403299
1786808789
551824636
1600078467
1084094276
622648692
1634309706
912615474
589359040
1575280593
1769569726
773392201
1099246883
1707845065
1794875179
1396753090
1691248014
1763311085
1688714632
1752986222
1665140971
1703220310
1775688936
1540952847
1765788698
1536726652
1074292207
1222461471
1713416142
1682855636
990708225
1338309968
1535888977
1725725954
1652906488
807568156
1705216851
1769030562
1524321539
1688228791
766967719
951857222
504045525
1677311904
1435855091
1643932534
1063707310
590543304
1371012365
667067919
1618539800
1249747874
1767897987
1363032309
1507056350
1770196574
915163311
1729988503
1647672829
815448389
1014389901
1761286206
1118604321
977559357
1294872989
1123760694
1238362690
1739015584
1769026296
1103898939
1425802815
889238356
1559084253
1779498930
1035509445
1702575787
1708137313
948607851
1539333613
1673246890
1470107446
1616401218
1101009065
1718759242
1732417830
1755714881
1778707377
1683593351
1440823965
846817035
912889165
788043561
584170616
1531845606
1442920863
1585956028
1468560097
1618692451
1775996807
1791513163
853404424
1297980661
1236636131
1732154605
1052290878
1037511248
1249316439
1474785616
1159094275
1234396976
787096622
1619746006
1693925527
806734271
1511961763
1643266401
1755263183
1372905237
1041603625
1745375374
1200327579
720893989
904416909
1228169478
965910929
1069937079
1453778379
1632814045
1572611358
1789092819
991295870
1684905974
1077633495
1712796331
1180921556
1739785591
1056971617
1754479081
706290240
1652956587
576366186
687383426
641926029
743267910
1469865026
1535198554
1788150301
1758392369
1770499372
866536374
1288565013
1485714105
1079900843
1682408422
856444091
901245802
1060060836
1557749821
230069312
1470078451
1761222975
1553746783
1493889008
1025671212
1774363103
1342440189
1243390118
1410085474
1219274359
1591414660
910264254
1567584266
710146149
1160349600
852450522
510480959
1491608945
1697621061
1552569353
832978280
773693522
583037348
1150501190
689993425
1740198649
1456454278
1771513197
1729727095
1025873733
950926816
1544995164
512763977
1479271742
961179666
1477575020
1114830303
1276636668
757552845
1721260998
1797682645
1587897744
1344179939
1655625882
1793201377
1446216349
1585097486
1291012581
1416526661
672273104
1671309744
1717583723
1768312934
809841543
807350237
552875179
1342760784
1388716188
1504195209
1404634627
1783316083
1305542020
1428151382
1501248363
513907961
1525154452
1772839065
1583452344
1356787417
1782877926
686672996
1770544421
1760106385
794108266
1062387161
871477165
1739979235
1355362444
1209479588
1721533306
1503983654
1714584626
1750638926
1752933437
1299667270
1681998361
756087118
1768776436
1513068533
267871316
222323487
1577880052
1677539251
1572020554
1506484182
1487812662
1457305438
1338621587
1223359081
1683325647
1456540033
884089858
806983010
1209468368
1230699829
1043034826
1051967408
1611191203
1590005735
1725428474
561563436
1492121201
1641709782
828942371
1761665631
1609523356
1006624987
1591403216
910466198
170493452
1582732210
1728669529
1764334524
975000246
1566025028
1141092911
1450538633
1418811347
846551688
1290924398
1033688260
1665443068
1389936735
1474298022
212973106
1006268404
1717656353
852485530
1126031585
951941440
928368959
818043400
1402718406
1641010948
1733201780
1697427275
551175638
1493464845
1503471923
1431820480
1786940549
1241647057
636474608
1148307035
1471898404
1105855651
1553509773
557156612
1705995899
1323570655
1695588565
1323088683
773572973
1119623911
1591995948
1587744164
1023668122
1467842886
887149669
1006954802
1742142012
1762855090
115304906
1457158368
1764191716
838140346
1554485810
1117595652
1756341871
1120323190
1747363217
1205278388
1066031199
1635304333
1224619345
785511488
932890911
1296659330
1728025252
1687998334
1431817490
1226245997
1003875022
1174330710
1119420881
1210736752
1658269218
1426735458
1024817340
1262566920
1261958730
1633247013
815319915
1299659270
1573410785
1449034422
510072210
1621045111
1562194787
991457107
1690838529
1642300893
1442521065
1561759031
1296553522
1442039510
1595376360
1090412745
399565125
824160835
1639577768
795958963
1221138234
819509872
1714959315
537425092
1544996924
1273927492
1777145466
749668484
1127344045
580575415
1703222582
1556434993
973162033
1466789808
205210958
752347033
1371169892
1577089377
1448796797
620846198
1399876591
1451110716
1626769191
610396607
1770746865
1788145963
1445996131
1013723013
265154464
1774491142
1391156997
1622769218
1041631184
926863602
1394488250
1110875137
1287944185
1508971831
1734693699
1664699123
1020332329
1073019156
1650820886
1154765816
1766613827
1682399972
1758802086
639349384
1597569286
1604548152
1313686155
1509471849
1652838265
1317877380
891002184
550812424
1548643040
706283222
1013811898
1724551639
705251060
1670166319
1296200675
1790351669
1792714469
1538193175
1257292079
103063147
1783428358
1639798579
1775690130
1516221330
1315923551
986434230
1750667344
1309036643
1526244517
1560950136
1732639854
1673211648
1576266915
868080688
1065586059
1461751970
1409047086
1729488787
1505694769
1558175913
1667022322
1636428277
1759582563
1544632989
1720186662
998822658
807158461
640071737
1746112624
1662077572
1677310983
589894171
1745253913
1100960165
1087106537
1535577452
1783152444
1165148709
213348722
969426224
814600273
1534767629
1307470393
1219369002
1739951002
508642389
1320667570
1497965160
1781253979
1548053057
1509851888
1684705786
728684749
1281256241
1735403325
1678112904
1110431057
1530314592
1728195566
1339584160
1331223651
1150250939
1544580287
1350168355
520727006
1126050297
1623911649
584292336
1495303992
1744984454
1448381354
478863414
1466692991
1769260103
1082829066
1466478313
1778807496
756772333
1789869033
1740764564
1591503096
1769154399
1756182646
1277645790
1749227251
1193798957
1639495367
1745429125
1173685812
1538430232
1082776080
1595062777
582414909
1520884579
975442890
1159580910
954995463
1681889642
1193904560
1777926894
1632053810
978840249
1627000816
1562031044
1524416043
1777729976
1597730125
708293798
632036186
1796996885
1775688016
1762895900
520506337
1774844899
290353043
1144090382
1645905676
1736398900
973946615
1002982431
1430800826
1634134450
1696406051
1366347668
1724977776
787258189
1737818274
1728208001
1231136879
1682252284
1743661879
1416848913
1707229127
1346448612
1519923065
1581453816
1464633117
264954452
1270252944
1700769778
1053139969
1396613574
1549661321
523193905
908431007
539988417
1606541336
1252497627
1228707590
1327157204
1337762923
1724551441
1171877501
1208122930
1714471428
1169676554
1742588940
1377471720
1721178088
114772068
1121973945
1569906525
1612018297
1796485109
1067731593
506306012
873549214
1658925911
1693022262
1632286756
1751198494
1779413159
1709923377
1021723372
1748582920
1787282689
1098014988
1272956687
1519896108
1654499978
646489507
1751457712
1405307696
1792585745
1786494329
1235857505
1446418237
724250987
834012407
1083357674
1326932483
1525236460
1415512296
1693223143
1097991579
243561416
1635282117
1041182305
1736915145
1224236189
622677670
1532540767
1797016781
1776160245
1161969639
1500867087
1357269589
1701137244
906973925
1535163404
1526244335
1689685218
1696400859
1018299006
1599724083
961884169
196808266
820706665
1492786863
1741941610
1792982903
1036333856
1787053809
1754525241
1707767983
1470112424
1755448624
1718157709
1696649876
1632851280
1718984638
1601367822
590084273
1580470093
560798642
776115396
1461707079
971275980
1668811902
1780104948
1751505533
1764540802
1783343794
1761201595
1548822488
1227376639
863910858
150327238
1125847943
903471229
1677130332
1777525321
1528642006
1700533525
1383836016
710390770
774325368
751651448
1038356255
871102299
1724153886
1500853705
1742020231
1381399813
1640639292
988517397
1403084320
1526060804
1763865196
1795960369
1672701286
1730566073
1506697918
1083985330
1388217003
963614923
555932640
1155251450
1727325736
1744777340
983621109
1720662559
1651458490
1316527253
1023120152
647222510
1300504655
1477343367
826746093
1768148839
1762721856
811329030
1735796605
1784472831
1652734182
1409916892
702486900
1633733885
1339499049
1601367534
1583326203
1320233516
1205115378
1595114430
1150977151
1771814509
1457094863
1642258808
1014852175
1764159914
1643513768
1320297646
1316406479
904272817
1431183044
898959658
1416139266
1339472667
1687032230
1700894623
1449218150
1548719604
1571492944
1027212876
1783501797
1130458715
1377075630
1676009670
894405564
1570106707
1768979908
845695777
459602332
710390152
833528413
1257786585
1589284946
1097987115
1097280103
986452322
1311176319
1565800048
1758666182
858923513
1526231522
1459616631
1629089473
1718654571
1779424620
1144878646
1409452560
1618052091
1635718115
1301612779
1589108289
1323978990
1238938553
1589760779
871982401
1498084183
1084057104
1730768986
1050298423
1526518865
714559674
1666150490
808990320
1349829987
885714336
1362715328
1776109018
1624899477
1745737766
740560561
209843973
260794570
1402888540
1602746919
1792774457
520118995
1166762997
1746149657
1410930173
1466606396
1790063993
1029631039
1459674389
175396357
1232984573
1513653352
1271164179
1718045749
1048323168
1749194644
926205114
1324880539
1459673911
1572127953
825756814
1756032963
916734084
704838645
1733607680
1251752546
1580067788
1716552691
1382360692
1450761451
912889715
1166428542
1280683269
169769040
1052295698
1597639119
1595788887
469772721
1367021877
1017368814
1418437316
1199530308
478487843
1461296728
1171637552
930452618
1779237120
1527009935
1186383341
1593090667
1699975795
1469793866
1726539835
694117602
1506695634
1770423895
1403715937
1032500023
1246835548
1681496228
1719281189
1707596569
1514480791
1210289734
1544383040
1150987905
1420960975
584690531
1397709964
1117956771
1459702797
1777521679
1400477271
1735700682
238535642
1291586472
1500598784
1072963899
1739705014
1243809195
1371800217
1307895935
628479411
1672951900
927326422
860880080
1447266362
961614992
1739468565
739267824
1672992361
1185834781
981331792
1342505407
1579534489
1643149620
1758306819
1559724335
1741030593
186399482
957083841
770200862
839198479
751665822
1766075906
652131156
1601282564
1745624057
1085391566
1274560052
1621517363
1111871338
1287712412
897984521
1343182307
1358153332
816754148
1027072969
1437003314
1778910348
1608205632
1793758935
1741024746
1038306243
1516524681
1451357749
483121383
498516040
999754480
787907311
1437439499
1730045912
792768229
1658877869
1615447517
1700761860
1728371069
1258106456
1760392079
757439399
1753668856
1755644829
1498230803
1060719269
1281879656
928099952
1680056410
1586540011
593268940
1598753540
1200181398
1695781920
1375019588
1108501365
1486677284
1215974923
626989278
801463778
712023704
1681911795
1675303262
1104024118
728421343
1427748161
1085788955
1044344977
1065683650
1762875014
1701225237
1257069907
1301902304
1024430960
1111897569
1158413539
1600265956
1399201550
867022514
1077753515
998632412
680210381
1514196172
1616826312
948609173
1658718918
621485396
1633390881
1516039329
1545071977
1568824875
1786250423
1716595962
1741688919
1700670580
1483900626
1462503862
1772822780
1284264949
772581462
1583141391
862797157
997781896
1698597894
1622244334
1389471921
773347420
68710995
1684369009
1283010577
1783956317
1597870760
1630667379
1782481100
1129412487
1706302927
1753124586
1791983161
1717160810
1531771038
1226244383
1184460398
819433749
1714635133
1056674251
1644764122
1407687496
1620957009
1215793238
684922288
1428332410
1786922313
250907398
1030721753
1528919416
1232429327
788908850
828942985
1768577927
1770252027
985054708
1702735488
756087514
964522060
1611185357
1540896495
1699427897
1502899440
598356493
452305296
757535683
619449668
174962602
1377631540
1433292448
1397168102
1793774215
1305739553
1315909852
1251010778
1780972359
1324961594
866947845
1784438999
682971808
1535579342
1681408467
942818653
1432283654
1680891493
1567058193
1507602126
1127964311
1771917347
1781224786
1664699589
471418508
1462174398
1693941674
903334625
1231079225
1721942262
1585933705
682238173
1656673456
1792148479
1327661593
1780894641
1770620326
1740739369
1559777579
1773027959
1620881587
1624781777
1777090325
1209686393
898962666
1216743611
591192901
1593922128
1585349526
1572860075
678570211
1671434152
1728296660
1072058109
1327677961
998823782
1779576836
1697084239
1717029944
1648647334
1535233466
1029636849
1648726655
1578548825
1302875199
1673770760
1433954564
1786754049
1777012523
179234592
197644000
1317261350
1697173502
1787090419
1557369426
506304676
1690139953
1523053646
1780339792
1494794158
1496187558
751141052
1775698560
1764931305
1407711974
506302358
537745069
1562583297
1694774716
968553611
1778852299
1259792341
1637156828
1554582815
928511080
1418440891
1779410838
1322773028
1765936010
829526531
1584484219
1676764809
833069609
1595837514
1305239297
1107957068
1252729630
1600365772
1546446694
519535968
1103906869
1428563191
1271150943
1746643426
1243809201
1783831502
1738865952
1506974778
1524257036
1093118042
1720419010
1106962494
1736237851
1255118601
1120202847
1786628319
1057528706
1463447269
1762551886
1480679099
1534613706
1648300233
1108053684
1586313556
1697048869
1670129623
1520261904
940152117
1475503717
1598399705
1687823334
1274675400
1775465097
1775470057
1676446262
1422307706
1444398806
1294139041
860448917
1277887003
1612178920
1129980862
1773785796
1598003169
1348650851
776596531
1723863436
1017938262
1616371871
292070341
1524076910
1171776131
1597817113
1684181646
1665550614
1216283706
806433673
222176281
1717502386
1712494456
1560051329
915801613
1583120479
1690170117
1071618095
1396837161
885261777
1743942125
1439917997
1787915051
1555347477
1469204092
767175420
1727930282
1527541077
1489744229
660584938
1118566562
1627134594
1256467002
1172337934
1562350006
1504846049
1619712916
511595944
1779865693
1313205919
1702133747
1557814772
1571495228
971597639
1650076891
1747589825
1354886557
775027339
1711992858
1705222233
1246431767
1684921246
1762985952
1726173855
816314892
1754827910
594567864
1283415237
715366529
1479106188
1711993108
1520826022
1734635353
1654472084
1548643222
1521680656
1059930432
1595355896
658586884
1651494623
1424734111
1281103831
1103619918
1556428557
1274782891
1764498652
1104578675
1634120944
1562952103
1517981053
1459451508
1364199222
1316398133
1538419500
1711992698
1781401995
1741352369
1309304713
1721185501
1795424903
1586838930
1352222505
1547148816
1457531862
1539364229
1699814114
1510968718
736859307
1670963516
1116303375
1560590316
1308097997
1519120678
1286479252
1783905258
1429387634
1592254553
1478208307
1724669145
1792155769
696824573
1514049809
1707445806
1246874665
858320543
774114474
861667118
728634529
1717096172
1507460709
1019356746
980773512
1553461906
1567670709
1370007443
1711807023
1341051351
1652414750
1671062053
1156939005
607255848
1747820563
1337635666
1160926193
1794818025
1695779045
1267716992
244569385
1746630365
1574265751
1634109532
1785073563
945158634
1622972026
1397263305
1694423223
862356356
1673359034
1782573957
1623393193
1692384246
1218675767
1528802076
1286006004
1460148937
1631779415
1685571554
1166383669
1633460987
1562954526
1434778911
1654981441
1720020806
1673478729
1279357912
738608693
932340635
1385480782
1699835579
1686763253
1436729350
259648226
1406965868
1213623439
999039107
1764575508
638698680
1667219631
1695453871
1196812934
1763737512
1747868722
1597162631
1516636987
615040472
1578763509
1746865098
1795946063
1771372358
1560610440
1246518318
1298757499
1721568641
1754821206
1777635252
792754938
1453660388
1523467648
816508813
1327010997
1770778914
1764017352
1621931585
978814552
1457916985
1013253958
1259373716
786786264
512272798
1124349265
1291470387
1443666105
1508693135
1140652627
1489688010
989418299
1097280895
1758756298
1516734538
688076883
1457750567
1077758295
286832903
1342608126
1745416286
1625359836
1595336582
971490380
229764762
1758519676
1578202628
885023322
1132647899
1723820668
1456946078
385689540
657190335
1057856696
1490663026
1755508401
1683804341
205226159
648890254
676722449
1009661740
1670832483
1040967405
1770788565
1054740080
790418383
1768134680
1497979708
796973915
1778742677
1697038715
1776382227
724251327
1011714267
1410502819
936808221
1623912887
1423272057
1048452055
1470487359
1422721166
1775395588
1795140959
229785039
1604132012
1085123353
641686280
1380208444
1565127767
1608629524
1759349741
1770947018
1776687334
1385797088
1436150102
924176347
1640190865
1721335127
1490078662
1720561594
1559092418
1341135023
820718754
265545693
1532719984
490569670
1673928650
1402033167
775792781
1243421070
1375015828
237164767
1730850531
846169747
644608030
1305882038
857106242
1287859709
1655273734
1442038888
1525377658
892306793
1075328731
1203207135
938777221
1745014705
1649519192
1739101071
1145179599
1512520361
1664740270
287711967
1074179334
892268373
995979045
1621967507
1099295755
1597866161
1129415703
1731177614
1547521937
1704973650
1586458357
1686723065
1100012907
957699838
805031598
1129629228
1665897968
1126236480
711145332
1762923516
1734607037
1721337961
1746375200
719196971
1622137913
1725298068
1661164143
1764737656
1472723909
1711698699
1623388985
1688082669
1003897386
1595269281
1499521622
809791054
1420002200
1080461412
1185023606
1623541489
1411122762
1175160133
787896246
1680426111
1538105796
1457859192
1520879617
1622592789
1611118274
1733795842
1742440337
1739399564
1608418256
1620928795
1326958487
1749632758
672183850
1779713829
1658503512
1746126106
1131988947
1347436435
1658835131
829024224
1561809064
1789406569
824698381
1473281050
1769225890
1622609069
1601724033
1376227964
1635751658
1700304293
1124750177
927328204
212387610
563698446
1556961697
1275473827
1279718003
580031820
1296324920
1281934712
561230886
1464389220
205048244
1751333190
1601608607
1680177129
1762993344
1764592420
1621904337
1755213759
1621134636
1387089290
839226618
1671390763
1107816657
1710848984
1612251572
1774190804
1243203348
1687201252
1506687174
1569523613
1327145328
599821785
1622753477
1622764647
1733155100
1629031996
1709839411
1146215275
1429398888
845764320
1589650079
1623454873
729892004
1330040573
1520461394
1766762350
1754936704
1721251462
1108078083
1692484728
1548570374
1589661027
1570814993
1622758403
1431619542
1643642950
1733300319
646701258
1302781787
912890955
1090835081
1729680721
1726167727
708410737
1318751489
1252145668
649823601
1082119255
252346596
606541742
95181349
158463496
1622724511
502360336
595604585
1254011314
1321932200
1545078156
1009119086
1136442604
1612680097
1740477905
1434890226
1726810702
1416841159
1393264501
1662660066
95026221
1506577984
1314459401
1636007194
1666289766
1757352244
767851908
1711986200
1588698039
1431551398
1004015679
253987963
1711248982
1675906125
1333661546
1067746921
1574888592
1622717005
237659634
1286457967
1295480964
1778588241
1765031785
1764162877
1160337417
1119115496
549157274
932334829
1213606387
1470550346
1779428492
1687738150
1461836035
1772967336
934661844
1510310006
1586471513
1150995661
237682578
1391634435
1798080449
1384016894
1781747598
1619367282
1050192648
508185936
1336946449
1450970217
543701576
1734854842
1705223987
1608478614
617935088
1693286616
1091062422
645083323
979762568
1784081189
1763255233
1755583008
572152788
1327095346
1318296880
1170462627
153053392
638768310
1306766307
1404909734
1727241251
786027234
1607761812
1797583345
1002976398
1099310159
1643282857
1276981250
1693431318
1793547055
573424063
1411213690
808857280
1245942300
1783475891
1415444455
1443595837
1649357514
1567062596
1560358456
1589860819
841197217
1298061587
950330543
1584098785
1608500722
1206585772
517555101
1194400732
1127682151
837215910
1155505596
1589350933
1778888014
1565890061
794619320
1023119902
1693387413
1403618371
274789664
789832623
1687425243
1654884492
1537920688
1768052718
872326676
895118949
1001849214
1527904833
1494803384
1149088197
1332500154
1719879966
1213435534
1676210443
1043977371
622651924
722477085
1753510037
932809320
1615514209
586522359
1768383102
1229433468
1567746016
1591130338
1384884723
736539445
1482754606
1678236614
901249922
597830880
1608638106
596223810
1335741728
1242110944
1622866697
1604170774
1546907471
1678670087
1485155816
1188128262
1691063764
1390498274
1203589874
1777071933
1776904571
1767053056
1793785989
638830467
816882880
1470517700
1530513322
1740372931
1488544733
1245935577
1452346708
1519047047
1557870026
1652603129
1331066976
1565268089
993681649
1300429819
1454655391
1656339492
1459548914
1215549850
1747738499
50166091
1582091136
1606931605
1529561072
1681044696
1708144950
1757344190
1680697257
1445771635
1694595411
1791603429
1656877988
179552577
1608641674
848642660
1537132956
1637862077
1716416061
975669919
1500187675
1313013967
746681959
887287047
1735075525
1701691273
1682383333
544713580
1758757164
1118627778
1632353151
1522828869
1451001771
1604323892
1695534309
636184354
1713845234
1100706393
1077054105
1514943962
1604523706
1706897411
1023153493
1363801029
725677767
1197213245
1348034873
1473012087
1436299865
1793943441
1707228844
1791302943
1552122894
1021074534
1655574251
1236868946
960408065
1506618812
1620838929
1754996732
1775579230
1252309435
1656237633
1547137330
1608352514
859394677
1524394585
1758646389
951290306
1410207692
1641769697
1521294557
1489516887
154986026
1524286696
1043025095
1349809856
1647845655
1332238056
1259683401
1607734190
1702278756
837689628
1661037139
1455549518
1620701560
1755763409
1454475748
1465017139
1639384010
1703682175
1455123077
1163393826
1591522684
1695990222
1759593863
1347111891
620530147
818978459
1321236536
1458351916
130944293
1426216322
1057930989
1523101826
1766863479
1566536038
1617894197
1545384059
947398992
1216231260
1216931620
1354947242
1609372260
490452842
1250654100
1757555218
1704027189
1755644876
1567263787
1398960634
1741150922
1701301026
895125063
619255058
1428279848
1609571150
1750248190
1643429647
1786594389
1471422395
165554636
1345898846
1547221526
1795507261
1607881010
1640141746
1191150539
1381514145
1501153354
881185844
802745168
1236579646
1582201667
1219238179
1334058371
1078817818
663455116
1784196479
1464411284
613215830
1664727826
1120635855
1444839552
1758748676
944537882
1717219113
907214391
1579018490
782769196
1505334702
1783904454
801515789
805068716
725730383
1175034392
1700962124
1123232134
1311862879
1722122297
1312510493
1057217083
1756731707
1580192351
562462799
1027777283
1340392885
1145068210
1782025228
1334292795
1764759685
1616979797
740311500
1043498592
1558257567
994839666
514906832
1664731654
1669444813
1167403356
955131250
1553064675
775081902
1771292580
821719498
1286479510
1772438322
672241055
923195652
1336423988
1462604959
1193905501
1774591874
1459881641
1389874245
1132678931
1292917733
1495547939
1087290399
1731041227
1488252658
1420684481
1299347165
1312728719
1717519549
1500132136
1634921999
1484322342
1499491980
816557069
1763864428
1778056227
1707939680
831234046
1774156849
1727203472
1482202459
1752011318
1711206700
1427695807
819924605
569172253
1777659285
1706512805
1728510069
1534663625
1743198938
1356387009
1622833615
776315225
1749605293
1161586231
1584693681
895573713
1066818185
1764132644
1482305831
1505880986
1332502864
755522968
1056364720
1611801051
1327422635
1070096130
1150148090
712464756
1699761718
761073574
1440405841
1556315064
1042504734
792498408
920948303
1763348251
767112192
1654904368
1442690118
881637642
933208378
1473125621
1672366724
795419796
1087098064
1242681437
1540230051
858619958
1725145272
1459035506
1647672959
1763566431
970607557
1416894958
1758184397
1659202378
951952637
1619219780
897182868
600207570
811803837
1712669110
767329886
1738059736
1458909150
1534911689
805030260
719650855
1205287010
1682188562
757675650
1714631865
1692239213
1727150929
1158908223
895570881
1738808328
563647602
710840796
1478141444
1159359725
767427630
783497818
1733711998
224885464
1294857459
1671150191
1571441328
1003244917
1787321069
1314997793
1304476521
1497414998
1353139353
1154418087
1283839321
1128220495
1462012037
895567515
1317946438
1487760486
759174506
1772296312
1035539761
1543167889
1608393758
1548278639
1713679409
1415061352
1579017510
1680893715
1330454785
1501858398
952426931
1653226554
1757807715
786756828
1760445475
1032864899
775950729
867570684
1651436850
1157822760
1751203992
779773545
1718281203
1609251218
1219249433
743223842
1718610029
1781649147
1538688338
912901761
875744990
1664731344
637443574
1632428860
1182777901
1509675812
1680848486
1559829051
1515950867
1579017314
1767544874
1677824304
1415224484
1425926866
1389460095
1764962350
1621192450
787626752
846790033
1732175790
1766546798
1419916696
1531313147
1661642142
775138563
1413744200
1500611582
1112902626
1605677589
1751334046
978287202
1162037181
1644101874
714428330
1106011883
1658076746
1499303385
1675552646
1328140702
884605269
1417414717
1125619037
210098894
1780817420
1671545702
1690796886
1712486977
1318124945
1447406788
1746473789
1727239113
1260493327
1408827238
1558424071
1094354854
1090692324
612737031
1725382968
954257850
1596436268
1601301690
1653854337
533566015
1767085794
773955866
1561241927
1150778698
1313811896
818675437
1238058976
1078013246
1542651745
966729010
1514390282
1707044014
988662492
266364237
695791403
1797612921
1606531568
941410062
1085913401
1380494231
1560958621
1158149556
1113885253
859062016
1553545419
1503031400
777936373
1428662227
1036031367
1573288166
476035969
1049774120
1343105507
1787021929
1382965575
1513442828
1403082032
1109664398
1707502510
1676545174
1391067037
1506706704
842335406
1709575306
1723946954
1355959636
1702147333
991598033
1584746020
1198916850
766864718
498874096
736540047
1289241874
1289838843
1344700549
853881185
1245376040
1689001761
1706297260
1575601597
1601301088
1456464282
855668988
1402074801
1293477707
1239627442
867658174
856906575
1746372007
863098796
1118101172
1427780999
1524268412
792665395
922529276
1760026103
1692299309
258620077
1406961950
1760385231
1126677217
1501836979
1775821594
1741125885
1609701700
1773736960
1707841446
1609743802
281739406
1675452168
941891856
1795151179
1737711895
1774206949
598814199
1698571453
1707220028
1189040700
1752024689
1456241993
995560269
1231432934
1736056291
1670670536
1740775063
1648865308
1670840728
1646430851
1275947423
1737830878
1760756143
205222615
1428745093
1105059527
1557481198
1604351384
788146985
1683870490
1567865154
1625839068
1080420777
661929753
1183479256
878500125
1703706036
1728206777
1765477051
1270568468
1710246818
509523289
1153882090
1295215779
1626789565
1719625272
1484265627
1462671802
1409675932
1425183453
1682594756
1707575497
997855860
522603101
870991708
1389432987
1180218079
1109498135
758901749
1091578745
923866471
1337885934
1777941876
1275796453
789782712
259610634
1496451943
1236134223
1684055613
1538409210
1489603379
1755378564
1715349064
1680588564
1601300538
1696522256
1209091291
1708849277
1785261023
1066172565
1426222309
1238808509
949663067
1282097067
1478843086
1469928738
1761248465
1579694254
888178685
1674534676
1718675000
1556732015
1670711906
1623229918
1368366940
1057248848
1465851188
244425287
1713383169
1469876912
1296294970
1316497823
1567873267
1567807374
1775206644
1665419697
1208630171
1440070271
1288616384
1598841238
1643051165
1354474753
986816610
1691023854
1389470137
1766269434
1293940686
634832112
1793010847
1513272435
1151016513
1789185797
1349857543
1626361903
1101798763
1783664985
1522942777
1439731695
1651264456
1739984683
1496377618
1658170788
1650276357
903432335
1762357983
1782735429
1281305887
1743356224
967591440
995808544
1398170171
1724134392
1607290508
1601299678
1290781012
1084905883
732375433
1778969812
1781661882
1700774652
1679372848
857282001
1132354001
1621006252
1418052537
1719388355
1323146267
1622667841
1331268641
1650715167
1044297874
1798015617